"100000001","BOBB00009","1.0000","1.0000","1.0000","0.0000","0.0000"
"100000001","BOVE00452","1.0000","1.0000","1.0000","0.0000","0.0000"
"100000002","BOBB00017","1.0000","0.0000","0.0000","1.0000","0.0000"
"100000003","BOVE00483","1.0000","0.0000","0.0000","1.0000","0.0000"
"100000004","BOVE00445","1.0000","1.0000","1.0000","0.0000","0.0000"
"100000005","BOVE00479","2.0000","2.0000","2.0000","0.0000","0.0000"
"100000006","BOVE00559","2.0000","0.0000","0.0000","2.0000","0.0000"
"100000007","BOVE00559","2.0000","2.0000","2.0000","0.0000","0.0000"
"100000008","BOVE00148","1.0000","1.0000","1.0000","0.0000","0.0000"
"100000009","BOBB00023","2.0000","2.0000","2.0000","0.0000","0.0000"
"100000010","BOVA01527","1.0000","0.0000","0.0000","1.0000","0.0000"
"100000011","BOVA01527","1.0000","0.0000","0.0000","1.0000","0.0000"
"100000012","BOVA01527","1.0000","0.0000","0.0000","1.0000","0.0000"
"100000013","BOVA01527","1.0000","0.0000","0.0000","1.0000","0.0000"
"100000014","BOVA01527","1.0000","0.0000","0.0000","1.0000","0.0000"
"100000015","BOVA01527","1.0000","0.0000","0.0000","1.0000","0.0000"
"100000016","BOVA01527","1.0000","0.0000","0.0000","1.0000","0.0000"
"100000017","BOVE00568","1.0000","1.0000","1.0000","0.0000","0.0000"
"100000017","BOVE00571","1.0000","1.0000","1.0000","0.0000","0.0000"
"100000018","BOAL01476","2.0000","2.0000","2.0000","0.0000","0.0000"
"100000018","ME00157","1.0000","1.0000","1.0000","0.0000","0.0000"
"100000018","ME00480","1.0000","1.0000","1.0000","0.0000","0.0000"
"100000019","BOVE00255","4.0000","4.0000","4.0000","0.0000","0.0000"
"100000020","BOVE00113","1.0000","1.0000","1.0000","0.0000","0.0000"
"100000021","BOVE00113","3.0000","0.0000","0.0000","3.0000","0.0000"
"100000021","BOVE00378","1.0000","0.0000","0.0000","1.0000","0.0000"
"100000021","BOUU00064","1.0000","0.0000","0.0000","1.0000","0.0000"
"100000021","BOUU00078","1.0000","0.0000","0.0000","1.0000","0.0000"
"100000022","BOVA01527","1.0000","0.0000","0.0000","1.0000","0.0000"
"100000023","BOVA01527","1.0000","0.0000","0.0000","1.0000","0.0000"
"100000024","BOVA01527","1.0000","0.0000","0.0000","1.0000","0.0000"
"100000025","BOVA01527","1.0000","0.0000","0.0000","1.0000","0.0000"
"100000026","BOVE00113","3.0000","0.0000","0.0000","3.0000","0.0000"
"100000026","BOVE00378","1.0000","0.0000","0.0000","1.0000","0.0000"
"100000026","BOUU00064","1.0000","0.0000","0.0000","1.0000","0.0000"
"100000026","BOUU00078","1.0000","0.0000","0.0000","1.0000","0.0000"
"100000027","BOVE00113","3.0000","3.0000","3.0000","0.0000","0.0000"
"100000027","BOVE00378","1.0000","1.0000","1.0000","0.0000","0.0000"
"100000027","BOUU00064","1.0000","1.0000","1.0000","0.0000","0.0000"
"100000027","BOUU00078","1.0000","1.0000","1.0000","0.0000","0.0000"
"100000028","BOCI00867","1.0000","0.0000","0.0000","1.0000","0.0000"
"100000029","BOVE00445","1.0000","1.0000","1.0000","0.0000","0.0000"
"100000030","BOVE00350","1.0000","1.0000","1.0000","0.0000","0.0000"
"100000030","BOVE00351","1.0000","1.0000","1.0000","0.0000","0.0000"
"100000031","BOVE00021","1.0000","1.0000","1.0000","0.0000","0.0000"
"100000031","BOVE00364","1.0000","1.0000","1.0000","0.0000","0.0000"
"100000032","ME00139","1.0000","1.0000","1.0000","0.0000","0.0000"
"100000032","ME00141","1.0000","1.0000","1.0000","0.0000","0.0000"
"100000032","ME00140","1.0000","1.0000","1.0000","0.0000","0.0000"
"100000033","BOVE00335","1.0000","1.0000","1.0000","0.0000","0.0000"
"100000034","BOVE00203","1.0000","1.0000","1.0000","0.0000","0.0000"
"100000035","BOVE00169","3.0000","3.0000","3.0000","0.0000","0.0000"
"100000035","BOVE00168","1.0000","1.0000","1.0000","0.0000","0.0000"
"100000036","BOAL01503","1.0000","1.0000","1.0000","0.0000","0.0000"
"100000036","BOAL00662","2.0000","2.0000","2.0000","0.0000","0.0000"
"100000036","BOAL00660","2.0000","2.0000","2.0000","0.0000","0.0000"
"100000037","BOBB00017","1.0000","0.0000","0.0000","1.0000","0.0000"
"100000038","BOVE00267","1.0000","1.0000","1.0000","0.0000","0.0000"
"100000039","BOVE00113","1.0000","1.0000","1.0000","0.0000","0.0000"
"100000040","BOAL01401-BOAL00208-BOAL00264-BOAL00222-BOAL00241-BOAL00190-BOAL00248-BOAL00231-BOAL00229","1.0000","1.0000","1.0000","0.0000","1.0000"
"100000040","BOAL00208","2.0000","1.0000","1.0000","0.0000","2.0000"
"100000040","BOAL00264","2.0000","1.0000","1.0000","0.0000","2.0000"
"100000040","BOAL00222","2.0000","1.0000","1.0000","0.0000","2.0000"
"100000040","BOAL00241","2.0000","1.0000","1.0000","0.0000","2.0000"
"100000040","BOAL00190","2.0000","1.0000","1.0000","0.0000","2.0000"
"100000040","BOAL00248","2.0000","1.0000","1.0000","0.0000","2.0000"
"100000040","BOAL00231","2.0000","1.0000","1.0000","0.0000","2.0000"
"100000040","BOAL00229","2.0000","1.0000","1.0000","0.0000","2.0000"
"100000041","BOVE00113","3.0000","0.0000","0.0000","3.0000","0.0000"
"100000042","BOVE00113","3.0000","3.0000","3.0000","0.0000","0.0000"
"100000043","BOAL01503","3.0000","0.0000","0.0000","3.0000","0.0000"
"100000043","BOVE00556","1.0000","0.0000","0.0000","1.0000","0.0000"
"100000044","BOVE00470","2.0000","2.0000","2.0000","0.0000","0.0000"
"100000044","BOVE00288","2.0000","2.0000","2.0000","0.0000","0.0000"
"100000044","BOVE00290","2.0000","2.0000","2.0000","0.0000","0.0000"
"100000044","BOBB00028","1.0000","1.0000","1.0000","0.0000","0.0000"
"100000044","BOVE00685","1.0000","1.0000","1.0000","0.0000","0.0000"
"100000045","BOVE00260","1.0000","1.0000","1.0000","0.0000","0.0000"
"100000046","BOVE00287","1.0000","0.0000","0.0000","1.0000","0.0000"
"100000047","BOVE00445","1.0000","0.0000","0.0000","1.0000","0.0000"
"100000048","BOVE00791","1.0000","1.0000","1.0000","0.0000","0.0000"
"100000048","BOVE00792","1.0000","1.0000","1.0000","0.0000","0.0000"
"100000048","BOVE00793","1.0000","1.0000","1.0000","0.0000","0.0000"
"100000048","BOVE00306","1.0000","1.0000","1.0000","0.0000","0.0000"
"100000049","BOBB00185","1.0000","1.0000","1.0000","0.0000","0.0000"
"100000049","BOBB00205","1.0000","1.0000","1.0000","0.0000","0.0000"
"100000049","BOBB00209","1.0000","1.0000","1.0000","0.0000","0.0000"
"100000050","BOVE00255","1.0000","1.0000","1.0000","0.0000","0.0000"
"100000051","BOVE00160","1.0000","1.0000","1.0000","0.0000","0.0000"
"100000052","BOVE00721","15.0000","15.0000","15.0000","0.0000","0.0000"
"100000053","BOVE00513","1.0000","1.0000","1.0000","0.0000","0.0000"
"100000054","BOVA00752","6.0000","6.0000","6.0000","0.0000","0.0000"
"100000055","BOAL01193-BOAL00350-BOAL00355-BOAL00356","1.0000","1.0000","1.0000","0.0000","0.0000"
"100000055","BOAL00350","1.0000","1.0000","1.0000","0.0000","0.0000"
"100000055","BOAL00355","1.0000","1.0000","1.0000","0.0000","0.0000"
"100000055","BOAL00356","1.0000","1.0000","1.0000","0.0000","0.0000"
"100000055","BOAL00355","1.0000","1.0000","1.0000","0.0000","0.0000"
"100000056","BOVE00097","1.0000","1.0000","1.0000","0.0000","0.0000"
"100000056","BOVE00656","1.0000","1.0000","1.0000","0.0000","0.0000"
"100000056","BOCI00395","1.0000","1.0000","1.0000","0.0000","0.0000"
"100000056","BOCI00292","1.0000","1.0000","1.0000","0.0000","0.0000"
"100000056","BOCI00496","1.0000","1.0000","1.0000","0.0000","0.0000"
"100000056","BOCI00488","1.0000","1.0000","1.0000","0.0000","0.0000"
"100000057","BOVE00205","1.0000","1.0000","1.0000","0.0000","0.0000"
"100000057","BOCI00456","1.0000","1.0000","1.0000","0.0000","0.0000"
"100000058","BOAL00399","2.0000","2.0000","2.0000","0.0000","0.0000"
"100000058","BOAL00402","2.0000","2.0000","2.0000","0.0000","0.0000"
"100000059","BOVE00391","2.0000","2.0000","2.0000","0.0000","0.0000"
"100000060","BOVE00124","2.0000","0.0000","0.0000","2.0000","0.0000"
"100000061","BOVE00124","2.0000","2.0000","2.0000","0.0000","0.0000"
"100000062","BOAL00696","2.0000","2.0000","2.0000","0.0000","0.0000"
"100000063","BOBB00038","1.0000","1.0000","1.0000","0.0000","0.0000"
"100000064","BOVE00121","1.0000","1.0000","1.0000","0.0000","0.0000"
"100000065","BOVE00558","1.0000","1.0000","1.0000","0.0000","0.0000"
"100000065","BOVE00569","2.0000","2.0000","2.0000","0.0000","0.0000"
"100000066","BOVE00170","2.0000","2.0000","2.0000","0.0000","0.0000"
"100000067","BOVE00225","1.0000","1.0000","1.0000","0.0000","0.0000"
"100000067","BOVE00509","2.0000","2.0000","2.0000","0.0000","0.0000"
"100000067","BOVE00510","1.0000","1.0000","1.0000","0.0000","0.0000"
"100000068","BOVE00287","1.0000","1.0000","1.0000","0.0000","0.0000"
"100000069","BOAL00914","1.0000","1.0000","1.0000","0.0000","0.0000"
"100000070","BOUU00036","1.0000","0.0000","0.0000","1.0000","0.0000"
"100000071","BOUU00036","1.0000","0.0000","0.0000","1.0000","0.0000"
"100000072","BOUU00036","1.0000","0.0000","0.0000","1.0000","0.0000"
"100000073","BOUU00036","1.0000","0.0000","0.0000","1.0000","0.0000"
"100000074","BOUU00036","1.0000","0.0000","0.0000","1.0000","0.0000"
"100000075","BOUU00036","1.0000","0.0000","0.0000","1.0000","0.0000"
"100000076","BOCI00647","5.0000","5.0000","5.0000","0.0000","0.0000"
"100000077","BOAL01183-BOAL00327-BOAL00328-BOAL00329-BOAL00330","1.0000","1.0000","1.0000","0.0000","0.0000"
"100000077","BOAL00327","2.0000","1.0000","1.0000","0.0000","0.0000"
"100000077","BOAL00328","2.0000","1.0000","1.0000","0.0000","0.0000"
"100000077","BOAL00329","2.0000","1.0000","1.0000","0.0000","0.0000"
"100000077","BOAL00330","2.0000","1.0000","1.0000","0.0000","0.0000"
"100000078","ME00149","1.0000","0.0000","0.0000","1.0000","0.0000"
"100000078","ME00146","1.0000","0.0000","0.0000","1.0000","0.0000"
"100000079","BOVE00018","1.0000","1.0000","1.0000","0.0000","0.0000"
"100000079","BOVE00255","1.0000","1.0000","1.0000","0.0000","0.0000"
"100000080","BOVE00793","2.0000","2.0000","2.0000","0.0000","0.0000"
"100000080","BOVE00556","1.0000","1.0000","1.0000","0.0000","0.0000"
"100000081","BOVE00060","1.0000","1.0000","1.0000","0.0000","0.0000"
"100000082","BOBB00058","1.0000","0.0000","0.0000","1.0000","0.0000"
"100000082","BOBB00059","1.0000","0.0000","0.0000","1.0000","0.0000"
"100000082","BOBB00053","1.0000","0.0000","0.0000","1.0000","0.0000"
"100000083","BOAL00748","1.0000","0.0000","0.0000","1.0000","0.0000"
"100000084","BOAL01182-BOAL00327-BOAL00328-BOAL00329-BOAL00330","2.0000","0.0000","0.0000","2.0000","0.0000"
"100000084","BOAL00327","2.0000","0.0000","0.0000","0.0000","0.0000"
"100000084","BOAL00328","2.0000","0.0000","0.0000","0.0000","0.0000"
"100000084","BOAL00329","2.0000","0.0000","0.0000","0.0000","0.0000"
"100000084","BOAL00330","2.0000","0.0000","0.0000","0.0000","0.0000"
"100000085","BOAL01182-BOAL00327-BOAL00328-BOAL00329-BOAL00330","2.0000","0.0000","0.0000","2.0000","0.0000"
"100000085","BOAL00327","2.0000","0.0000","0.0000","0.0000","0.0000"
"100000085","BOAL00328","2.0000","0.0000","0.0000","0.0000","0.0000"
"100000085","BOAL00329","2.0000","0.0000","0.0000","0.0000","0.0000"
"100000085","BOAL00330","2.0000","0.0000","0.0000","0.0000","0.0000"
"100000086","BOAL01182-BOAL00327-BOAL00328-BOAL00329-BOAL00330","2.0000","2.0000","2.0000","0.0000","0.0000"
"100000086","BOAL00327","2.0000","1.0000","1.0000","0.0000","0.0000"
"100000086","BOAL00328","2.0000","1.0000","1.0000","0.0000","0.0000"
"100000086","BOAL00329","2.0000","1.0000","1.0000","0.0000","0.0000"
"100000086","BOAL00330","2.0000","1.0000","1.0000","0.0000","0.0000"
"100000087","BOBB00040","1.0000","1.0000","1.0000","0.0000","0.0000"
"100000088","BOVE00374","2.0000","2.0000","2.0000","0.0000","0.0000"
"100000089","BOVE00170","1.0000","0.0000","0.0000","1.0000","0.0000"
"100000090","BOVE00476","2.0000","2.0000","2.0000","0.0000","0.0000"
"100000091","BOVA00364","2.0000","2.0000","2.0000","0.0000","0.0000"
"100000092","BOAL00194","1.0000","1.0000","1.0000","0.0000","0.0000"
"100000092","BOAL00251","1.0000","1.0000","1.0000","0.0000","0.0000"
"100000092","BOAL00247","1.0000","1.0000","1.0000","0.0000","0.0000"
"100000092","BOAL00189","1.0000","1.0000","1.0000","0.0000","0.0000"
"100000093","BOVE00485","1.0000","1.0000","1.0000","0.0000","0.0000"
"100000094","BOVE00442","2.0000","0.0000","0.0000","2.0000","0.0000"
"100000095","BOVE00442","2.0000","0.0000","0.0000","2.0000","0.0000"
"100000096","BOVE00442","2.0000","0.0000","0.0000","2.0000","0.0000"
"100000097","BOVE00442","2.0000","2.0000","2.0000","0.0000","0.0000"
"100000098","BOAL01182-BOAL00327-BOAL00328-BOAL00329-BOAL00330","1.0000","1.0000","1.0000","0.0000","0.0000"
"100000098","BOAL00327","1.0000","1.0000","1.0000","0.0000","0.0000"
"100000098","BOAL00328","1.0000","1.0000","1.0000","0.0000","0.0000"
"100000098","BOAL00329","1.0000","1.0000","1.0000","0.0000","0.0000"
"100000098","BOAL00330","1.0000","1.0000","1.0000","0.0000","0.0000"
"100000098","BOAL00329","1.0000","1.0000","1.0000","0.0000","0.0000"
"100000098","BOAL00706","1.0000","1.0000","1.0000","0.0000","0.0000"
"100000099","BOAL00329","3.0000","3.0000","3.0000","0.0000","0.0000"
"100000100","BOVE00469","2.0000","2.0000","2.0000","0.0000","0.0000"
"100000101","BOVA00423","8.0000","8.0000","8.0000","0.0000","0.0000"
"100000102","BOVE00268","1.0000","1.0000","1.0000","0.0000","0.0000"
"100000102","BOAL00923","2.0000","2.0000","2.0000","0.0000","0.0000"
"100000102","BOVE00276","1.0000","1.0000","1.0000","0.0000","0.0000"
"100000102","ME00215","1.0000","1.0000","1.0000","0.0000","0.0000"
"100000103","BOAL01223-BOAL00388-BOAL00393-BOAL00394-BOAL00396-BOAL00390-BOAL00392-BOAL00389-BOAL00391","1.0000","1.0000","1.0000","0.0000","0.0000"
"100000103","BOAL00388","2.0000","1.0000","1.0000","0.0000","0.0000"
"100000103","BOAL00393","2.0000","1.0000","1.0000","0.0000","0.0000"
"100000103","BOAL00394","2.0000","1.0000","1.0000","0.0000","0.0000"
"100000103","BOAL00396","2.0000","1.0000","1.0000","0.0000","0.0000"
"100000103","BOAL00390","2.0000","1.0000","1.0000","0.0000","0.0000"
"100000103","BOAL00392","2.0000","1.0000","1.0000","0.0000","0.0000"
"100000103","BOAL00389","2.0000","1.0000","1.0000","0.0000","0.0000"
"100000103","BOAL00391","2.0000","1.0000","1.0000","0.0000","0.0000"
"100000103","BOVE00141","2.0000","2.0000","2.0000","0.0000","0.0000"
"100000103","BOVE00782","2.0000","2.0000","2.0000","0.0000","0.0000"
"100000104","BOAL00190","3.0000","3.0000","3.0000","0.0000","0.0000"
"100000104","BOAL00229","3.0000","3.0000","3.0000","0.0000","0.0000"
"100000105","BOVE00632","1.0000","1.0000","1.0000","0.0000","0.0000"
"100000106","BOCI00749","15.0000","15.0000","15.0000","0.0000","0.0000"
"300000001","BOVE00121","5.0000","5.0000","5.0000","0.0000","0.0000"
"100000107","BOAL01523-BOAL01508-BOAL01509-BOAL01507-BOAL01510","1.0000","1.0000","1.0000","0.0000","0.0000"
"100000107","BOAL01508","1.0000","1.0000","1.0000","0.0000","0.0000"
"100000107","BOAL01509","1.0000","1.0000","1.0000","0.0000","0.0000"
"100000107","BOAL01507","1.0000","1.0000","1.0000","0.0000","0.0000"
"100000107","BOAL01510","1.0000","1.0000","1.0000","0.0000","0.0000"
"100000108","BOVE00658","1.0000","1.0000","1.0000","0.0000","0.0000"
"100000109","BOVE00100","1.0000","1.0000","1.0000","0.0000","0.0000"
"100000109","BOVE00391","3.0000","3.0000","3.0000","0.0000","0.0000"
"100000109","BOCI00330","1.0000","1.0000","1.0000","0.0000","0.0000"
"100000109","BOCI00352","1.0000","1.0000","1.0000","0.0000","0.0000"
"100000109","BOVE00482","1.0000","1.0000","1.0000","0.0000","0.0000"
"100000110","BOAL01391-BOAL00208-BOAL00264-BOAL00222-BOAL00241","1.0000","1.0000","1.0000","0.0000","0.0000"
"100000110","BOAL00208","2.0000","1.0000","1.0000","0.0000","0.0000"
"100000110","BOAL00264","2.0000","1.0000","1.0000","0.0000","0.0000"
"100000110","BOAL00222","2.0000","1.0000","1.0000","0.0000","0.0000"
"100000110","BOAL00241","2.0000","1.0000","1.0000","0.0000","0.0000"
"100000110","BOVE00502","1.0000","1.0000","1.0000","0.0000","0.0000"
"100000110","BOVE00324","1.0000","1.0000","1.0000","0.0000","0.0000"
"100000111","ME00452","2.0000","2.0000","2.0000","0.0000","0.0000"
"100000112","BOCI00860","1.0000","1.0000","1.0000","0.0000","0.0000"
"100000112","BOCI00812","1.0000","1.0000","1.0000","0.0000","0.0000"
"100000112","BOCI00411","1.0000","1.0000","1.0000","0.0000","0.0000"
"100000113","BOVE00559","2.0000","2.0000","2.0000","0.0000","0.0000"
"100000114","BOVE00452","1.0000","1.0000","1.0000","0.0000","0.0000"
"100000114","BOVE00345","1.0000","1.0000","1.0000","0.0000","0.0000"
"100000115","BOAL00747","1.0000","1.0000","1.0000","0.0000","0.0000"
"100000116","BOVA01261","1.0000","1.0000","1.0000","0.0000","0.0000"
"100000116","BOVA01341","1.0000","1.0000","1.0000","0.0000","0.0000"
"100000116","BA00009","1.0000","1.0000","1.0000","0.0000","0.0000"
"100000116","BOCI00705","1.0000","1.0000","1.0000","0.0000","0.0000"
"100000117","BOAL00895","2.0000","2.0000","2.0000","0.0000","0.0000"
"100000117","BOAL00893","1.0000","1.0000","1.0000","0.0000","0.0000"
"100000117","BOAL00894","1.0000","1.0000","1.0000","0.0000","0.0000"
"100000117","BOAL00892","1.0000","1.0000","1.0000","0.0000","0.0000"
"100000118","BOVE00114","1.0000","1.0000","1.0000","0.0000","0.0000"
"100000119","BOVE00255","2.0000","2.0000","2.0000","0.0000","0.0000"
"100000123","BOVE00485","4.0000","4.0000","4.0000","0.0000","0.0000"
"100000124","BOAL01426-BOAL00205-BOAL00259-BOAL00218-BOAL00237","1.0000","1.0000","1.0000","0.0000","0.0000"
"100000124","BOAL00205","1.0000","1.0000","1.0000","0.0000","0.0000"
"100000124","BOAL00259","1.0000","1.0000","1.0000","0.0000","0.0000"
"100000124","BOAL00218","1.0000","1.0000","1.0000","0.0000","0.0000"
"100000124","BOAL00237","1.0000","1.0000","1.0000","0.0000","0.0000"
"100000127","BOVA01365","1.0000","0.0000","0.0000","1.0000","0.0000"
"100000127","BOVA01366","1.0000","0.0000","0.0000","1.0000","0.0000"
"100000127","BOVA01368","1.0000","0.0000","0.0000","1.0000","0.0000"
"100000127","BOVA00912","1.0000","0.0000","0.0000","1.0000","0.0000"
"100000127","BOVA01345","1.0000","0.0000","0.0000","1.0000","0.0000"
"100000127","BOVA00882","1.0000","0.0000","0.0000","1.0000","0.0000"
"100000127","BOVA00573","1.0000","0.0000","0.0000","1.0000","0.0000"
"100000127","BOVA00914","1.0000","0.0000","0.0000","1.0000","0.0000"
"100000127","BOVA00571","1.0000","0.0000","0.0000","1.0000","0.0000"
"100000127","BOVA00642","1.0000","0.0000","0.0000","1.0000","0.0000"
"100000127","BOAL00798","1.0000","0.0000","0.0000","1.0000","0.0000"
"100000127","BOBB00122","1.0000","0.0000","0.0000","1.0000","0.0000"
"100000127","BOVA01328","1.0000","0.0000","0.0000","1.0000","0.0000"
"100000127","BOVA01329","1.0000","0.0000","0.0000","1.0000","0.0000"
"100000127","BOVA01330","1.0000","0.0000","0.0000","1.0000","0.0000"
"100000127","BOVA01197","1.0000","0.0000","0.0000","1.0000","0.0000"
"100000127","BOVA01323","1.0000","0.0000","0.0000","1.0000","0.0000"
"100000127","BOVA01322","1.0000","0.0000","0.0000","1.0000","0.0000"
"100000127","BOVA01154","1.0000","0.0000","0.0000","1.0000","0.0000"
"100000127","BOVA01448","1.0000","0.0000","0.0000","1.0000","0.0000"
"100000128","BOVA01365","1.0000","1.0000","1.0000","0.0000","0.0000"
"100000128","BOVA01366","1.0000","1.0000","1.0000","0.0000","0.0000"
"100000128","BOVA01368","1.0000","1.0000","1.0000","0.0000","0.0000"
"100000128","BOVA00912","1.0000","1.0000","1.0000","0.0000","0.0000"
"100000128","BOVA01345","1.0000","1.0000","1.0000","0.0000","0.0000"
"100000128","BOVA00882","1.0000","1.0000","1.0000","0.0000","0.0000"
"100000128","BOVA00573","1.0000","1.0000","1.0000","0.0000","0.0000"
"100000128","BOVA00914","1.0000","1.0000","1.0000","0.0000","0.0000"
"100000128","BOVA00571","1.0000","1.0000","1.0000","0.0000","0.0000"
"100000128","BOVA00642","1.0000","1.0000","1.0000","0.0000","1.0000"
"100000128","BOAL00798","1.0000","1.0000","1.0000","0.0000","1.0000"
"100000128","BOBB00122","1.0000","1.0000","1.0000","0.0000","0.0000"
"100000128","BOVA01328","1.0000","1.0000","1.0000","0.0000","0.0000"
"100000128","BOVA01329","1.0000","1.0000","1.0000","0.0000","0.0000"
"100000128","BOVA01330","1.0000","1.0000","1.0000","0.0000","0.0000"
"100000128","BOVA01197","1.0000","1.0000","1.0000","0.0000","0.0000"
"100000128","BOVA01323","1.0000","1.0000","1.0000","0.0000","0.0000"
"100000128","BOVA01322","1.0000","1.0000","1.0000","0.0000","0.0000"
"100000128","BOVA01154","1.0000","1.0000","1.0000","0.0000","0.0000"
"100000128","BOVA01448","1.0000","1.0000","1.0000","0.0000","0.0000"
"100000129","ME00C24","3.0000","0.0000","0.0000","3.0000","0.0000"
"100000130","BOVE00196","1.0000","1.0000","1.0000","0.0000","0.0000"
"100000131","BOAL00660","1.0000","1.0000","1.0000","0.0000","0.0000"
"100000131","BOAL00665","1.0000","1.0000","1.0000","0.0000","0.0000"
"100000131","BOAL00261","1.0000","1.0000","1.0000","0.0000","0.0000"
"100000132","BOVE00512","2.0000","2.0000","2.0000","0.0000","0.0000"
"100000133","BOAL01184-BOAL00340-BOAL00343-BOAL00347","5.0000","0.0000","0.0000","5.0000","0.0000"
"100000133","BOAL00340","5.0000","0.0000","0.0000","0.0000","0.0000"
"100000133","BOAL00343","5.0000","0.0000","0.0000","0.0000","0.0000"
"100000133","BOAL00347","5.0000","0.0000","0.0000","0.0000","0.0000"
"100000134","BOVE00512","4.0000","4.0000","4.0000","0.0000","0.0000"
"100000135","BOVA00944","3.0000","0.0000","0.0000","3.0000","0.0000"
"100000135","BOVA01080","5.0000","0.0000","0.0000","5.0000","0.0000"
"100000136","BOVA00944","3.0000","3.0000","3.0000","0.0000","0.0000"
"100000136","BOVA01080","5.0000","5.0000","5.0000","0.0000","0.0000"
"100000137","BOVE00359","1.0000","1.0000","1.0000","0.0000","0.0000"
"100000138","BOVE00469","1.0000","0.0000","0.0000","1.0000","0.0000"
"100000139","BOVE00285","2.0000","2.0000","2.0000","0.0000","0.0000"
"100000140","BOVE00547","1.0000","1.0000","1.0000","0.0000","0.0000"
"100000141","BOVE00547","1.0000","1.0000","1.0000","0.0000","0.0000"
"100000141","BOVE00397","1.0000","1.0000","1.0000","0.0000","0.0000"
"100000141","BOVE00398","1.0000","1.0000","1.0000","0.0000","0.0000"
"100000142","BOAL01457-BOAL00656-BOAL00661-BOAL00662-BOAL00663","1.0000","1.0000","1.0000","0.0000","0.0000"
"100000142","BOAL00656","2.0000","1.0000","1.0000","0.0000","0.0000"
"100000142","BOAL00661","2.0000","1.0000","1.0000","0.0000","0.0000"
"100000142","BOAL00662","2.0000","1.0000","1.0000","0.0000","0.0000"
"100000142","BOAL00663","2.0000","1.0000","1.0000","0.0000","0.0000"
"100000143","BOVE00113","1.0000","0.0000","0.0000","1.0000","0.0000"
"100000144","BOVE0048512","1.0000","0.0000","0.0000","1.0000","0.0000"
"100000145","BOVA01417","3.0000","0.0000","0.0000","3.0000","0.0000"
"100000145","BOAL00257","1.0000","0.0000","0.0000","1.0000","0.0000"
"100000145","BOVE00580","3.0000","0.0000","0.0000","3.0000","0.0000"
"100000145","BOVA01339","2.0000","0.0000","0.0000","2.0000","0.0000"
"100000145","BOVA01432","2.0000","0.0000","0.0000","2.0000","0.0000"
"100000145","BOVE00720","1.0000","0.0000","0.0000","1.0000","0.0000"
"100000146","BOVA01417","3.0000","0.0000","0.0000","3.0000","0.0000"
"100000146","BOAL00257","1.0000","0.0000","0.0000","1.0000","0.0000"
"100000146","BOVE00580","3.0000","0.0000","0.0000","3.0000","0.0000"
"100000146","BOVA01339","2.0000","0.0000","0.0000","2.0000","0.0000"
"100000146","BOVA01432","2.0000","0.0000","0.0000","2.0000","0.0000"
"100000146","BOVE00720","1.0000","0.0000","0.0000","1.0000","0.0000"
"100000147","BOVA01417","3.0000","0.0000","0.0000","3.0000","0.0000"
"100000147","BOAL00257","1.0000","0.0000","0.0000","1.0000","0.0000"
"100000147","BOVE00580","3.0000","0.0000","0.0000","3.0000","0.0000"
"100000147","BOVA01339","2.0000","0.0000","0.0000","2.0000","0.0000"
"100000147","BOVA01432","2.0000","0.0000","0.0000","2.0000","0.0000"
"100000147","BOVE00720","1.0000","0.0000","0.0000","1.0000","0.0000"
"100000148","BOVA01417","3.0000","3.0000","3.0000","0.0000","0.0000"
"100000148","BOAL00257","1.0000","1.0000","1.0000","0.0000","0.0000"
"100000148","BOVE00580","3.0000","3.0000","3.0000","0.0000","0.0000"
"100000148","BOVA01339","2.0000","2.0000","2.0000","0.0000","0.0000"
"100000148","BOVA01432","2.0000","2.0000","2.0000","0.0000","0.0000"
"100000148","BOVE00720","1.0000","1.0000","1.0000","0.0000","0.0000"
"100000149","BOVE0048512","4.0000","0.0000","0.0000","4.0000","0.0000"
"100000149","BOVE00234","2.0000","0.0000","0.0000","2.0000","0.0000"
"100000149","BOVE00482","3.0000","0.0000","0.0000","3.0000","0.0000"
"100000150","BOVE0048512","4.0000","4.0000","4.0000","0.0000","0.0000"
"100000150","BOVE00234","2.0000","2.0000","2.0000","0.0000","0.0000"
"100000150","BOVE00482","3.0000","3.0000","3.0000","0.0000","0.0000"
"100000151","BOVA00721","6.0000","6.0000","6.0000","0.0000","0.0000"
"100000152","BOVE00007","1.0000","1.0000","1.0000","0.0000","0.0000"
"100000153","BOBB00046","6.0000","6.0000","6.0000","0.0000","0.0000"
"100000154","BOVA01322","2.0000","2.0000","2.0000","0.0000","0.0000"
"100000154","BOVA01321","1.0000","1.0000","1.0000","0.0000","0.0000"
"100000154","BOVA01324","1.0000","1.0000","1.0000","0.0000","0.0000"
"100000154","BOVA01117","1.0000","1.0000","1.0000","0.0000","0.0000"
"100000154","BOVE00109","1.0000","1.0000","1.0000","0.0000","0.0000"
"100000155","BOAL01186-BOAL00340-BOAL00343-BOAL00347-BOAL00349","2.0000","2.0000","2.0000","0.0000","0.0000"
"100000155","BOAL00340","4.0000","1.0000","1.0000","0.0000","0.0000"
"100000155","BOAL00343","4.0000","1.0000","1.0000","0.0000","0.0000"
"100000155","BOAL00347","4.0000","1.0000","1.0000","0.0000","0.0000"
"100000155","BOAL00349","4.0000","1.0000","1.0000","0.0000","0.0000"
"100000156","BOVE00800","1.0000","1.0000","1.0000","0.0000","0.0000"
"100000157","BOVE00113","1.0000","1.0000","1.0000","0.0000","0.0000"
"100000158","BOBB00038","1.0000","1.0000","1.0000","0.0000","0.0000"
"100000159","BOBB00108","1.0000","1.0000","1.0000","0.0000","0.0000"
"100000163","BOAL00796","15.0000","15.0000","15.0000","0.0000","0.0000"
"100000163","BOBB00233","4.0000","4.0000","4.0000","0.0000","0.0000"
"100000164","BOVE00007","1.0000","1.0000","1.0000","0.0000","0.0000"
"100000165","BOAL01176-BOAL00317-BOAL00321-BOAL00323-BOAL00325-BOAL00319-BOAL00322-BOAL00324-BOAL00318-BOAL00320","2.0000","2.0000","2.0000","0.0000","0.0000"
"100000165","BOAL00317","2.0000","1.0000","1.0000","0.0000","0.0000"
"100000165","BOAL00321","2.0000","1.0000","1.0000","0.0000","0.0000"
"100000165","BOAL00323","2.0000","1.0000","1.0000","0.0000","0.0000"
"100000165","BOAL00325","2.0000","1.0000","1.0000","0.0000","0.0000"
"100000165","BOAL00319","2.0000","1.0000","1.0000","0.0000","0.0000"
"100000165","BOAL00322","2.0000","1.0000","1.0000","0.0000","0.0000"
"100000165","BOAL00324","2.0000","1.0000","1.0000","0.0000","0.0000"
"100000165","BOAL00318","2.0000","1.0000","1.0000","0.0000","0.0000"
"100000165","BOAL00320","2.0000","1.0000","1.0000","0.0000","0.0000"
"100000166","BOVE0048512","1.0000","0.0000","0.0000","1.0000","0.0000"
"100000169","BOVA00364","1.0000","0.0000","0.0000","1.0000","0.0000"
"100000169","BOVE00476","1.0000","0.0000","0.0000","1.0000","0.0000"
"100000170","BOVE00104","2.0000","2.0000","2.0000","0.0000","2.0000"
"100000170","BOVE00105","2.0000","2.0000","2.0000","0.0000","2.0000"
"100000171","BOVA00883","6.0000","6.0000","6.0000","0.0000","0.0000"
"100000171","BOVA00884","6.0000","6.0000","6.0000","0.0000","0.0000"
"100000171","BOAL00790","1.0000","1.0000","1.0000","0.0000","0.0000"
"100000171","BOAL00791","1.0000","1.0000","1.0000","0.0000","0.0000"
"100000171","BOVA00882","4.0000","4.0000","4.0000","0.0000","0.0000"
"100000172","KRIS00001","1.0000","0.0000","0.0000","1.0000","0.0000"
"100000173","BOBB00273","1.0000","1.0000","1.0000","0.0000","0.0000"
"100000174","BOAL00709","1.0000","0.0000","0.0000","1.0000","0.0000"
"100000175","BOAL00709","1.0000","0.0000","0.0000","1.0000","0.0000"
"100000176","BOAL00709","1.0000","1.0000","1.0000","0.0000","0.0000"
"100000177","BOVA01081","12.0000","0.0000","0.0000","12.0000","0.0000"
"100000177","BOVE00289","2.0000","0.0000","0.0000","2.0000","0.0000"
"100000177","BOVE00575","2.0000","0.0000","0.0000","2.0000","0.0000"
"100000177","BOVE00556","2.0000","0.0000","0.0000","2.0000","0.0000"
"100000178","BOVA01081","12.0000","0.0000","0.0000","12.0000","0.0000"
"100000178","BOVE00289","2.0000","0.0000","0.0000","2.0000","0.0000"
"100000178","BOVE00575","2.0000","0.0000","0.0000","2.0000","0.0000"
"100000178","BOVE00556","2.0000","0.0000","0.0000","2.0000","0.0000"
"100000179","BOVA01081","12.0000","0.0000","0.0000","12.0000","0.0000"
"100000179","BOVE00289","2.0000","0.0000","0.0000","2.0000","0.0000"
"100000179","BOVE00575","2.0000","0.0000","0.0000","2.0000","0.0000"
"100000179","BOVE00556","2.0000","0.0000","0.0000","2.0000","0.0000"
"100000180","BOVA01081","12.0000","12.0000","12.0000","0.0000","0.0000"
"100000180","BOVE00289","2.0000","2.0000","2.0000","0.0000","0.0000"
"100000180","BOVE00575","2.0000","2.0000","2.0000","0.0000","0.0000"
"100000180","BOVE00556","2.0000","2.0000","2.0000","0.0000","0.0000"
"100000181","BOAL01182-BOAL00327-BOAL00328-BOAL00329-BOAL00330","3.0000","3.0000","3.0000","0.0000","0.0000"
"100000181","BOAL00327","3.0000","1.0000","1.0000","0.0000","0.0000"
"100000181","BOAL00328","3.0000","1.0000","1.0000","0.0000","0.0000"
"100000181","BOAL00329","3.0000","1.0000","1.0000","0.0000","0.0000"
"100000181","BOAL00330","3.0000","1.0000","1.0000","0.0000","0.0000"
"100000182","BOAL00327","1.0000","1.0000","1.0000","0.0000","0.0000"
"100000182","BOAL00328","1.0000","1.0000","1.0000","0.0000","0.0000"
"100000182","BOBB00073","1.0000","1.0000","1.0000","0.0000","0.0000"
"100000183","BOVA00947","6.0000","6.0000","6.0000","0.0000","0.0000"
"100000184","BOVE00359","1.0000","1.0000","1.0000","0.0000","0.0000"
"100000185","BOVE00467","1.0000","1.0000","1.0000","0.0000","0.0000"
"100000186","BOVE00113","1.0000","1.0000","1.0000","0.0000","0.0000"
"100000187","BOAL00388","1.0000","0.0000","0.0000","1.0000","0.0000"
"100000187","BOAL00393","1.0000","0.0000","0.0000","1.0000","0.0000"
"100000187","BOAL00394","1.0000","0.0000","0.0000","1.0000","0.0000"
"100000187","BOAL00396","1.0000","0.0000","0.0000","1.0000","0.0000"
"100000188","BOAL00388","1.0000","0.0000","0.0000","1.0000","0.0000"
"100000188","BOAL00393","1.0000","0.0000","0.0000","1.0000","0.0000"
"100000188","BOAL00394","1.0000","0.0000","0.0000","1.0000","0.0000"
"100000188","BOAL00396","1.0000","0.0000","0.0000","1.0000","0.0000"
"100000189","BOAL00388","1.0000","0.0000","0.0000","1.0000","0.0000"
"100000189","BOAL00393","1.0000","0.0000","0.0000","1.0000","0.0000"
"100000189","BOAL00394","1.0000","0.0000","0.0000","1.0000","0.0000"
"100000189","BOAL00396","1.0000","0.0000","0.0000","1.0000","0.0000"
"100000190","BOAL00388","1.0000","1.0000","1.0000","0.0000","0.0000"
"100000190","BOAL00393","1.0000","1.0000","1.0000","0.0000","0.0000"
"100000190","BOAL00394","1.0000","1.0000","1.0000","0.0000","0.0000"
"100000190","BOAL00396","1.0000","1.0000","1.0000","0.0000","0.0000"
"100000191","BOAL01468","1.0000","1.0000","1.0000","0.0000","0.0000"
"100000191","BOAL01467","1.0000","1.0000","1.0000","0.0000","0.0000"
"100000192","BOVE00513","2.0000","2.0000","2.0000","0.0000","0.0000"
"100000192","BOVE00097","2.0000","2.0000","2.0000","0.0000","0.0000"
"100000192","BOAL00894","1.0000","1.0000","1.0000","0.0000","0.0000"
"100000193","BOVE00120","1.0000","0.0000","0.0000","1.0000","0.0000"
"100000194","BOVE00116","6.0000","0.0000","0.0000","6.0000","0.0000"
"100000195","BOVE00116","6.0000","0.0000","0.0000","6.0000","0.0000"
"100000196","BOVE00172","5.0000","5.0000","5.0000","0.0000","0.0000"
"100000197","BOVE00781","2.0000","2.0000","2.0000","0.0000","0.0000"
"100000197","BOVE00779","1.0000","1.0000","1.0000","0.0000","0.0000"
"100000198","BOAL01261-BOAL00468-BOAL00473-BOAL00474-BOAL00476","1.0000","1.0000","1.0000","0.0000","0.0000"
"100000198","BOAL00468","1.0000","1.0000","1.0000","0.0000","0.0000"
"100000198","BOAL00473","1.0000","1.0000","1.0000","0.0000","0.0000"
"100000198","BOAL00474","1.0000","1.0000","1.0000","0.0000","0.0000"
"100000198","BOAL00476","1.0000","1.0000","1.0000","0.0000","0.0000"
"100000199","BOAL00929","1.0000","1.0000","1.0000","0.0000","0.0000"
"100000200","ME00146","1.0000","1.0000","1.0000","0.0000","0.0000"
"100000200","ME00149","1.0000","1.0000","1.0000","0.0000","0.0000"
"100000201","BOVE00271","1.0000","1.0000","1.0000","0.0000","0.0000"
"100000201","BOVE00290","1.0000","1.0000","1.0000","0.0000","0.0000"
"100000201","BOVE00389","1.0000","1.0000","1.0000","0.0000","0.0000"
"100000202","BOAL00715","6.0000","6.0000","6.0000","0.0000","0.0000"
"100000203","BOVA01181","6.0000","6.0000","6.0000","0.0000","0.0000"
"100000204","BOVE00730","2.0000","2.0000","2.0000","0.0000","0.0000"
"100000205","BOVE00348","1.0000","1.0000","1.0000","0.0000","0.0000"
"100000205","BOVE00418","1.0000","1.0000","1.0000","0.0000","0.0000"
"100000206","BOVE00051","1.0000","1.0000","1.0000","0.0000","0.0000"
"100000207","BOVE00557","2.0000","2.0000","2.0000","0.0000","0.0000"
"100000207","BOVE00562","1.0000","1.0000","1.0000","0.0000","0.0000"
"100000208","BOAL01509","1.0000","1.0000","1.0000","0.0000","0.0000"
"100000209","BOCI00716","2.0000","0.0000","0.0000","2.0000","0.0000"
"100000210","BOVE00547","1.0000","1.0000","1.0000","0.0000","1.0000"
"100000210","BOVE00540","1.0000","1.0000","1.0000","0.0000","1.0000"
"100000210","BOVE00591","1.0000","1.0000","1.0000","0.0000","1.0000"
"100000211","BOBB00054","1.0000","1.0000","1.0000","0.0000","0.0000"
"100000211","BOBB00056","1.0000","1.0000","1.0000","0.0000","0.0000"
"100000212","BOVA01077","4.0000","4.0000","4.0000","0.0000","0.0000"
"100000213","BOCI00647","6.0000","6.0000","6.0000","0.0000","0.0000"
"100000214","ME00C127","1.0000","1.0000","1.0000","0.0000","0.0000"
"100000215","BOCI00591","1.0000","1.0000","1.0000","0.0000","0.0000"
"100000216","BOVE00013","1.0000","1.0000","1.0000","0.0000","0.0000"
"100000216","BOVE00140","1.0000","1.0000","1.0000","0.0000","0.0000"
"100000216","BOAL00279","2.0000","2.0000","2.0000","0.0000","0.0000"
"100000217","ME00C127","1.0000","1.0000","1.0000","0.0000","0.0000"
"100000218","BOVA00774","6.0000","6.0000","6.0000","0.0000","0.0000"
"100000219","BOVE00380","1.0000","0.0000","0.0000","1.0000","0.0000"
"100000219","BOVE00381","1.0000","0.0000","0.0000","1.0000","0.0000"
"100000219","BOVE00378","1.0000","0.0000","0.0000","1.0000","0.0000"
"100000219","BOVE00013","1.0000","0.0000","0.0000","1.0000","0.0000"
"100000219","BOVE00111","1.0000","0.0000","0.0000","1.0000","0.0000"
"100000219","BOVE00010","1.0000","0.0000","0.0000","1.0000","0.0000"
"100000219","BOVE00391","1.0000","0.0000","0.0000","1.0000","0.0000"
"100000219","BOVA01485","1.0000","0.0000","0.0000","1.0000","0.0000"
"100000219","BOAL00279","1.0000","0.0000","0.0000","1.0000","0.0000"
"100000219","BOCI00330","1.0000","0.0000","0.0000","1.0000","0.0000"
"100000220","BOVE00461","2.0000","2.0000","2.0000","0.0000","0.0000"
"100000221","BOVE00114L11","1.0000","1.0000","1.0000","0.0000","0.0000"
"100000222","BOAL00936","2.0000","2.0000","2.0000","0.0000","0.0000"
"100000223","BOVE00113","1.0000","0.0000","0.0000","1.0000","0.0000"
"100000224","BOVE00474","3.0000","3.0000","3.0000","0.0000","0.0000"
"100000225","BOVE00523","1.0000","1.0000","1.0000","0.0000","0.0000"
"100000225","BOVE00524","1.0000","1.0000","1.0000","0.0000","0.0000"
"100000226","BOBB00270","1.0000","1.0000","1.0000","0.0000","0.0000"
"100000227","BOAL00347","1.0000","1.0000","1.0000","0.0000","0.0000"
"100000228","BOVE00108","1.0000","1.0000","1.0000","0.0000","0.0000"
"100000229","BOAL00353","2.0000","2.0000","2.0000","0.0000","0.0000"
"100000229","BOAL00357","2.0000","2.0000","2.0000","0.0000","0.0000"
"100000230","BOVE00485","5.0000","5.0000","5.0000","0.0000","0.0000"
"100000231","BOVE00722","1.0000","1.0000","1.0000","0.0000","0.0000"
"100000232","BOCI00494","1.0000","1.0000","1.0000","0.0000","0.0000"
"100000233","BOVE00452","1.0000","0.0000","0.0000","1.0000","0.0000"
"100000234","BOVA00025","10.0000","10.0000","10.0000","0.0000","10.0000"
"100000235","BOAL01524C-BOAL01508-BOAL01509-BOAL01507-BOAL01510-ME00C51","1.0000","1.0000","1.0000","0.0000","0.0000"
"100000235","BOAL01508","2.0000","1.0000","1.0000","0.0000","0.0000"
"100000235","BOAL01509","2.0000","1.0000","1.0000","0.0000","0.0000"
"100000235","BOAL01507","2.0000","1.0000","1.0000","0.0000","0.0000"
"100000235","BOAL01510","2.0000","1.0000","1.0000","0.0000","0.0000"
"100000235","ME00C51","1.0000","1.0000","1.0000","0.0000","0.0000"
"100000236","BOBB00099","1.0000","1.0000","1.0000","0.0000","0.0000"
"100000237","BOAL01181-BOAL00327-BOAL00328-BOAL00329","1.0000","1.0000","1.0000","0.0000","0.0000"
"100000237","BOAL00327","1.0000","1.0000","1.0000","0.0000","0.0000"
"100000237","BOAL00328","1.0000","1.0000","1.0000","0.0000","0.0000"
"100000237","BOAL00329","1.0000","1.0000","1.0000","0.0000","0.0000"
"100000238","BOVE00359","1.0000","1.0000","1.0000","0.0000","0.0000"
"100000239","BOBB00112","1.0000","1.0000","1.0000","0.0000","0.0000"
"100000240","BOAL00318","2.0000","2.0000","2.0000","0.0000","0.0000"
"100000240","BOAL00320","2.0000","2.0000","2.0000","0.0000","0.0000"
"100000241","BOVE00113","1.0000","1.0000","1.0000","0.0000","0.0000"
"100000242","BOBB00038","1.0000","1.0000","1.0000","0.0000","0.0000"
"100000243","BOVE00797-BOVE00796-BOVE00795-BOVE00794","6.0000","0.0000","0.0000","6.0000","0.0000"
"100000243","BOVE00796","6.0000","0.0000","0.0000","0.0000","0.0000"
"100000243","BOVE00795","6.0000","0.0000","0.0000","0.0000","0.0000"
"100000243","BOVE00794","6.0000","0.0000","0.0000","0.0000","0.0000"
"100000243","BOVE00517","1.0000","0.0000","0.0000","1.0000","0.0000"
"100000244","BOVE00797-BOVE00796-BOVE00795-BOVE00794","6.0000","6.0000","6.0000","0.0000","0.0000"
"100000244","BOVE00796","6.0000","1.0000","1.0000","0.0000","0.0000"
"100000244","BOVE00795","6.0000","1.0000","1.0000","0.0000","0.0000"
"100000244","BOVE00794","6.0000","1.0000","1.0000","0.0000","0.0000"
"100000244","BOVE00517","1.0000","1.0000","1.0000","0.0000","0.0000"
"100000245","BOVE00113","1.0000","1.0000","1.0000","0.0000","0.0000"
"100000246","BOVE00296","1.0000","1.0000","1.0000","0.0000","0.0000"
"100000247","BOVE00060","1.0000","1.0000","1.0000","0.0000","0.0000"
"100000248","BOVE00374","2.0000","2.0000","2.0000","0.0000","0.0000"
"100000249","BOVE00380","1.0000","1.0000","1.0000","0.0000","0.0000"
"100000249","BOVE00381","1.0000","1.0000","1.0000","0.0000","0.0000"
"100000249","BOVE00378","1.0000","1.0000","1.0000","0.0000","0.0000"
"100000249","BOVE00013","1.0000","1.0000","1.0000","0.0000","0.0000"
"100000249","BOVE00111","1.0000","1.0000","1.0000","0.0000","0.0000"
"100000249","BOVE00010","1.0000","1.0000","1.0000","0.0000","0.0000"
"100000249","BOVE00391","1.0000","1.0000","1.0000","0.0000","0.0000"
"100000249","BOVA01485","1.0000","1.0000","1.0000","0.0000","0.0000"
"100000249","BOCI00330","2.0000","2.0000","2.0000","0.0000","0.0000"
"100000249","BOAL00652","1.0000","1.0000","1.0000","0.0000","0.0000"
"100000250","BOAL01218-BOAL00388-BOAL00393-BOAL00394-BOAL00396","1.0000","1.0000","1.0000","0.0000","0.0000"
"100000250","BOAL00388","2.0000","1.0000","1.0000","0.0000","0.0000"
"100000250","BOAL00393","2.0000","1.0000","1.0000","0.0000","0.0000"
"100000250","BOAL00394","2.0000","1.0000","1.0000","0.0000","0.0000"
"100000250","BOAL00396","2.0000","1.0000","1.0000","0.0000","0.0000"
"100000251","BOVE00658","1.0000","0.0000","0.0000","1.0000","0.0000"
"100000252","BOVE00658","1.0000","1.0000","1.0000","0.0000","0.0000"
"100000253","BOVE00586","1.0000","1.0000","1.0000","0.0000","0.0000"
"100000253","BOVE00588","2.0000","2.0000","2.0000","0.0000","0.0000"
"100000253","BOVE00587","2.0000","2.0000","2.0000","0.0000","0.0000"
"100000253","BOVA00268","1.0000","1.0000","1.0000","0.0000","0.0000"
"100000253","BOAL00700","2.0000","2.0000","2.0000","0.0000","0.0000"
"100000253","BOAL01509","2.0000","2.0000","2.0000","0.0000","0.0000"
"100000253","BOAL01508","2.0000","2.0000","2.0000","0.0000","0.0000"
"100000253","BOAL01507","2.0000","2.0000","2.0000","0.0000","0.0000"
"100000253","BOVE00789","2.0000","2.0000","2.0000","0.0000","0.0000"
"100000253","BOVA01218","1.0000","1.0000","1.0000","0.0000","0.0000"
"100000254","BOVE00384","1.0000","0.0000","0.0000","1.0000","0.0000"
"100000254","BOAL01476","1.0000","0.0000","0.0000","1.0000","0.0000"
"100000255","BOVE00359","1.0000","1.0000","1.0000","0.0000","0.0000"
"100000256","BOVE00384","1.0000","1.0000","1.0000","0.0000","0.0000"
"100000256","BOAL01476","1.0000","1.0000","1.0000","0.0000","0.0000"
"100000257","BOAL01182-BOAL00327-BOAL00328-BOAL00329-BOAL00330","1.0000","1.0000","1.0000","0.0000","0.0000"
"100000257","BOAL00327","1.0000","1.0000","1.0000","0.0000","0.0000"
"100000257","BOAL00328","1.0000","1.0000","1.0000","0.0000","0.0000"
"100000257","BOAL00329","1.0000","1.0000","1.0000","0.0000","0.0000"
"100000257","BOAL00330","1.0000","1.0000","1.0000","0.0000","0.0000"
"100000258","BOVE00485","1.0000","1.0000","1.0000","0.0000","0.0000"
"100000258","BOVE0048512","1.0000","1.0000","1.0000","0.0000","0.0000"
"100000259","BOAL01184-BOAL00340-BOAL00343-BOAL00347","1.0000","1.0000","1.0000","0.0000","0.0000"
"100000259","BOAL00340","1.0000","1.0000","1.0000","0.0000","0.0000"
"100000259","BOAL00343","1.0000","1.0000","1.0000","0.0000","0.0000"
"100000259","BOAL00347","1.0000","1.0000","1.0000","0.0000","0.0000"
"100000260","BOVE00776","1.0000","0.0000","0.0000","1.0000","0.0000"
"100000260","BOVE00772","1.0000","0.0000","0.0000","1.0000","0.0000"
"100000260","BOVE00774","2.0000","0.0000","0.0000","2.0000","0.0000"
"100000260","BOVE00777","1.0000","0.0000","0.0000","1.0000","0.0000"
"100000260","BOVE00778","1.0000","0.0000","0.0000","1.0000","0.0000"
"100000260","BOVA00612","2.0000","0.0000","0.0000","2.0000","0.0000"
"100000261","BOVE00776","1.0000","1.0000","1.0000","0.0000","0.0000"
"100000261","BOVE00772","1.0000","1.0000","1.0000","0.0000","0.0000"
"100000261","BOVE00774","2.0000","2.0000","2.0000","0.0000","0.0000"
"100000261","BOVE00777","1.0000","1.0000","1.0000","0.0000","0.0000"
"100000261","BOVE00778","1.0000","1.0000","1.0000","0.0000","0.0000"
"100000261","BOVA00612","2.0000","2.0000","2.0000","0.0000","0.0000"
"100000262","BOVE00790","1.0000","1.0000","1.0000","0.0000","0.0000"
"100000262","BOVE00788","1.0000","1.0000","1.0000","0.0000","0.0000"
"100000262","BOVE00789","1.0000","1.0000","1.0000","0.0000","0.0000"
"100000263","BOVE00025","1.0000","1.0000","1.0000","0.0000","0.0000"
"100000264","BOVE00379","1.0000","1.0000","1.0000","0.0000","0.0000"
"100000264","BOVE00386","1.0000","1.0000","1.0000","0.0000","0.0000"
"100000264","BOAL01522-BOAL01508-BOAL01509-BOAL01510","2.0000","2.0000","2.0000","0.0000","0.0000"
"100000264","BOAL01508","2.0000","1.0000","1.0000","0.0000","0.0000"
"100000264","BOAL01509","2.0000","1.0000","1.0000","0.0000","0.0000"
"100000264","BOAL01510","2.0000","1.0000","1.0000","0.0000","0.0000"
"100000265","BOVA01245","1.0000","1.0000","1.0000","0.0000","0.0000"
"100000266","BOVE00476","1.0000","1.0000","1.0000","0.0000","0.0000"
"100000267","BOVE00520","1.0000","1.0000","1.0000","0.0000","0.0000"
"100000267","BOVE00542","1.0000","1.0000","1.0000","0.0000","0.0000"
"100000268","BOAL01183-BOAL00327-BOAL00328-BOAL00329-BOAL00330","1.0000","1.0000","1.0000","0.0000","0.0000"
"100000268","BOAL00327","2.0000","1.0000","1.0000","0.0000","0.0000"
"100000268","BOAL00328","2.0000","1.0000","1.0000","0.0000","0.0000"
"100000268","BOAL00329","2.0000","1.0000","1.0000","0.0000","0.0000"
"100000268","BOAL00330","2.0000","1.0000","1.0000","0.0000","0.0000"
"100000269","BOVE00521","1.0000","1.0000","1.0000","0.0000","0.0000"
"100000270","BOVE00111","2.0000","2.0000","2.0000","0.0000","0.0000"
"100000271","BOVE00485","1.0000","1.0000","1.0000","0.0000","0.0000"
"100000272","BOAL00759","10.0000","10.0000","10.0000","0.0000","0.0000"
"100000273","BOVE00161","2.0000","2.0000","2.0000","0.0000","0.0000"
"100000274","BOAL01379-BOAL00210-BOAL00263-BOAL00221-BOAL00240","2.0000","2.0000","2.0000","0.0000","0.0000"
"100000274","BOAL00210","2.0000","1.0000","1.0000","0.0000","0.0000"
"100000274","BOAL00263","2.0000","1.0000","1.0000","0.0000","0.0000"
"100000274","BOAL00221","2.0000","1.0000","1.0000","0.0000","0.0000"
"100000274","BOAL00240","2.0000","1.0000","1.0000","0.0000","0.0000"
"100000275","BOVE00710","1.0000","1.0000","1.0000","0.0000","0.0000"
"100000275","BA00010","1.0000","1.0000","1.0000","0.0000","0.0000"
"100000275","BA00032","1.0000","1.0000","1.0000","0.0000","0.0000"
"100000275","BOVE00677","1.0000","1.0000","1.0000","0.0000","0.0000"
"100000275","BOVA00454","1.0000","1.0000","1.0000","0.0000","0.0000"
"100000276","BOVE00764","1.0000","1.0000","1.0000","0.0000","0.0000"
"100000277","BOCI00796","6.0000","6.0000","6.0000","0.0000","0.0000"
"100000278","BOAL00343","1.0000","1.0000","1.0000","0.0000","0.0000"
"100000278","BOAL01186-BOAL00340-BOAL00343-BOAL00347-BOAL00349","1.0000","1.0000","1.0000","0.0000","0.0000"
"100000278","BOAL00340","2.0000","1.0000","1.0000","0.0000","0.0000"
"100000278","BOAL00343","2.0000","1.0000","1.0000","0.0000","0.0000"
"100000278","BOAL00347","2.0000","1.0000","1.0000","0.0000","0.0000"
"100000278","BOAL00349","2.0000","1.0000","1.0000","0.0000","0.0000"
"100000279","BOCI00793","1.0000","1.0000","1.0000","0.0000","0.0000"
"100000279","BOVE00749","1.0000","1.0000","1.0000","0.0000","0.0000"
"100000279","BOVE00249","1.0000","1.0000","1.0000","0.0000","0.0000"
"100000279","BOCI00522","1.0000","1.0000","1.0000","0.0000","0.0000"
"100000280","BOVE00118","2.0000","2.0000","2.0000","0.0000","0.0000"
"100000280","KRIS00001","1.0000","1.0000","1.0000","0.0000","0.0000"
"100000281","BOBB00046","1.0000","0.0000","0.0000","1.0000","0.0000"
"100000282","BOBB00046","1.0000","1.0000","1.0000","0.0000","0.0000"
"100000283","BOVE00469","1.0000","1.0000","1.0000","0.0000","0.0000"
"100000284","BOAL01456-BOAL00656-BOAL00661-BOAL00662-BOAL00663","2.0000","0.0000","0.0000","2.0000","0.0000"
"100000284","BOAL00656","2.0000","0.0000","0.0000","0.0000","0.0000"
"100000284","BOAL00661","2.0000","0.0000","0.0000","0.0000","0.0000"
"100000284","BOAL00662","2.0000","0.0000","0.0000","0.0000","0.0000"
"100000284","BOAL00663","2.0000","0.0000","0.0000","0.0000","0.0000"
"100000285","BOAL01456-BOAL00656-BOAL00661-BOAL00662-BOAL00663","4.0000","0.0000","0.0000","4.0000","0.0000"
"100000285","BOAL00656","4.0000","0.0000","0.0000","0.0000","0.0000"
"100000285","BOAL00661","4.0000","0.0000","0.0000","0.0000","0.0000"
"100000285","BOAL00662","4.0000","0.0000","0.0000","0.0000","0.0000"
"100000285","BOAL00663","4.0000","0.0000","0.0000","0.0000","0.0000"
"100000285","BOAL01373-BOAL00206-BOAL00261-BOAL00219-BOAL00238","3.0000","0.0000","0.0000","3.0000","0.0000"
"100000285","BOAL00206","3.0000","0.0000","0.0000","0.0000","0.0000"
"100000285","BOAL00261","3.0000","0.0000","0.0000","0.0000","0.0000"
"100000285","BOAL00219","3.0000","0.0000","0.0000","0.0000","0.0000"
"100000285","BOAL00238","3.0000","0.0000","0.0000","0.0000","0.0000"
"100000286","BOBB00099","1.0000","1.0000","1.0000","0.0000","0.0000"
"100000287","BOUU00006","2.0000","2.0000","2.0000","0.0000","0.0000"
"100000288","BOAL00264","1.0000","0.0000","0.0000","1.0000","0.0000"
"100000288","BOAL00229","1.0000","0.0000","0.0000","1.0000","0.0000"
"100000289","BOAL00264","1.0000","0.0000","0.0000","1.0000","0.0000"
"100000289","BOAL00229","1.0000","0.0000","0.0000","1.0000","0.0000"
"100000290","BOAL00264","1.0000","0.0000","0.0000","1.0000","0.0000"
"100000290","BOAL00229","1.0000","0.0000","0.0000","1.0000","0.0000"
"100000291","BOAL00264","1.0000","0.0000","0.0000","1.0000","0.0000"
"100000291","BOAL00229","1.0000","0.0000","0.0000","1.0000","0.0000"
"100000292","BOAL00264","1.0000","0.0000","0.0000","1.0000","0.0000"
"100000292","BOAL00229","1.0000","0.0000","0.0000","1.0000","0.0000"
"100000293","BOAL00264","1.0000","1.0000","1.0000","0.0000","0.0000"
"100000293","BOAL00229","1.0000","1.0000","1.0000","0.0000","0.0000"
"100000294","BOAL00322","2.0000","2.0000","2.0000","0.0000","0.0000"
"100000295","BOAL00894","6.0000","0.0000","0.0000","6.0000","0.0000"
"100000296","BOCI00647","12.0000","12.0000","12.0000","0.0000","0.0000"
"100000297","BOVE00113","4.0000","4.0000","4.0000","0.0000","0.0000"
"100000298","BOUU00035","1.0000","1.0000","1.0000","0.0000","0.0000"
"100000298","BOVE00234","2.0000","2.0000","2.0000","0.0000","0.0000"
"100000298","BOBB00097","1.0000","1.0000","1.0000","0.0000","0.0000"
"100000299","BOVE00117","25.0000","0.0000","0.0000","25.0000","0.0000"
"100000300","BOVE00061","5.0000","0.0000","0.0000","5.0000","0.0000"
"100000301","BOVE00113","1.0000","1.0000","1.0000","0.0000","0.0000"
"100000302","BOVA01432","10.0000","10.0000","10.0000","0.0000","0.0000"
"100000303","ME00C127","1.0000","1.0000","1.0000","0.0000","0.0000"
"100000304","BOBB00038","1.0000","0.0000","0.0000","1.0000","0.0000"
"100000305","BOVE00309","1.0000","0.0000","0.0000","1.0000","0.0000"
"100000306","BOVE00224","5.0000","5.0000","5.0000","0.0000","0.0000"
"100000307","BOAL00222","1.0000","1.0000","1.0000","0.0000","0.0000"
"100000308","BOVE00513","1.0000","1.0000","1.0000","0.0000","0.0000"
"100000309","BOAL00711","2.0000","2.0000","2.0000","0.0000","0.0000"
"100000310","BOCI00822","1.0000","1.0000","1.0000","0.0000","0.0000"
"100000310","BOCI00657","1.0000","1.0000","1.0000","0.0000","0.0000"
"100000311","BOVE00446","1.0000","1.0000","1.0000","0.0000","0.0000"
"100000312","BOVE00729","2.0000","0.0000","0.0000","2.0000","0.0000"
"100000313","BOAL00715","5.0000","5.0000","5.0000","0.0000","0.0000"
"100000314","ME00C127","1.0000","1.0000","1.0000","0.0000","0.0000"
"100000315","BOBB00038","1.0000","0.0000","0.0000","1.0000","0.0000"
"100000316","BOVE00113","5.0000","5.0000","5.0000","0.0000","0.0000"
"100000317","BOAL00347","1.0000","1.0000","1.0000","0.0000","0.0000"
"100000318","BOAL00923","12.0000","12.0000","12.0000","0.0000","0.0000"
"100000319","BOVE00570","1.0000","1.0000","1.0000","0.0000","0.0000"
"100000320","BOVE00422","1.0000","1.0000","1.0000","0.0000","0.0000"
"100000321","BOVE00277","2.0000","2.0000","2.0000","0.0000","0.0000"
"100000321","BOVE00200","2.0000","2.0000","2.0000","0.0000","0.0000"
"100000322","BOVE00124","1.0000","0.0000","0.0000","1.0000","0.0000"
"100000323","BOVE00124","1.0000","0.0000","0.0000","1.0000","0.0000"
"100000324","BOVE00124","1.0000","1.0000","1.0000","0.0000","0.0000"
"100000325","BOAL00712","1.0000","1.0000","1.0000","0.0000","0.0000"
"100000325","BOAL00713","1.0000","1.0000","1.0000","0.0000","0.0000"
"100000325","BOAL00714","1.0000","1.0000","1.0000","0.0000","0.0000"
"100000325","BOAL00715","1.0000","1.0000","1.0000","0.0000","0.0000"
"100000326","BOVE00284","2.0000","2.0000","2.0000","0.0000","0.0000"
"100000326","BOVE00282","1.0000","1.0000","1.0000","0.0000","0.0000"
"100000327","BOVE00041","3.0000","3.0000","3.0000","0.0000","0.0000"
"100000328","BOAL00710","1.0000","1.0000","1.0000","0.0000","0.0000"
"100000328","BOBB00121","1.0000","1.0000","1.0000","0.0000","0.0000"
"100000328","BOCI00487","1.0000","1.0000","1.0000","0.0000","0.0000"
"100000328","BOVE00720","2.0000","2.0000","2.0000","0.0000","0.0000"
"100000329","BOAL00347","1.0000","0.0000","0.0000","1.0000","0.0000"
"100000330","BOAL00347","1.0000","0.0000","0.0000","1.0000","0.0000"
"100000331","BOAL00222","1.0000","0.0000","0.0000","1.0000","0.0000"
"100000332","BOAL00222","1.0000","1.0000","1.0000","0.0000","0.0000"
"100000333","BOVE00359","1.0000","1.0000","1.0000","0.0000","0.0000"
"100000334","BOCI00524","2.0000","0.0000","0.0000","2.0000","0.0000"
"100000335","BOVE00118","2.0000","2.0000","2.0000","0.0000","0.0000"
"100000336","BOVA00363","1.0000","1.0000","1.0000","0.0000","0.0000"
"100000336","BOVA00365","1.0000","1.0000","1.0000","0.0000","0.0000"
"100000337","BOVE00359","1.0000","1.0000","1.0000","0.0000","0.0000"
"100000337","BOVE00469","1.0000","1.0000","1.0000","0.0000","0.0000"
"100000338","BOAL00712","3.0000","3.0000","3.0000","0.0000","0.0000"
"100000338","BOAL00713","3.0000","3.0000","3.0000","0.0000","0.0000"
"100000338","BOAL00714","3.0000","3.0000","3.0000","0.0000","0.0000"
"100000338","BOAL00715","3.0000","3.0000","3.0000","0.0000","0.0000"
"100000338","BOAL01472","6.0000","6.0000","6.0000","0.0000","0.0000"
"100000338","BOAL00753","7.0000","7.0000","7.0000","0.0000","7.0000"
"100000339","ME00294-ME00293","1.0000","1.0000","1.0000","0.0000","0.0000"
"100000339","ME00293","6.0000","1.0000","1.0000","0.0000","0.0000"
"100000340","BOAL00710","10.0000","10.0000","10.0000","0.0000","0.0000"
"100000340","BOVA01115","7.0000","7.0000","7.0000","0.0000","0.0000"
"100000340","BOVA01188","8.0000","8.0000","8.0000","0.0000","0.0000"
"100000340","BOVA01435","12.0000","12.0000","12.0000","0.0000","0.0000"
"100000340","BOBB00045","3.0000","3.0000","3.0000","0.0000","0.0000"
"100000340","BOVA00328","6.0000","6.0000","3.0000","0.0000","3.0000"
"100000340","BOAL00774","6.0000","6.0000","6.0000","0.0000","0.0000"
"100000340","BOVA01229","6.0000","6.0000","6.0000","0.0000","0.0000"
"100000340","BOBB00216","1.0000","1.0000","1.0000","0.0000","0.0000"
"100000340","BOBB00298","1.0000","1.0000","1.0000","0.0000","0.0000"
"100000340","BOCI00583","2.0000","2.0000","2.0000","0.0000","0.0000"
"100000340","BOCI00448","2.0000","2.0000","2.0000","0.0000","0.0000"
"100000340","BOAL00732","2.0000","2.0000","2.0000","0.0000","0.0000"
"100000341","BOBB00179","1.0000","1.0000","1.0000","0.0000","0.0000"
"100000341","BOBB00209","1.0000","1.0000","1.0000","0.0000","0.0000"
"100000341","BOBB00205","1.0000","1.0000","1.0000","0.0000","0.0000"
"100000341","BOAL00198","2.0000","2.0000","2.0000","0.0000","0.0000"
"100000341","BOAL00264","2.0000","2.0000","2.0000","0.0000","0.0000"
"100000341","BOAL00241","2.0000","2.0000","2.0000","0.0000","0.0000"
"100000341","ME00C51","1.0000","1.0000","1.0000","0.0000","0.0000"
"100000341","BOAL00229","2.0000","2.0000","2.0000","0.0000","0.0000"
"100000342","BOVE00013","1.0000","1.0000","1.0000","0.0000","0.0000"
"100000342","BOVE00047","2.0000","2.0000","2.0000","0.0000","0.0000"
"100000342","BOVE00654","1.0000","1.0000","1.0000","0.0000","0.0000"
"100000343","BOVE00505","3.0000","3.0000","3.0000","0.0000","0.0000"
"100000343","BOVE00504","1.0000","1.0000","1.0000","0.0000","0.0000"
"100000344","BOVA01176","1.0000","1.0000","1.0000","0.0000","0.0000"
"100000345","BOAL01182-BOAL00327-BOAL00328-BOAL00329-BOAL00330","1.0000","1.0000","1.0000","0.0000","0.0000"
"100000345","BOAL00327","1.0000","1.0000","1.0000","0.0000","0.0000"
"100000345","BOAL00328","1.0000","1.0000","1.0000","0.0000","0.0000"
"100000345","BOAL00329","1.0000","1.0000","1.0000","0.0000","0.0000"
"100000345","BOAL00330","1.0000","1.0000","1.0000","0.0000","0.0000"
"100000346","BOVE00443","3.0000","0.0000","0.0000","3.0000","0.0000"
"100000347","BOVE00113","1.0000","0.0000","0.0000","1.0000","0.0000"
"100000348","BOVE00281","2.0000","2.0000","2.0000","0.0000","0.0000"
"100000348","BOBB00069","1.0000","1.0000","1.0000","0.0000","0.0000"
"100000348","BOBB00043","1.0000","1.0000","1.0000","0.0000","0.0000"
"100000348","BOBB00027","3.0000","3.0000","3.0000","0.0000","0.0000"
"100000349","BOVE00446","1.0000","1.0000","1.0000","0.0000","0.0000"
"100000350","BOBB00028","2.0000","2.0000","2.0000","0.0000","0.0000"
"100000351","BOVE00456","4.0000","4.0000","4.0000","0.0000","0.0000"
"100000352","BOVA00746","1.0000","1.0000","1.0000","0.0000","0.0000"
"100000352","BOVA00747","1.0000","1.0000","1.0000","0.0000","0.0000"
"100000353","BOVE00507","2.0000","2.0000","2.0000","0.0000","0.0000"
"100000354","BOVE00521","1.0000","1.0000","1.0000","0.0000","0.0000"
"100000354","BOBB00132","1.0000","1.0000","1.0000","0.0000","0.0000"
"100000355","BOBB00028","1.0000","0.0000","0.0000","1.0000","0.0000"
"100000355","BOBB00032","1.0000","0.0000","0.0000","1.0000","0.0000"
"100000355","BOBB00045","1.0000","0.0000","0.0000","1.0000","0.0000"
"100000356","BOVE00122","1.0000","0.0000","0.0000","1.0000","0.0000"
"100000357","BOBB00053","1.0000","1.0000","1.0000","0.0000","0.0000"
"100000357","BOVE00542","1.0000","1.0000","1.0000","0.0000","0.0000"
"100000358","BOVE00445","1.0000","1.0000","1.0000","0.0000","0.0000"
"100000358","BOBB00287","1.0000","1.0000","1.0000","0.0000","0.0000"
"100000359","BOVE00285","2.0000","2.0000","2.0000","0.0000","0.0000"
"100000359","BOVE00109","1.0000","1.0000","1.0000","0.0000","0.0000"
"100000359","BOVE00445","1.0000","1.0000","1.0000","0.0000","0.0000"
"100000360","ME00C151","1.0000","1.0000","1.0000","0.0000","0.0000"
"100000361","BOAL00757","2.0000","2.0000","2.0000","0.0000","0.0000"
"100000362","BOVE00537","1.0000","1.0000","1.0000","0.0000","0.0000"
"100000362","BOVE00540","1.0000","1.0000","1.0000","0.0000","0.0000"
"100000362","BOVE00542","1.0000","1.0000","1.0000","0.0000","0.0000"
"100000363","BOVA00706","1.0000","1.0000","1.0000","0.0000","0.0000"
"100000363","BOVA00704","1.0000","1.0000","1.0000","0.0000","0.0000"
"100000364","BOVE00495","5.0000","5.0000","5.0000","0.0000","0.0000"
"100000365","BOAL00264","10.0000","10.0000","10.0000","0.0000","0.0000"
"100000365","BOAL00208","2.0000","2.0000","2.0000","0.0000","0.0000"
"100000366","BOAL01503","2.0000","2.0000","2.0000","0.0000","0.0000"
"100000366","BOVE00554","2.0000","2.0000","2.0000","0.0000","0.0000"
"100000367","BOVA01444","8.0000","8.0000","8.0000","0.0000","0.0000"
"100000367","ME00185","1.0000","1.0000","1.0000","0.0000","0.0000"
"100000367","BOVE00587","2.0000","2.0000","2.0000","0.0000","0.0000"
"100000368","BOVE00797-BOVE00796-BOVE00795-BOVE00794","6.0000","6.0000","6.0000","0.0000","0.0000"
"100000368","BOVE00796","6.0000","1.0000","1.0000","0.0000","0.0000"
"100000368","BOVE00795","6.0000","1.0000","1.0000","0.0000","0.0000"
"100000368","BOVE00794","6.0000","1.0000","1.0000","0.0000","0.0000"
"100000368","ME00215","1.0000","1.0000","1.0000","0.0000","0.0000"
"100000368","ME00226","1.0000","1.0000","1.0000","0.0000","0.0000"
"100000368","BOAL01519","1.0000","1.0000","1.0000","0.0000","0.0000"
"100000368","BOAL01520","1.0000","1.0000","1.0000","0.0000","0.0000"
"100000368","BOBB00026","1.0000","1.0000","1.0000","0.0000","0.0000"
"100000368","BOVE00422","1.0000","1.0000","1.0000","0.0000","0.0000"
"100000368","BOVE00522","1.0000","1.0000","1.0000","0.0000","0.0000"
"100000368","BOVE00772","1.0000","1.0000","1.0000","0.0000","0.0000"
"100000369","BOVE00029","1.0000","1.0000","1.0000","0.0000","0.0000"
"100000370","BOAL01389-BOAL00208-BOAL00264-BOAL00222-BOAL00241","2.0000","0.0000","0.0000","2.0000","0.0000"
"100000370","BOAL00208","2.0000","0.0000","0.0000","0.0000","0.0000"
"100000370","BOAL00264","2.0000","0.0000","0.0000","0.0000","0.0000"
"100000370","BOAL00222","2.0000","0.0000","0.0000","0.0000","0.0000"
"100000370","BOAL00241","2.0000","0.0000","0.0000","0.0000","0.0000"
"100000371","BOCI00873LC","1.0000","1.0000","1.0000","0.0000","0.0000"
"100000372","BOVE00442","1.0000","1.0000","1.0000","0.0000","0.0000"
"100000372","BOVE00455","1.0000","1.0000","1.0000","0.0000","0.0000"
"100000372","BOBB00045","1.0000","1.0000","1.0000","0.0000","0.0000"
"100000372","BOVE00117","1.0000","1.0000","1.0000","0.0000","0.0000"
"100000372","BOVE00288","1.0000","1.0000","1.0000","0.0000","0.0000"
"100000373","BOVE00156","4.0000","4.0000","4.0000","0.0000","0.0000"
"100000373","BOVE00157","4.0000","4.0000","4.0000","0.0000","0.0000"
"100000373","BOVE00386","1.0000","1.0000","1.0000","0.0000","0.0000"
"100000374","BOVE00446","1.0000","1.0000","1.0000","0.0000","0.0000"
"100000375","BOBB00038","2.0000","2.0000","2.0000","0.0000","0.0000"
"100000376","BOVA01172","2.0000","2.0000","2.0000","0.0000","0.0000"
"100000377","BOVE00482","1.0000","1.0000","1.0000","0.0000","0.0000"
"100000377","BOVA01463","4.0000","4.0000","4.0000","0.0000","0.0000"
"100000378","BOVE00471","1.0000","1.0000","1.0000","0.0000","0.0000"
"100000379","BOCI00647","6.0000","6.0000","6.0000","0.0000","0.0000"
"100000379","BOCI00635","1.0000","1.0000","1.0000","0.0000","0.0000"
"100000380","BOVE00344","1.0000","1.0000","1.0000","0.0000","0.0000"
"100000381","BOAL00712","40.0000","40.0000","40.0000","0.0000","0.0000"
"100000382","BOVE00601","2.0000","2.0000","2.0000","0.0000","0.0000"
"100000383","ME00139","1.0000","1.0000","1.0000","0.0000","0.0000"
"100000384","BOVE00730","1.0000","1.0000","1.0000","0.0000","0.0000"
"100000385","BOVE00443","1.0000","1.0000","1.0000","0.0000","0.0000"
"100000385","BOVE00444","1.0000","1.0000","1.0000","0.0000","0.0000"
"100000386","BOAL01186-BOAL00340-BOAL00343-BOAL00347-BOAL00349","1.0000","1.0000","1.0000","0.0000","0.0000"
"100000386","BOAL00340","2.0000","1.0000","1.0000","0.0000","0.0000"
"100000386","BOAL00343","2.0000","1.0000","1.0000","0.0000","0.0000"
"100000386","BOAL00347","2.0000","1.0000","1.0000","0.0000","0.0000"
"100000386","BOAL00349","2.0000","1.0000","1.0000","0.0000","0.0000"
"100000386","BOAL00343","1.0000","1.0000","1.0000","0.0000","0.0000"
"100000387","BOVE00788","1.0000","1.0000","1.0000","0.0000","0.0000"
"100000388","BOVE00420","2.0000","2.0000","2.0000","0.0000","0.0000"
"100000389","BOAL01182-BOAL00327-BOAL00328-BOAL00329-BOAL00330","1.0000","1.0000","1.0000","0.0000","0.0000"
"100000389","BOAL01181-BOAL00327-BOAL00328-BOAL00329","1.0000","1.0000","1.0000","0.0000","0.0000"
"100000389","BOAL00327","1.0000","1.0000","1.0000","0.0000","0.0000"
"100000389","BOAL00328","1.0000","1.0000","1.0000","0.0000","0.0000"
"100000389","BOAL00329","1.0000","1.0000","1.0000","0.0000","0.0000"
"100000390","BOVE00234","1.0000","1.0000","1.0000","0.0000","0.0000"
"100000391","BOVE00013","1.0000","1.0000","1.0000","0.0000","0.0000"
"100000391","ME00480","2.0000","2.0000","2.0000","0.0000","0.0000"
"100000392","BOVE00141","1.0000","1.0000","1.0000","0.0000","0.0000"
"100000392","BOVE00446","1.0000","1.0000","1.0000","0.0000","0.0000"
"100000392","BOVA01223","2.0000","2.0000","2.0000","0.0000","0.0000"
"100000393","BOVE00485","1.0000","1.0000","1.0000","0.0000","0.0000"
"100000394","BOVA01459","5.0000","5.0000","5.0000","0.0000","0.0000"
"100000395","BOVE00442","15.0000","0.0000","0.0000","15.0000","0.0000"
"100000395","BOCI00719","1.0000","0.0000","0.0000","1.0000","0.0000"
"100000395","BOCI00735","1.0000","0.0000","0.0000","1.0000","0.0000"
"100000396","BOAL00745","5.0000","5.0000","5.0000","0.0000","0.0000"
"100000397","BOVE00442","16.0000","16.0000","16.0000","0.0000","0.0000"
"100000397","BOCI00719","1.0000","1.0000","1.0000","0.0000","0.0000"
"100000398","BOVA01188","1.0000","0.0000","0.0000","1.0000","0.0000"
"100000398","BOVA01185","1.0000","0.0000","0.0000","1.0000","0.0000"
"100000398","BOVA01186","1.0000","0.0000","0.0000","1.0000","0.0000"
"100000398","BOVA01187","1.0000","0.0000","0.0000","1.0000","0.0000"
"100000398","BOCI00675","1.0000","0.0000","0.0000","1.0000","0.0000"
"100000399","BOVA01188","1.0000","0.0000","0.0000","1.0000","0.0000"
"100000399","BOVA01185","1.0000","0.0000","0.0000","1.0000","0.0000"
"100000399","BOVA01186","1.0000","0.0000","0.0000","1.0000","0.0000"
"100000399","BOVA01187","1.0000","0.0000","0.0000","1.0000","0.0000"
"100000399","BOCI00675","1.0000","0.0000","0.0000","1.0000","0.0000"
"100000400","BOVA01188","1.0000","0.0000","0.0000","1.0000","0.0000"
"100000400","BOVA01185","1.0000","0.0000","0.0000","1.0000","0.0000"
"100000400","BOVA01186","1.0000","0.0000","0.0000","1.0000","0.0000"
"100000400","BOVA01187","1.0000","0.0000","0.0000","1.0000","0.0000"
"100000401","BOAL00924","1.0000","1.0000","1.0000","0.0000","0.0000"
"100000402","BOVE00113","1.0000","1.0000","1.0000","0.0000","0.0000"
"100000403","BOVA00546","2.0000","2.0000","2.0000","0.0000","0.0000"
"100000404","BOAL00394","1.0000","1.0000","1.0000","0.0000","0.0000"
"100000405","ME00C151","1.0000","1.0000","1.0000","0.0000","0.0000"
"100000406","BOAL00344","1.0000","1.0000","1.0000","0.0000","0.0000"
"100000406","BOAL01187-BOAL00340-BOAL00343-BOAL00347-BOAL00349-BOAL00341-BOAL00345-BOAL00348","1.0000","1.0000","1.0000","0.0000","0.0000"
"100000406","BOAL00340","1.0000","1.0000","1.0000","0.0000","0.0000"
"100000406","BOAL00343","1.0000","1.0000","1.0000","0.0000","0.0000"
"100000406","BOAL00347","1.0000","1.0000","1.0000","0.0000","0.0000"
"100000406","BOAL00349","1.0000","1.0000","1.0000","0.0000","0.0000"
"100000406","BOAL00341","1.0000","1.0000","1.0000","0.0000","0.0000"
"100000406","BOAL00345","1.0000","1.0000","1.0000","0.0000","0.0000"
"100000406","BOAL00348","1.0000","1.0000","1.0000","0.0000","0.0000"
"100000407","BOVE00771","1.0000","1.0000","1.0000","0.0000","1.0000"
"100000407","BOVE00773","3.0000","3.0000","3.0000","0.0000","0.0000"
"100000407","BOVE00778","3.0000","3.0000","3.0000","0.0000","0.0000"
"100000408","BOCI00501","1.0000","1.0000","1.0000","0.0000","0.0000"
"100000408","BOCI00503","5.0000","5.0000","5.0000","0.0000","0.0000"
"100000409","BOVE00326","5.0000","5.0000","5.0000","0.0000","0.0000"
"100000410","BOVE00389","6.0000","6.0000","6.0000","0.0000","0.0000"
"100000411","BOVE00485","5.0000","5.0000","5.0000","0.0000","0.0000"
"100000411","BOVE00482","3.0000","3.0000","3.0000","0.0000","0.0000"
"100000412","BOVE00542","1.0000","1.0000","1.0000","0.0000","0.0000"
"100000413","BOVA01179","24.0000","0.0000","0.0000","24.0000","0.0000"
"100000414","BOAL00222","2.0000","2.0000","2.0000","0.0000","0.0000"
"100000415","BOCI00293","1.0000","1.0000","1.0000","0.0000","0.0000"
"100000415","BOCI00291","1.0000","1.0000","1.0000","0.0000","0.0000"
"100000416","BOVA01082","3.0000","3.0000","3.0000","0.0000","0.0000"
"100000417","BOAL01183-BOAL00327-BOAL00328-BOAL00329-BOAL00330","1.0000","1.0000","1.0000","0.0000","0.0000"
"100000417","BOAL00327","2.0000","1.0000","1.0000","0.0000","0.0000"
"100000417","BOAL00328","2.0000","1.0000","1.0000","0.0000","0.0000"
"100000417","BOAL00329","2.0000","1.0000","1.0000","0.0000","0.0000"
"100000417","BOAL00330","2.0000","1.0000","1.0000","0.0000","0.0000"
"100000418","BOVA00948","12.0000","12.0000","12.0000","0.0000","0.0000"
"100000419","BOBB00038","2.0000","2.0000","2.0000","0.0000","0.0000"
"100000420","BOVE00482","4.0000","4.0000","4.0000","0.0000","0.0000"
"100000421","BOVA00456","1.0000","1.0000","1.0000","0.0000","0.0000"
"100000422","BOVE00105","3.0000","0.0000","0.0000","3.0000","0.0000"
"100000423","BOVE00545","1.0000","0.0000","0.0000","1.0000","0.0000"
"100000423","BOVA01134","1.0000","0.0000","0.0000","1.0000","0.0000"
"100000424","BOVE00354","2.0000","2.0000","2.0000","0.0000","0.0000"
"100000424","BOAL00356","1.0000","1.0000","1.0000","0.0000","0.0000"
"100000424","BOAL01201-BOAL00350-BOAL00355-BOAL00356-BOAL00358-BOAL00351-BOAL00353-BOAL00359-BOAL00357-BOAL00352-BOAL00354","1.0000","1.0000","1.0000","0.0000","0.0000"
"100000424","BOAL00350","2.0000","1.0000","1.0000","0.0000","0.0000"
"100000424","BOAL00355","2.0000","1.0000","1.0000","0.0000","0.0000"
"100000424","BOAL00356","2.0000","1.0000","1.0000","0.0000","0.0000"
"100000424","BOAL00358","2.0000","1.0000","1.0000","0.0000","0.0000"
"100000424","BOAL00351","2.0000","1.0000","1.0000","0.0000","0.0000"
"100000424","BOAL00353","2.0000","1.0000","1.0000","0.0000","0.0000"
"100000424","BOAL00359","2.0000","1.0000","1.0000","0.0000","0.0000"
"100000424","BOAL00357","2.0000","1.0000","1.0000","0.0000","0.0000"
"100000424","BOAL00352","2.0000","1.0000","1.0000","0.0000","0.0000"
"100000424","BOAL00354","2.0000","1.0000","1.0000","0.0000","0.0000"
"100000424","BOBB00182","1.0000","1.0000","1.0000","0.0000","0.0000"
"100000425","BOVA01220","2.0000","2.0000","2.0000","0.0000","0.0000"
"100000426","BOVE00380","1.0000","1.0000","1.0000","0.0000","0.0000"
"100000427","BOVA00731","1.0000","0.0000","0.0000","1.0000","0.0000"
"100000428","BOVA00862","6.0000","6.0000","6.0000","0.0000","0.0000"
"100000428","BOVA01334","2.0000","2.0000","2.0000","0.0000","0.0000"
"100000429","BOVE00446","1.0000","1.0000","1.0000","0.0000","0.0000"
"100000430","BOVE00764","4.0000","4.0000","4.0000","0.0000","0.0000"
"100000430","BOVE00767","2.0000","2.0000","2.0000","0.0000","0.0000"
"100000430","BOBB00026","1.0000","1.0000","1.0000","0.0000","0.0000"
"100000431","BOVE00113","1.0000","0.0000","0.0000","1.0000","0.0000"
"100000432","BOVA00538","2.0000","2.0000","2.0000","0.0000","0.0000"
"100000433","BOVE00394","1.0000","1.0000","1.0000","0.0000","0.0000"
"100000434","BOVE00446","1.0000","0.0000","0.0000","1.0000","0.0000"
"100000435","BOVE00446","1.0000","0.0000","0.0000","1.0000","0.0000"
"100000436","BOVE00113","1.0000","0.0000","0.0000","1.0000","0.0000"
"100000437","BOVE00147","2.0000","2.0000","2.0000","0.0000","0.0000"
"100000437","BOVE00149","2.0000","2.0000","2.0000","0.0000","0.0000"
"100000438","BOVE00113","1.0000","0.0000","0.0000","1.0000","0.0000"
"100000439","BOVE00113","1.0000","0.0000","0.0000","1.0000","0.0000"
"100000440","BOAL01186-BOAL00340-BOAL00343-BOAL00347-BOAL00349","1.0000","1.0000","1.0000","0.0000","0.0000"
"100000440","BOAL00340","2.0000","1.0000","1.0000","0.0000","0.0000"
"100000440","BOAL00343","2.0000","1.0000","1.0000","0.0000","0.0000"
"100000440","BOAL00347","2.0000","1.0000","1.0000","0.0000","0.0000"
"100000440","BOAL00349","2.0000","1.0000","1.0000","0.0000","0.0000"
"100000440","BOAL00343","1.0000","1.0000","1.0000","0.0000","0.0000"
"100000440","BOAL00347","1.0000","1.0000","1.0000","0.0000","0.0000"
"100000441","BOAL00612","1.0000","1.0000","1.0000","0.0000","0.0000"
"100000441","BOAL00606","1.0000","1.0000","1.0000","0.0000","0.0000"
"100000442","BOVE00341","2.0000","2.0000","2.0000","0.0000","0.0000"
"100000442","BOVE00342","2.0000","2.0000","2.0000","0.0000","0.0000"
"100000442","BOVE00339","1.0000","1.0000","1.0000","0.0000","0.0000"
"100000443","BOVE00281","1.0000","1.0000","1.0000","0.0000","0.0000"
"100000443","BOBB00069","1.0000","1.0000","1.0000","0.0000","0.0000"
"100000444","BOVE00113","1.0000","0.0000","0.0000","1.0000","0.0000"
"100000445","BOVE00785","1.0000","1.0000","1.0000","0.0000","0.0000"
"100000445","BOVE00787","2.0000","2.0000","2.0000","0.0000","0.0000"
"100000446","BNN0010002","1.0000","1.0000","1.0000","0.0000","0.0000"
"100000446","BOVE00524","1.0000","1.0000","1.0000","0.0000","0.0000"
"100000447","BOCI00645","2.0000","2.0000","2.0000","0.0000","0.0000"
"100000448","BOVE00469","1.0000","1.0000","1.0000","0.0000","0.0000"
"100000448","BOVE00288","1.0000","1.0000","1.0000","0.0000","0.0000"
"100000449","ME00C151","1.0000","1.0000","1.0000","0.0000","0.0000"
"100000450","BOVA01526","2.0000","2.0000","2.0000","0.0000","0.0000"
"100000450","BOVA01527","2.0000","2.0000","2.0000","0.0000","0.0000"
"100000451","BOVE00113","1.0000","1.0000","1.0000","0.0000","0.0000"
"100000452","BOAL00414","3.0000","3.0000","3.0000","0.0000","0.0000"
"100000453","BOVE00547","1.0000","1.0000","1.0000","0.0000","0.0000"
"100000454","BOBB00038","1.0000","1.0000","1.0000","0.0000","0.0000"
"100000455","BOVE00313","1.0000","1.0000","1.0000","0.0000","0.0000"
"100000456","BOVE00205","1.0000","1.0000","1.0000","0.0000","0.0000"
"100000456","BOBB00015","1.0000","1.0000","1.0000","0.0000","0.0000"
"100000457","BOVE00547","1.0000","1.0000","1.0000","0.0000","0.0000"
"100000457","BOVE00537","1.0000","1.0000","1.0000","0.0000","0.0000"
"100000457","BOVE00289","2.0000","2.0000","2.0000","0.0000","0.0000"
"100000458","ME00C51","1.0000","1.0000","1.0000","0.0000","0.0000"
"100000459","BOVE00424","3.0000","0.0000","0.0000","3.0000","0.0000"
"100000460","BOAL00210","1.0000","1.0000","1.0000","0.0000","0.0000"
"100000461","BOVE00452","1.0000","0.0000","0.0000","1.0000","0.0000"
"100000461","BOAL01504-BOAL01492-BOAL00422-BOAL00424","1.0000","0.0000","0.0000","1.0000","0.0000"
"100000461","BOAL01492","1.0000","0.0000","0.0000","0.0000","0.0000"
"100000461","BOAL00422","1.0000","0.0000","0.0000","0.0000","0.0000"
"100000461","BOAL00424","1.0000","0.0000","0.0000","0.0000","0.0000"
"100000462","BOBB00115","1.0000","1.0000","1.0000","0.0000","0.0000"
"100000463","BOVE00705","1.0000","0.0000","0.0000","1.0000","0.0000"
"100000464","BOVE00705","1.0000","0.0000","0.0000","1.0000","0.0000"
"100000464","BOVE00706","1.0000","0.0000","0.0000","1.0000","0.0000"
"100000465","BOAL00794","1.0000","1.0000","1.0000","0.0000","0.0000"
"100000466","BOVE00060","1.0000","1.0000","1.0000","0.0000","0.0000"
"100000466","BOVE00100","1.0000","1.0000","1.0000","0.0000","0.0000"
"100000467","BOVE00113","3.0000","3.0000","3.0000","0.0000","0.0000"
"100000468","BOVE00705","1.0000","1.0000","1.0000","0.0000","0.0000"
"100000468","BOVE00706","1.0000","1.0000","1.0000","0.0000","0.0000"
"100000469","BOVE00373","2.0000","2.0000","2.0000","0.0000","0.0000"
"100000470","BOBB00064","1.0000","1.0000","1.0000","0.0000","0.0000"
"100000471","BOVE00424","6.0000","6.0000","6.0000","0.0000","0.0000"
"100000472","BOVE00101","1.0000","1.0000","1.0000","0.0000","0.0000"
"100000472","BOVE00469","1.0000","1.0000","1.0000","0.0000","0.0000"
"100000473","BOVA00945","12.0000","12.0000","12.0000","0.0000","0.0000"
"100000473","BOVA00941","12.0000","12.0000","12.0000","0.0000","0.0000"
"100000473","BOAL01455-BOAL00656-BOAL00661-BOAL00662","2.0000","2.0000","2.0000","0.0000","0.0000"
"100000473","BOAL00656","2.0000","1.0000","1.0000","0.0000","0.0000"
"100000473","BOAL00661","2.0000","1.0000","1.0000","0.0000","0.0000"
"100000473","BOAL00662","2.0000","1.0000","1.0000","0.0000","0.0000"
"100000474","BOVE00521","2.0000","2.0000","2.0000","0.0000","0.0000"
"100000475","BOVE00386","2.0000","2.0000","2.0000","0.0000","0.0000"
"100000476","BOVE00118","2.0000","2.0000","2.0000","0.0000","0.0000"
"100000476","BOVE00116","2.0000","2.0000","2.0000","0.0000","0.0000"
"100000477","BOBB00038","1.0000","1.0000","1.0000","0.0000","0.0000"
"100000478","BOVE00005","2.0000","2.0000","2.0000","0.0000","0.0000"
"100000478","ME00477","2.0000","2.0000","2.0000","0.0000","0.0000"
"100000478","BOVE00006","3.0000","3.0000","3.0000","0.0000","0.0000"
"100000478","BOVE00007","2.0000","2.0000","2.0000","0.0000","0.0000"
"100000478","BOVE00003","2.0000","2.0000","2.0000","0.0000","0.0000"
"100000478","BOVE00001","3.0000","3.0000","3.0000","0.0000","0.0000"
"100000478","BOVE00802","2.0000","2.0000","2.0000","0.0000","0.0000"
"100000479","BOVE00447","1.0000","1.0000","1.0000","0.0000","0.0000"
"100000479","BBR0010002","2.0000","2.0000","2.0000","0.0000","0.0000"
"100000479","BOVE00450","1.0000","1.0000","1.0000","0.0000","0.0000"
"100000480","ME00C51","1.0000","1.0000","1.0000","0.0000","0.0000"
"100000481","BOVE00772","1.0000","1.0000","1.0000","0.0000","0.0000"
"100000482","BOVE00631","4.0000","4.0000","4.0000","0.0000","0.0000"
"100000483","BOCI00675","1.0000","1.0000","1.0000","0.0000","0.0000"
"100000484","BOVE00286","1.0000","1.0000","1.0000","0.0000","0.0000"
"100000485","BOVE00506","4.0000","4.0000","4.0000","0.0000","0.0000"
"100000486","BOAL01175-BOAL00317-BOAL00321-BOAL00323-BOAL00325-BOAL00319-BOAL00322-BOAL00324","1.0000","1.0000","1.0000","0.0000","0.0000"
"100000486","BOAL00317","1.0000","1.0000","1.0000","0.0000","0.0000"
"100000486","BOAL00321","1.0000","1.0000","1.0000","0.0000","0.0000"
"100000486","BOAL00323","1.0000","1.0000","1.0000","0.0000","0.0000"
"100000486","BOAL00325","1.0000","1.0000","1.0000","0.0000","0.0000"
"100000486","BOAL00319","1.0000","1.0000","1.0000","0.0000","0.0000"
"100000486","BOAL00322","1.0000","1.0000","1.0000","0.0000","0.0000"
"100000486","BOAL00324","1.0000","1.0000","1.0000","0.0000","0.0000"
"100000487","BOVE00170","1.0000","1.0000","1.0000","0.0000","0.0000"
"100000488","BOVE00444","1.0000","1.0000","1.0000","0.0000","0.0000"
"100000489","ME00C151","1.0000","0.0000","0.0000","1.0000","0.0000"
"100000490","BOBB00058","1.0000","1.0000","1.0000","0.0000","0.0000"
"100000491","BOVA01305","6.0000","6.0000","6.0000","0.0000","0.0000"
"100000492","ME00475","1.0000","1.0000","1.0000","0.0000","0.0000"
"100000492","BOAL00639","1.0000","1.0000","1.0000","0.0000","0.0000"
"100000492","BOCI00324","1.0000","1.0000","1.0000","0.0000","0.0000"
"100000493","BOCI00411","1.0000","1.0000","1.0000","0.0000","0.0000"
"100000494","BOVE00722","2.0000","2.0000","2.0000","0.0000","0.0000"
"100000495","BOVE00113","1.0000","1.0000","1.0000","0.0000","0.0000"
"100000496","BOVE00445","1.0000","1.0000","1.0000","0.0000","0.0000"
"100000497","BOVE00797-BOVE00796-BOVE00795-BOVE00794","6.0000","6.0000","6.0000","0.0000","0.0000"
"100000497","BOVE00796","6.0000","1.0000","1.0000","0.0000","0.0000"
"100000497","BOVE00795","6.0000","1.0000","1.0000","0.0000","0.0000"
"100000497","BOVE00794","6.0000","1.0000","1.0000","0.0000","0.0000"
"100000498","ME00C127","1.0000","1.0000","1.0000","0.0000","0.0000"
"100000498","BOAL00693","1.0000","1.0000","1.0000","0.0000","0.0000"
"100000499","BOAL00612","2.0000","2.0000","2.0000","0.0000","0.0000"
"100000500","BBR0010002","4.0000","4.0000","4.0000","0.0000","0.0000"
"100000501","BOVE00784","1.0000","1.0000","1.0000","0.0000","0.0000"
"100000502","BBR0010002","1.0000","1.0000","1.0000","0.0000","0.0000"
"100000503","BOBB00042","1.0000","1.0000","1.0000","0.0000","0.0000"
"100000504","BOVE00590","3.0000","3.0000","3.0000","0.0000","0.0000"
"100000505","BOBB00059","1.0000","1.0000","1.0000","0.0000","0.0000"
"100000505","BOBB00053","1.0000","1.0000","1.0000","0.0000","0.0000"
"100000506","BOVE00109","2.0000","0.0000","0.0000","2.0000","0.0000"
"100000507","BOAL00762","15.0000","15.0000","15.0000","0.0000","0.0000"
"100000508","SRC-CHRONO","1.0000","1.0000","1.0000","0.0000","1.0000"
"100000509","BOVA00767","10.0000","10.0000","10.0000","0.0000","0.0000"
"100000510","BOVE00574","2.0000","2.0000","2.0000","0.0000","0.0000"
"100000511","BOVE00443","1.0000","1.0000","1.0000","0.0000","0.0000"
"100000511","BOAL00698","1.0000","1.0000","1.0000","0.0000","0.0000"
"100000511","BOVE00113","1.0000","1.0000","1.0000","0.0000","0.0000"
"100000512","BOVE00378","1.0000","1.0000","1.0000","0.0000","0.0000"
"100000512","BOVE00379","1.0000","1.0000","1.0000","0.0000","0.0000"
"100000512","BOVE00381","1.0000","1.0000","1.0000","0.0000","0.0000"
"100000512","BOVE00380","1.0000","1.0000","1.0000","0.0000","0.0000"
"100000513","BOVE00281","2.0000","0.0000","0.0000","2.0000","0.0000"
"100000514","BCO0010013-BCO0010004-BCO0010001-BCO0010002-BCO0010003","1.0000","1.0000","1.0000","0.0000","0.0000"
"100000514","BCO0010004","2.0000","1.0000","1.0000","0.0000","0.0000"
"100000514","BCO0010001","2.0000","1.0000","1.0000","0.0000","0.0000"
"100000514","BCO0010002","2.0000","1.0000","1.0000","0.0000","0.0000"
"100000514","BCO0010003","2.0000","1.0000","1.0000","0.0000","0.0000"
"100000515","BOVE00281","2.0000","2.0000","2.0000","0.0000","0.0000"
"100000516","BOVE00547","1.0000","1.0000","1.0000","0.0000","0.0000"
"100000516","BOBB00069","1.0000","1.0000","1.0000","0.0000","0.0000"
"100000516","BOVE00355","1.0000","1.0000","1.0000","0.0000","0.0000"
"100000516","BOVE00537","1.0000","1.0000","1.0000","0.0000","0.0000"
"100000516","BOVE00518","1.0000","1.0000","1.0000","0.0000","0.0000"
"100000517","BOAL00720","35.0000","35.0000","35.0000","0.0000","0.0000"
"100000517","BOAL00721","10.0000","10.0000","10.0000","0.0000","0.0000"
"100000518","BOVE00285","9.0000","9.0000","9.0000","0.0000","0.0000"
"100000518","BOVE00284","9.0000","9.0000","9.0000","0.0000","0.0000"
"100000519","BOVE00092","1.0000","1.0000","1.0000","0.0000","0.0000"
"100000519","BOVE00094","1.0000","1.0000","1.0000","0.0000","0.0000"
"100000520","BOBB00028","1.0000","1.0000","1.0000","0.0000","0.0000"
"100000521","BOAL00394","1.0000","1.0000","1.0000","0.0000","0.0000"
"100000522","BNN0010002","1.0000","1.0000","1.0000","0.0000","0.0000"
"100000522","BOVE00485","1.0000","1.0000","1.0000","0.0000","0.0000"
"100000523","BBR0010001","1.0000","0.0000","0.0000","1.0000","0.0000"
"100000524","BOVE00508","2.0000","2.0000","2.0000","0.0000","0.0000"
"100000525","BOAL00763","1.0000","1.0000","1.0000","0.0000","0.0000"
"100000526","BOUU00012","3.0000","0.0000","0.0000","3.0000","0.0000"
"200000001","BOVE00344","26.0000","26.0000","26.0000","0.0000","0.0000"
"200000001","SRC-FPS","1.0000","1.0000","1.0000","0.0000","0.0000"
"100000527","BOVE00547","1.0000","1.0000","1.0000","0.0000","0.0000"
"100000528","BOAL01216-BOAL00388-BOAL00393-BOAL00394","1.0000","1.0000","1.0000","0.0000","0.0000"
"100000528","BOAL00388","1.0000","1.0000","1.0000","0.0000","0.0000"
"100000528","BOAL00393","1.0000","1.0000","1.0000","0.0000","0.0000"
"100000528","BOAL00394","1.0000","1.0000","1.0000","0.0000","0.0000"
"100000529","BOBB00005","3.0000","3.0000","3.0000","0.0000","0.0000"
"100000530","BOVA01321","2.0000","2.0000","2.0000","0.0000","0.0000"
"100000530","BOVA01322","1.0000","1.0000","1.0000","0.0000","0.0000"
"100000530","BOVA01323","1.0000","1.0000","1.0000","0.0000","0.0000"
"100000531","BOAL01389-BOAL00208-BOAL00264-BOAL00222-BOAL00241","1.0000","1.0000","1.0000","0.0000","0.0000"
"100000531","BOAL00208","1.0000","1.0000","1.0000","0.0000","0.0000"
"100000531","BOAL00264","1.0000","1.0000","1.0000","0.0000","0.0000"
"100000531","BOAL00222","1.0000","1.0000","1.0000","0.0000","0.0000"
"100000531","BOAL00241","1.0000","1.0000","1.0000","0.0000","0.0000"
"100000531","BOAL00231","2.0000","2.0000","2.0000","0.0000","0.0000"
"100000532","BOVE00721","5.0000","5.0000","5.0000","0.0000","0.0000"
"100000533","BOCI00354","1.0000","1.0000","1.0000","0.0000","0.0000"
"100000533","BOCI00341","1.0000","1.0000","1.0000","0.0000","0.0000"
"100000534","BOAL01183-BOAL00327-BOAL00328-BOAL00329-BOAL00330","1.0000","1.0000","1.0000","0.0000","0.0000"
"100000534","BOAL00327","2.0000","1.0000","1.0000","0.0000","0.0000"
"100000534","BOAL00328","2.0000","1.0000","1.0000","0.0000","0.0000"
"100000534","BOAL00329","2.0000","1.0000","1.0000","0.0000","0.0000"
"100000534","BOAL00330","2.0000","1.0000","1.0000","0.0000","0.0000"
"100000535","BOBB00038","1.0000","1.0000","1.0000","0.0000","0.0000"
"100000536","BOBB00053","1.0000","1.0000","1.0000","0.0000","0.0000"
"100000537","BOVE00512","2.0000","2.0000","2.0000","0.0000","0.0000"
"100000538","BOVE00797","6.0000","6.0000","6.0000","0.0000","0.0000"
"100000539","BOVE00547","1.0000","1.0000","1.0000","0.0000","0.0000"
"100000539","BOBB00027","3.0000","3.0000","3.0000","0.0000","0.0000"
"100000539","BOVE00100","1.0000","1.0000","1.0000","0.0000","0.0000"
"100000539","BOVE00289","1.0000","1.0000","1.0000","0.0000","0.0000"
"100000539","BOBB00069","1.0000","1.0000","1.0000","0.0000","0.0000"
"100000540","BOVE00113","5.0000","5.0000","5.0000","0.0000","0.0000"
"100000541","ME00C127","1.0000","1.0000","1.0000","0.0000","0.0000"
"100000542","BOVE00797-BOVE00796-BOVE00795-BOVE00794","4.0000","4.0000","4.0000","0.0000","0.0000"
"100000542","BOVE00796","4.0000","1.0000","1.0000","0.0000","0.0000"
"100000542","BOVE00795","4.0000","1.0000","1.0000","0.0000","0.0000"
"100000542","BOVE00794","4.0000","1.0000","1.0000","0.0000","0.0000"
"100000543","BOVE00290","1.0000","0.0000","0.0000","1.0000","0.0000"
"100000544","BOVE00290","1.0000","1.0000","1.0000","0.0000","0.0000"
"100000545","BOVA01222","4.0000","4.0000","4.0000","0.0000","0.0000"
"100000545","BOVE00773","1.0000","1.0000","1.0000","0.0000","0.0000"
"100000546","BOCI00860","8.0000","8.0000","8.0000","0.0000","0.0000"
"100000547","BOAL01189-BOAL00340-BOAL00343-BOAL00347-BOAL00349-BOAL00341-BOAL00345","1.0000","0.0000","0.0000","1.0000","0.0000"
"100000547","BOAL00340","2.0000","0.0000","0.0000","0.0000","0.0000"
"100000547","BOAL00343","2.0000","0.0000","0.0000","0.0000","0.0000"
"100000547","BOAL00347","2.0000","0.0000","0.0000","0.0000","0.0000"
"100000547","BOAL00349","2.0000","0.0000","0.0000","0.0000","0.0000"
"100000547","BOAL00341","2.0000","0.0000","0.0000","0.0000","0.0000"
"100000547","BOAL00345","2.0000","0.0000","0.0000","0.0000","0.0000"
"100000548","BOAL01189-BOAL00340-BOAL00343-BOAL00347-BOAL00349-BOAL00341-BOAL00345","1.0000","1.0000","1.0000","0.0000","0.0000"
"100000548","BOAL00340","2.0000","1.0000","1.0000","0.0000","0.0000"
"100000548","BOAL00343","2.0000","1.0000","1.0000","0.0000","0.0000"
"100000548","BOAL00347","2.0000","1.0000","1.0000","0.0000","0.0000"
"100000548","BOAL00349","2.0000","1.0000","1.0000","0.0000","0.0000"
"100000548","BOAL00341","2.0000","1.0000","1.0000","0.0000","0.0000"
"100000548","BOAL00345","2.0000","1.0000","1.0000","0.0000","0.0000"
"100000549","BOBB00053","1.0000","1.0000","1.0000","0.0000","0.0000"
"100000549","BOCI00412","1.0000","1.0000","1.0000","0.0000","0.0000"
"100000550","BOVE00309","1.0000","1.0000","1.0000","0.0000","0.0000"
"100000550","BOVE00308","1.0000","1.0000","1.0000","0.0000","0.0000"
"100000551","BOAL01130-BOAL00167-BOAL00170-BOAL00175-BOAL00173","2.0000","2.0000","2.0000","0.0000","2.0000"
"100000551","BOAL00167","2.0000","1.0000","1.0000","0.0000","2.0000"
"100000551","BOAL00170","2.0000","1.0000","1.0000","0.0000","2.0000"
"100000551","BOAL00175","2.0000","1.0000","1.0000","0.0000","2.0000"
"100000551","BOAL00173","2.0000","1.0000","1.0000","0.0000","2.0000"
"100000551","BOAL00175","1.0000","1.0000","1.0000","0.0000","1.0000"
"100000551","BOAL00172","1.0000","1.0000","1.0000","0.0000","1.0000"
"100000551","BOCI00340","1.0000","1.0000","1.0000","0.0000","1.0000"
"300000002","BOVE00793","2.0000","2.0000","2.0000","0.0000","0.0000"
"300000002","BOVA00746","1.0000","1.0000","1.0000","0.0000","0.0000"
"300000002","BOVA00444","8.0000","8.0000","8.0000","0.0000","0.0000"
"100000552","BOCI00574","1.0000","1.0000","1.0000","0.0000","0.0000"
"100000553","BOBB00038","1.0000","1.0000","1.0000","0.0000","0.0000"
"100000553","BNN0010001","1.0000","1.0000","1.0000","0.0000","0.0000"
"100000553","BOUU00058","1.0000","1.0000","1.0000","0.0000","0.0000"
"100000553","BOUU00059","1.0000","1.0000","1.0000","0.0000","0.0000"
"100000554","BOVE00587","1.0000","1.0000","1.0000","0.0000","0.0000"
"100000555","EME0010002","1.0000","0.0000","0.0000","1.0000","0.0000"
"100000556","EME0010002","1.0000","0.0000","0.0000","1.0000","0.0000"
"100000557","BOBB00038","2.0000","0.0000","0.0000","2.0000","0.0000"
"100000558","BOBB00038","2.0000","0.0000","0.0000","2.0000","0.0000"
"100000559","EME0010002","1.0000","0.0000","0.0000","1.0000","0.0000"
"100000560","BOBB00038","2.0000","0.0000","0.0000","2.0000","0.0000"
"100000561","BOBB00038","2.0000","0.0000","0.0000","2.0000","0.0000"
"100000562","BOBB00038","2.0000","0.0000","0.0000","2.0000","0.0000"
"100000563","BOBB00038","2.0000","0.0000","0.0000","2.0000","0.0000"
"100000564","ME00C127","1.0000","1.0000","1.0000","0.0000","0.0000"
"100000565","BOVE00087","1.0000","0.0000","0.0000","1.0000","0.0000"
"100000565","BOVE00091","1.0000","0.0000","0.0000","1.0000","0.0000"
"100000565","BOVE00089","1.0000","0.0000","0.0000","1.0000","0.0000"
"100000565","BOVA00530","6.0000","0.0000","0.0000","6.0000","0.0000"
"100000565","BOVA00529","6.0000","0.0000","0.0000","6.0000","0.0000"
"100000565","BOVA00528","6.0000","0.0000","0.0000","6.0000","0.0000"
"100000565","BOVA00527","6.0000","0.0000","0.0000","6.0000","0.0000"
"100000566","BBR0010001","1.0000","0.0000","0.0000","1.0000","0.0000"
"100000567","BOBB00038","2.0000","2.0000","2.0000","0.0000","0.0000"
"100000568","BOAL00713","85.0000","85.0000","85.0000","0.0000","85.0000"
"100000569","BOAL01184-BOAL00340-BOAL00343-BOAL00347","1.0000","1.0000","1.0000","0.0000","0.0000"
"100000569","BOAL00340","1.0000","1.0000","1.0000","0.0000","0.0000"
"100000569","BOAL00343","1.0000","1.0000","1.0000","0.0000","0.0000"
"100000569","BOAL00347","1.0000","1.0000","1.0000","0.0000","0.0000"
"100000569","BOAL00341","1.0000","1.0000","1.0000","0.0000","0.0000"
"100000569","BOAL00345","1.0000","1.0000","1.0000","0.0000","0.0000"
"100000570","BOUU00012","3.0000","3.0000","3.0000","0.0000","0.0000"
"100000571","ME00439","2.0000","0.0000","0.0000","2.0000","0.0000"
"100000572","ME00439","2.0000","2.0000","2.0000","0.0000","0.0000"
"100000573","BOBB00058","1.0000","0.0000","0.0000","1.0000","0.0000"
"100000573","BOBB00069","1.0000","0.0000","0.0000","1.0000","0.0000"
"100000573","BOBB00059","1.0000","0.0000","0.0000","1.0000","0.0000"
"100000573","BOBB00053","1.0000","0.0000","0.0000","1.0000","0.0000"
"100000573","BOBB00045","1.0000","0.0000","0.0000","1.0000","0.0000"
"300000003","ME00489","2.0000","2.0000","2.0000","0.0000","0.0000"
"100000574","BOAL00667","1.0000","0.0000","0.0000","1.0000","0.0000"
"100000574","BOAL00668","1.0000","0.0000","0.0000","1.0000","0.0000"
"100000574","BOAL00665","2.0000","0.0000","0.0000","2.0000","0.0000"
"100000574","BOAL00664","2.0000","0.0000","0.0000","2.0000","0.0000"
"100000574","BOAL00666","3.0000","0.0000","0.0000","3.0000","0.0000"
"100000575","BOAL00667","1.0000","1.0000","1.0000","0.0000","0.0000"
"100000575","BOAL00668","1.0000","1.0000","1.0000","0.0000","0.0000"
"100000575","BOAL00665","2.0000","2.0000","2.0000","0.0000","0.0000"
"100000575","BOAL00664","2.0000","2.0000","2.0000","0.0000","0.0000"
"100000575","BOAL00666","3.0000","3.0000","3.0000","0.0000","0.0000"
"100000576","BOVE00517","1.0000","1.0000","1.0000","0.0000","0.0000"
"100000577","ME00C51","1.0000","1.0000","1.0000","0.0000","0.0000"
"100000578","BOAL00329","2.0000","2.0000","2.0000","0.0000","0.0000"
"100000579","BOVE00387","2.0000","2.0000","2.0000","0.0000","0.0000"
"100000580","BOBB00053","1.0000","1.0000","1.0000","0.0000","0.0000"
"100000581","BOVA00440","1.0000","1.0000","1.0000","0.0000","0.0000"
"100000581","BOVA00443","1.0000","1.0000","1.0000","0.0000","0.0000"
"100000582","BCO0010013-BCO0010004-BCO0010001-BCO0010002-BCO0010003","1.0000","1.0000","1.0000","0.0000","0.0000"
"100000582","BCO0010004","2.0000","1.0000","1.0000","0.0000","0.0000"
"100000582","BCO0010001","2.0000","1.0000","1.0000","0.0000","0.0000"
"100000582","BCO0010002","2.0000","1.0000","1.0000","0.0000","0.0000"
"100000582","BCO0010003","2.0000","1.0000","1.0000","0.0000","0.0000"
"100000582","BCO0010011-BCO0010004-BCO0010001-BCO0010002-BCO0010003","1.0000","1.0000","1.0000","0.0000","0.0000"
"100000582","BCO0010004","1.0000","1.0000","1.0000","0.0000","0.0000"
"100000582","BCO0010001","1.0000","1.0000","1.0000","0.0000","0.0000"
"100000582","BCO0010002","1.0000","1.0000","1.0000","0.0000","0.0000"
"100000582","BCO0010003","1.0000","1.0000","1.0000","0.0000","0.0000"
"100000583","CCS0010002","1.0000","1.0000","1.0000","0.0000","0.0000"
"100000584","BOAL00923","22.0000","22.0000","22.0000","0.0000","0.0000"
"100000585","BOBB00214","1.0000","1.0000","1.0000","0.0000","0.0000"
"100000586","ME00C127","1.0000","1.0000","1.0000","0.0000","0.0000"
"100000587","BOBB00038","1.0000","1.0000","1.0000","0.0000","0.0000"
"100000588","BOVE00363","2.0000","2.0000","2.0000","0.0000","0.0000"
"100000588","BOVA01188","1.0000","1.0000","1.0000","0.0000","0.0000"
"100000588","BOVA01189","1.0000","1.0000","1.0000","0.0000","0.0000"
"100000588","BOVA01190","1.0000","1.0000","1.0000","0.0000","0.0000"
"100000588","BOVA01191","1.0000","1.0000","1.0000","0.0000","0.0000"
"100000588","BOVA01192","1.0000","1.0000","1.0000","0.0000","0.0000"
"100000588","BOBB00069","1.0000","1.0000","1.0000","0.0000","0.0000"
"100000589","BOAL00703","3.0000","3.0000","3.0000","0.0000","0.0000"
"100000590","BOAL01183-BOAL00327-BOAL00328-BOAL00329-BOAL00330","1.0000","1.0000","1.0000","0.0000","0.0000"
"100000590","BOAL00327","2.0000","1.0000","1.0000","0.0000","0.0000"
"100000590","BOAL00328","2.0000","1.0000","1.0000","0.0000","0.0000"
"100000590","BOAL00329","2.0000","1.0000","1.0000","0.0000","0.0000"
"100000590","BOAL00330","2.0000","1.0000","1.0000","0.0000","0.0000"
"100000591","BBR0010001","1.0000","1.0000","1.0000","0.0000","0.0000"
"100000592","BOAL00710","13.0000","0.0000","0.0000","13.0000","0.0000"
"100000592","BOAL00729","1.0000","0.0000","0.0000","1.0000","0.0000"
"100000592","BOAL00745","1.0000","0.0000","0.0000","1.0000","0.0000"
"100000592","BOBB00096","1.0000","0.0000","0.0000","1.0000","0.0000"
"100000593","BOVE00768","3.0000","3.0000","3.0000","0.0000","0.0000"
"100000593","BOVE00248","3.0000","3.0000","3.0000","0.0000","0.0000"
"100000593","BOVE00764","3.0000","3.0000","3.0000","0.0000","0.0000"
"100000593","BOVE00766","3.0000","3.0000","3.0000","0.0000","0.0000"
"100000593","BOBB00026","4.0000","4.0000","4.0000","0.0000","0.0000"
"100000593","ME00452","3.0000","3.0000","3.0000","0.0000","0.0000"
"100000594","ME00C24","2.0000","2.0000","2.0000","0.0000","0.0000"
"100000595","BOAL00343","2.0000","0.0000","0.0000","2.0000","0.0000"
"100000595","BOAL00241","2.0000","0.0000","0.0000","2.0000","0.0000"
"100000596","BOVE00496","1.0000","0.0000","0.0000","1.0000","0.0000"
"100000597","BOVE00496","1.0000","0.0000","0.0000","1.0000","0.0000"
"400000001","BOAL01391-BOAL00208-BOAL00264-BOAL00222-BOAL00241","1.0000","1.0000","1.0000","0.0000","0.0000"
"400000001","BOAL00208","2.0000","1.0000","1.0000","0.0000","0.0000"
"400000001","BOAL00264","2.0000","1.0000","1.0000","0.0000","0.0000"
"400000001","BOAL00222","2.0000","1.0000","1.0000","0.0000","0.0000"
"400000001","BOAL00241","2.0000","1.0000","1.0000","0.0000","0.0000"
"100000598","CCS0010001","3.0000","3.0000","3.0000","0.0000","0.0000"
"100000598","BOVE00423","2.0000","2.0000","2.0000","0.0000","0.0000"
"100000599","BOAL01180-BOAL00317-BOAL00321-BOAL00323-BOAL00325-BOAL00319-BOAL00322-BOAL00326-BOAL00324-BOAL00318-BOAL00320","1.0000","1.0000","1.0000","0.0000","0.0000"
"100000599","BOAL00317","2.0000","1.0000","1.0000","0.0000","0.0000"
"100000599","BOAL00321","2.0000","1.0000","1.0000","0.0000","0.0000"
"100000599","BOAL00323","2.0000","1.0000","1.0000","0.0000","0.0000"
"100000599","BOAL00325","2.0000","1.0000","1.0000","0.0000","0.0000"
"100000599","BOAL00319","2.0000","1.0000","1.0000","0.0000","0.0000"
"100000599","BOAL00322","2.0000","1.0000","1.0000","0.0000","0.0000"
"100000599","BOAL00326","2.0000","1.0000","1.0000","0.0000","0.0000"
"100000599","BOAL00324","2.0000","1.0000","1.0000","0.0000","0.0000"
"100000599","BOAL00318","2.0000","1.0000","1.0000","0.0000","0.0000"
"100000599","BOAL00320","2.0000","1.0000","1.0000","0.0000","0.0000"
"100000599","BOAL00703","2.0000","2.0000","2.0000","0.0000","0.0000"
"100000600","BOAL00343","1.0000","1.0000","1.0000","0.0000","0.0000"
"100000600","BOAL00349","1.0000","1.0000","1.0000","0.0000","0.0000"
"100000600","BOAL00348","2.0000","2.0000","2.0000","0.0000","0.0000"
"100000601","BOAL00343","2.0000","2.0000","2.0000","0.0000","0.0000"
"100000601","BOAL00349","2.0000","2.0000","2.0000","0.0000","0.0000"
"100000602","BOAL00759","18.0000","18.0000","18.0000","0.0000","0.0000"
"100000603","BOCI00767","1.0000","1.0000","1.0000","0.0000","0.0000"
"100000604","BOAL00713","5.0000","5.0000","5.0000","0.0000","0.0000"
"100000604","BOAL00715","1.0000","1.0000","1.0000","0.0000","0.0000"
"100000605","BOAL01183-BOAL00327-BOAL00328-BOAL00329-BOAL00330","1.0000","1.0000","1.0000","0.0000","0.0000"
"100000605","BOAL00327","2.0000","1.0000","1.0000","0.0000","0.0000"
"100000605","BOAL00328","2.0000","1.0000","1.0000","0.0000","0.0000"
"100000605","BOAL00329","2.0000","1.0000","1.0000","0.0000","0.0000"
"100000605","BOAL00330","2.0000","1.0000","1.0000","0.0000","0.0000"
"100000606","BOVA00786","6.0000","6.0000","6.0000","0.0000","0.0000"
"100000607","BOVE00708","1.0000","1.0000","1.0000","0.0000","0.0000"
"100000607","BOVE00709","1.0000","1.0000","1.0000","0.0000","0.0000"
"100000608","BOAL00413","2.0000","0.0000","0.0000","2.0000","0.0000"
"100000608","BOAL00410","2.0000","0.0000","0.0000","2.0000","0.0000"
"100000608","BOAL00457","1.0000","0.0000","0.0000","1.0000","0.0000"
"100000609","BOAL01457","1.0000","1.0000","1.0000","0.0000","0.0000"
"100000610","BOVE00505","1.0000","1.0000","1.0000","0.0000","0.0000"
"100000611","BOUU00012","3.0000","3.0000","3.0000","0.0000","0.0000"
"100000612","BOVE00108","1.0000","1.0000","1.0000","0.0000","0.0000"
"100000613","BOBB00038","1.0000","1.0000","1.0000","0.0000","0.0000"
"100000614","BOAL00930","3.0000","3.0000","3.0000","0.0000","0.0000"
"100000615","BOVA01479","3.0000","3.0000","3.0000","0.0000","0.0000"
"100000616","CCS0010005","1.0000","1.0000","1.0000","0.0000","0.0000"
"100000616","CCS0010001","1.0000","1.0000","1.0000","0.0000","0.0000"
"100000616","BOVE00521","1.0000","1.0000","1.0000","0.0000","0.0000"
"100000617","BOVE00378","1.0000","0.0000","0.0000","1.0000","0.0000"
"100000617","BOVE00381","1.0000","0.0000","0.0000","1.0000","0.0000"
"100000618","BOVE00378","1.0000","1.0000","1.0000","0.0000","0.0000"
"100000618","BOVE00381","1.0000","1.0000","1.0000","0.0000","0.0000"
"100000619","BOVE00393","1.0000","1.0000","1.0000","0.0000","0.0000"
"100000619","BOVE00679","1.0000","1.0000","1.0000","0.0000","0.0000"
"100000620","BOAL00394","2.0000","2.0000","2.0000","0.0000","0.0000"
"100000621","BOVE00113","5.0000","5.0000","5.0000","0.0000","0.0000"
"100000622","CCS0010005","3.0000","3.0000","3.0000","0.0000","0.0000"
"100000623","CCS0010002","3.0000","3.0000","3.0000","0.0000","0.0000"
"100000644","BOVE00326","2.0000","2.0000","2.0000","0.0000","0.0000"
"100000644","BOBB00026","1.0000","1.0000","1.0000","0.0000","0.0000"
"100000644","BOBB00010","1.0000","1.0000","1.0000","0.0000","0.0000"
"100000645","BOAL00413","2.0000","2.0000","2.0000","0.0000","0.0000"
"100000645","BOAL00410","2.0000","2.0000","2.0000","0.0000","0.0000"
"100000645","BOAL00457","1.0000","1.0000","1.0000","0.0000","0.0000"
"100000646","ME00117-ME00114-ME00115-ME00116-ME00124","1.0000","1.0000","1.0000","0.0000","1.0000"
"100000646","ME00124","1.0000","1.0000","1.0000","0.0000","0.0000"
"100000647","BOVE00113","1.0000","0.0000","0.0000","1.0000","0.0000"
"100000648","BOVE00054","1.0000","1.0000","1.0000","0.0000","0.0000"
"100000649","BOVE00060","1.0000","1.0000","1.0000","0.0000","0.0000"
"100000650","ME00011","1.0000","1.0000","1.0000","0.0000","0.0000"
"100000653","BOVE00113","1.0000","0.0000","0.0000","1.0000","0.0000"
"100000654","ME00C127","1.0000","1.0000","1.0000","0.0000","0.0000"
"100000655","BOVE00110","1.0000","1.0000","1.0000","0.0000","0.0000"
"300000004","BOVA00529","8.0000","8.0000","8.0000","0.0000","0.0000"
"300000004","BOVA00528","8.0000","8.0000","8.0000","0.0000","0.0000"
"300000004","BOVA00531","8.0000","8.0000","8.0000","0.0000","0.0000"
"100000656","BOBB00058","1.0000","1.0000","1.0000","0.0000","0.0000"
"100000657","BOVE00380","1.0000","1.0000","1.0000","0.0000","0.0000"
"100000657","BOVE00391","1.0000","1.0000","1.0000","0.0000","0.0000"
"100000658","BOVE00797-BOVE00796-BOVE00795-BOVE00794","8.0000","8.0000","8.0000","0.0000","0.0000"
"100000658","BOVE00796","8.0000","1.0000","1.0000","0.0000","0.0000"
"100000658","BOVE00795","8.0000","1.0000","1.0000","0.0000","0.0000"
"100000658","BOVE00794","8.0000","1.0000","1.0000","0.0000","0.0000"
"100000658","BOAL01506","2.0000","2.0000","2.0000","0.0000","0.0000"
"100000658","LLW0010001","1.0000","1.0000","1.0000","0.0000","0.0000"
"100000659","BOVE00113","3.0000","3.0000","3.0000","0.0000","0.0000"
"100000660","CCS0010010","2.0000","2.0000","2.0000","0.0000","0.0000"
"100000660","CCS0010002","2.0000","2.0000","2.0000","0.0000","0.0000"
"100000660","CCS0010005","3.0000","3.0000","3.0000","0.0000","0.0000"
"100000660","CCS0010003","1.0000","1.0000","1.0000","0.0000","0.0000"
"100000661","BOVE00445","1.0000","1.0000","1.0000","0.0000","0.0000"
"100000661","BOVE00378","1.0000","1.0000","1.0000","0.0000","0.0000"
"100000662","CCS0010003","3.0000","3.0000","3.0000","0.0000","0.0000"
"100000663","BOVE00117","1.0000","0.0000","0.0000","1.0000","0.0000"
"100000664","BOVE00117","1.0000","1.0000","1.0000","0.0000","0.0000"
"100000665","BOVE00443","1.0000","1.0000","1.0000","0.0000","0.0000"
"300000005","BOVA00560","6.0000","6.0000","6.0000","0.0000","0.0000"
"100000666","BOAL00759","6.0000","6.0000","6.0000","0.0000","0.0000"
"100000667","BOVE00224","8.0000","8.0000","8.0000","0.0000","0.0000"
"100000667","BOVE00114","1.0000","1.0000","1.0000","0.0000","0.0000"
"100000668","CCS0010002","6.0000","6.0000","6.0000","0.0000","0.0000"
"100000669","BOBB00058","1.0000","1.0000","1.0000","0.0000","0.0000"
"100000669","BOBB00064","1.0000","1.0000","1.0000","0.0000","0.0000"
"100000670","BOBB00058","1.0000","1.0000","1.0000","0.0000","0.0000"
"100000671","BOBB00040","3.0000","3.0000","3.0000","0.0000","0.0000"
"100000672","BOVE00601","1.0000","1.0000","1.0000","0.0000","0.0000"
"100000673","BOAL01262-BOAL00468-BOAL00473-BOAL00474-BOAL00476","1.0000","1.0000","1.0000","0.0000","1.0000"
"100000673","BOAL00468","2.0000","1.0000","1.0000","0.0000","2.0000"
"100000673","BOAL00473","2.0000","1.0000","1.0000","0.0000","2.0000"
"100000673","BOAL00474","2.0000","1.0000","1.0000","0.0000","2.0000"
"100000673","BOAL00476","2.0000","1.0000","1.0000","0.0000","2.0000"
"100000674","BOVA00946","6.0000","6.0000","6.0000","0.0000","0.0000"
"100000675","BOVE00722","4.0000","4.0000","4.0000","0.0000","0.0000"
"100000676","BOAL01187-BOAL00340-BOAL00343-BOAL00347-BOAL00349-BOAL00341-BOAL00345-BOAL00348","1.0000","1.0000","1.0000","0.0000","0.0000"
"100000676","BOAL00340","1.0000","1.0000","1.0000","0.0000","0.0000"
"100000676","BOAL00343","1.0000","1.0000","1.0000","0.0000","0.0000"
"100000676","BOAL00347","1.0000","1.0000","1.0000","0.0000","0.0000"
"100000676","BOAL00349","1.0000","1.0000","1.0000","0.0000","0.0000"
"100000676","BOAL00341","1.0000","1.0000","1.0000","0.0000","0.0000"
"100000676","BOAL00345","1.0000","1.0000","1.0000","0.0000","0.0000"
"100000676","BOAL00348","1.0000","1.0000","1.0000","0.0000","0.0000"
"100000676","BOCI00301","1.0000","1.0000","1.0000","0.0000","0.0000"
"100000677","ME00286-ME00285","1.0000","0.0000","0.0000","1.0000","0.0000"
"100000677","ME00285","6.0000","0.0000","0.0000","0.0000","0.0000"
"100000677","ME00262","1.0000","0.0000","0.0000","1.0000","0.0000"
"100000677","ME00138","1.0000","0.0000","0.0000","1.0000","0.0000"
"100000678","BOVE00419","2.0000","2.0000","2.0000","0.0000","0.0000"
"100000679","BOVE00387","1.0000","1.0000","1.0000","0.0000","0.0000"
"100000679","BOVE00060","1.0000","1.0000","1.0000","0.0000","0.0000"
"100000679","BOBB00034","1.0000","1.0000","1.0000","0.0000","0.0000"
"100000680","BOBB00032","2.0000","0.0000","0.0000","2.0000","0.0000"
"100000680","BOBB00045","1.0000","0.0000","0.0000","1.0000","0.0000"
"100000681","BOVE00467","1.0000","1.0000","1.0000","0.0000","0.0000"
"100000681","BOVE00199","1.0000","1.0000","1.0000","0.0000","0.0000"
"100000682","BOVE00710","1.0000","1.0000","1.0000","0.0000","0.0000"
"100000683","BOVE00547","1.0000","1.0000","1.0000","0.0000","0.0000"
"100000684","BOAL00720","2.0000","0.0000","0.0000","2.0000","0.0000"
"100000685","BOAL00720","2.0000","0.0000","0.0000","2.0000","0.0000"
"100000686","BOAL00720","2.0000","0.0000","0.0000","2.0000","0.0000"
"100000687","BOVE00448","1.0000","1.0000","1.0000","0.0000","0.0000"
"100000688","BOVE00503","1.0000","1.0000","1.0000","0.0000","0.0000"
"100000689","BOVE00557","1.0000","1.0000","1.0000","0.0000","0.0000"
"100000690","BOAL00231","2.0000","2.0000","2.0000","0.0000","0.0000"
"100000690","BOAL00222","2.0000","2.0000","2.0000","0.0000","0.0000"
"100000691","BOVE00704","1.0000","1.0000","1.0000","0.0000","0.0000"
"100000692","BOUU00017","1.0000","1.0000","1.0000","0.0000","0.0000"
"100000693","BOVE00054","1.0000","1.0000","1.0000","0.0000","0.0000"
"100000693","BOVE00114","1.0000","1.0000","1.0000","0.0000","0.0000"
"100000693","BOAL01455-BOAL00656-BOAL00661-BOAL00662","2.0000","2.0000","2.0000","0.0000","0.0000"
"100000693","BOAL00656","2.0000","1.0000","1.0000","0.0000","0.0000"
"100000693","BOAL00661","2.0000","1.0000","1.0000","0.0000","0.0000"
"100000693","BOAL00662","2.0000","1.0000","1.0000","0.0000","0.0000"
"100000693","BOVE00501","1.0000","1.0000","1.0000","0.0000","0.0000"
"100000694","ME00C51","1.0000","1.0000","1.0000","0.0000","0.0000"
"100000695","BOAL01456-BOAL00656-BOAL00661-BOAL00662-BOAL00663","1.0000","1.0000","1.0000","0.0000","0.0000"
"100000695","BOAL00656","1.0000","1.0000","1.0000","0.0000","0.0000"
"100000695","BOAL00661","1.0000","1.0000","1.0000","0.0000","0.0000"
"100000695","BOAL00662","1.0000","1.0000","1.0000","0.0000","0.0000"
"100000695","BOAL00663","1.0000","1.0000","1.0000","0.0000","0.0000"
"100000695","BOAL00661","1.0000","1.0000","1.0000","0.0000","0.0000"
"100000695","BOAL00662","1.0000","1.0000","1.0000","0.0000","0.0000"
"100000696","BOVA01448","1.0000","1.0000","1.0000","0.0000","0.0000"
"100000697","BOVE00255","1.0000","1.0000","1.0000","0.0000","0.0000"
"100000698","ME00C51","1.0000","1.0000","1.0000","0.0000","0.0000"
"100000699","ME00C127","1.0000","0.0000","0.0000","1.0000","0.0000"
"100000700","ME00C127","1.0000","0.0000","0.0000","1.0000","0.0000"
"100000701","ME00C127","1.0000","0.0000","0.0000","1.0000","0.0000"
"100000702","ME00C127","1.0000","1.0000","1.0000","0.0000","0.0000"
"100000703","ME00C151","1.0000","1.0000","1.0000","0.0000","0.0000"
"100000704","BOVE00471","1.0000","1.0000","1.0000","0.0000","0.0000"
"100000704","BOBB00269","1.0000","1.0000","1.0000","0.0000","0.0000"
"100000704","BOVE00778","1.0000","1.0000","1.0000","0.0000","0.0000"
"100000705","BOVA01381","1.0000","1.0000","1.0000","0.0000","0.0000"
"100000705","BOVA01375","1.0000","1.0000","1.0000","0.0000","0.0000"
"100000705","BOVA01387","1.0000","1.0000","1.0000","0.0000","0.0000"
"100000706","BOVE00623","3.0000","3.0000","3.0000","0.0000","0.0000"
"100000707","BOVA01404","12.0000","0.0000","0.0000","12.0000","0.0000"
"100000707","BOVA01408","12.0000","0.0000","0.0000","12.0000","0.0000"
"100000707","BOAL00221","2.0000","0.0000","0.0000","2.0000","0.0000"
"100000707","BOVE00343","2.0000","0.0000","0.0000","2.0000","0.0000"
"100000708","BOAL00717","1.0000","0.0000","0.0000","1.0000","0.0000"
"100000708","BOAL00711","1.0000","0.0000","0.0000","1.0000","0.0000"
"100000708","BOBB00038","1.0000","0.0000","0.0000","1.0000","0.0000"
"100000708","BOBB00270","1.0000","0.0000","0.0000","1.0000","0.0000"
"100000709","BOBB00053","1.0000","1.0000","1.0000","0.0000","0.0000"
"100000709","BOBB00058","1.0000","1.0000","1.0000","0.0000","0.0000"
"100000709","BOBB00069","1.0000","1.0000","1.0000","0.0000","0.0000"
"100000710","CCS0010015","1.0000","1.0000","1.0000","0.0000","0.0000"
"100000711","BOVE00386","2.0000","2.0000","2.0000","0.0000","0.0000"
"100000711","BOVE00387","1.0000","1.0000","1.0000","0.0000","0.0000"
"100000712","CCS0010002","2.0000","2.0000","2.0000","0.0000","0.0000"
"100000713","BOCI00583","1.0000","1.0000","1.0000","0.0000","0.0000"
"100000714","BOCI00365","2.0000","2.0000","2.0000","0.0000","0.0000"
"100000715","ME00C127","1.0000","1.0000","1.0000","0.0000","0.0000"
"100000716","BOVE00083","2.0000","2.0000","2.0000","0.0000","0.0000"
"100000716","BOVE00082","2.0000","2.0000","2.0000","0.0000","0.0000"
"100000716","BOAL00217","2.0000","2.0000","2.0000","0.0000","0.0000"
"100000717","ME00C127","1.0000","1.0000","1.0000","0.0000","0.0000"
"100000718","BOVE00111","1.0000","1.0000","1.0000","0.0000","0.0000"
"100000719","BOVE00475","1.0000","1.0000","1.0000","0.0000","0.0000"
"100000720","ME00C51","1.0000","1.0000","1.0000","0.0000","0.0000"
"100000721","BOVA01081","5.0000","5.0000","5.0000","0.0000","0.0000"
"100000721","BOVA01080","3.0000","3.0000","3.0000","0.0000","0.0000"
"100000722","BOCI00292","1.0000","1.0000","1.0000","0.0000","0.0000"
"100000723","BOBB00116","1.0000","1.0000","1.0000","0.0000","0.0000"
"100000724","ME00489","6.0000","6.0000","6.0000","0.0000","0.0000"
"100000724","BOVE00156","2.0000","2.0000","2.0000","0.0000","0.0000"
"100000725","BOCI00337","1.0000","1.0000","1.0000","0.0000","0.0000"
"100000726","BOVE00457","1.0000","1.0000","1.0000","0.0000","0.0000"
"100000727","BOBB00038","1.0000","0.0000","0.0000","1.0000","0.0000"
"100000728","ME00139","1.0000","1.0000","1.0000","0.0000","0.0000"
"100000728","ME00136","1.0000","1.0000","1.0000","0.0000","0.0000"
"100000729","BOVE00394","1.0000","0.0000","0.0000","1.0000","0.0000"
"100000729","BOVE00199","1.0000","0.0000","0.0000","1.0000","0.0000"
"100000730","BOVE00547","1.0000","1.0000","1.0000","0.0000","0.0000"
"100000730","BOBB00062","1.0000","1.0000","1.0000","0.0000","0.0000"
"100000730","BOVE00538","1.0000","1.0000","1.0000","0.0000","0.0000"
"100000731","BOVE00109","10.0000","10.0000","10.0000","0.0000","0.0000"
"100000732","BOBB00038","1.0000","1.0000","1.0000","0.0000","0.0000"
"100000733","BOAL00328","1.0000","1.0000","1.0000","0.0000","0.0000"
"100000733","BOAL00330","1.0000","1.0000","1.0000","0.0000","0.0000"
"100000733","BOVA01202","1.0000","1.0000","1.0000","0.0000","0.0000"
"100000734","BOAL01174C-BOAL00317-BOAL00321-BOAL00323-BOAL00325-ME00C51","1.0000","1.0000","1.0000","0.0000","0.0000"
"100000734","BOAL00317","2.0000","1.0000","1.0000","0.0000","0.0000"
"100000734","BOAL00321","2.0000","1.0000","1.0000","0.0000","0.0000"
"100000734","BOAL00323","2.0000","1.0000","1.0000","0.0000","0.0000"
"100000734","BOAL00325","2.0000","1.0000","1.0000","0.0000","0.0000"
"100000734","ME00C51","1.0000","1.0000","1.0000","0.0000","0.0000"
"100000735","KRIS00001","1.0000","1.0000","1.0000","0.0000","0.0000"
"100000736","BOVE00424","3.0000","3.0000","3.0000","0.0000","0.0000"
"100000736","BOBB00292","2.0000","2.0000","2.0000","0.0000","0.0000"
"100000737","BOBB00273","1.0000","0.0000","0.0000","1.0000","0.0000"
"100000738","BOAL01415-BOAL00204-BOAL00257-BOAL00235-BOAL00260","1.0000","1.0000","1.0000","0.0000","0.0000"
"100000738","BOAL00204","2.0000","1.0000","1.0000","0.0000","0.0000"
"100000738","BOAL00257","2.0000","1.0000","1.0000","0.0000","0.0000"
"100000738","BOAL00235","2.0000","1.0000","1.0000","0.0000","0.0000"
"100000738","BOAL00260","2.0000","1.0000","1.0000","0.0000","0.0000"
"100000739","BOAL01524C-BOAL01508-BOAL01509-BOAL01507-BOAL01510-ME00C51","1.0000","1.0000","1.0000","0.0000","0.0000"
"100000739","BOAL01508","2.0000","1.0000","1.0000","0.0000","0.0000"
"100000739","BOAL01509","2.0000","1.0000","1.0000","0.0000","0.0000"
"100000739","BOAL01507","2.0000","1.0000","1.0000","0.0000","0.0000"
"100000739","BOAL01510","2.0000","1.0000","1.0000","0.0000","0.0000"
"100000739","ME00C51","1.0000","1.0000","1.0000","0.0000","0.0000"
"100000740","BOAL00714B","80.0000","80.0000","80.0000","0.0000","0.0000"
"100000741","BOAL00710","120.0000","120.0000","120.0000","0.0000","0.0000"
"100000742","BOBB00038","1.0000","1.0000","1.0000","0.0000","0.0000"
"100000743","BOAL01218-BOAL00388-BOAL00393-BOAL00394-BOAL00396","1.0000","1.0000","1.0000","0.0000","0.0000"
"100000743","BOAL00388","2.0000","1.0000","1.0000","0.0000","0.0000"
"100000743","BOAL00393","2.0000","1.0000","1.0000","0.0000","0.0000"
"100000743","BOAL00394","2.0000","1.0000","1.0000","0.0000","0.0000"
"100000743","BOAL00396","2.0000","1.0000","1.0000","0.0000","0.0000"
"100000744","BOAL00487","2.0000","2.0000","2.0000","0.0000","0.0000"
"100000745","BOVA00111","6.0000","0.0000","0.0000","6.0000","0.0000"
"100000745","ME00C127","1.0000","0.0000","0.0000","1.0000","0.0000"
"100000746","BOVA00111","6.0000","6.0000","6.0000","0.0000","0.0000"
"100000746","ME00C127","1.0000","1.0000","1.0000","0.0000","0.0000"
"100000747","BOAL01182","1.0000","1.0000","1.0000","0.0000","0.0000"
"100000747","BOAL01456","1.0000","1.0000","1.0000","0.0000","0.0000"
"100000748","BOAL00794","1.0000","1.0000","1.0000","0.0000","0.0000"
"100000749","BOAL00642","1.0000","1.0000","1.0000","0.0000","0.0000"
"100000750","BOVE00517","2.0000","2.0000","2.0000","0.0000","0.0000"
"100000751","BOVE00082","1.0000","1.0000","1.0000","0.0000","0.0000"
"100000751","BOVE00083","1.0000","1.0000","1.0000","0.0000","0.0000"
"100000752","BOVE00386","1.0000","1.0000","1.0000","0.0000","0.0000"
"100000752","BOVE00387","1.0000","1.0000","1.0000","0.0000","0.0000"
"100000753","BOVE00508","2.0000","2.0000","2.0000","0.0000","0.0000"
"100000754","BOVA00533","1.0000","1.0000","1.0000","0.0000","0.0000"
"100000754","BOCI00767","1.0000","1.0000","1.0000","0.0000","0.0000"
"100000755","ME00117-ME00115-ME00113-ME00116-ME00124","1.0000","1.0000","1.0000","0.0000","0.0000"
"100000755","ME00115","1.0000","1.0000","1.0000","0.0000","0.0000"
"100000755","ME00113","1.0000","1.0000","1.0000","0.0000","0.0000"
"100000755","ME00116","1.0000","1.0000","1.0000","0.0000","0.0000"
"100000755","ME00124","1.0000","1.0000","1.0000","0.0000","0.0000"
"100000756","BOCI00751","4.0000","4.0000","4.0000","0.0000","0.0000"
"100000756","BOCI00717","4.0000","4.0000","4.0000","0.0000","0.0000"
"100000757","BOAL00923","4.0000","4.0000","4.0000","0.0000","0.0000"
"100000757","BOBB00121","1.0000","1.0000","1.0000","0.0000","0.0000"
"100000758","BOVE00373","2.0000","0.0000","0.0000","2.0000","0.0000"
"100000759","BOVE00373","2.0000","2.0000","2.0000","0.0000","0.0000"
"100000760","CCS0010002","1.0000","1.0000","1.0000","0.0000","0.0000"
"100000760","CCS0010014","2.0000","2.0000","2.0000","0.0000","0.0000"
"100000760","CCS0010005","2.0000","2.0000","2.0000","0.0000","0.0000"
"100000761","BOVE00587","1.0000","1.0000","1.0000","0.0000","0.0000"
"100000762","BCO0010013-BCO0010004-BCO0010001-BCO0010002-BCO0010003","1.0000","1.0000","1.0000","0.0000","0.0000"
"100000762","BCO0010004","2.0000","1.0000","1.0000","0.0000","0.0000"
"100000762","BCO0010001","2.0000","1.0000","1.0000","0.0000","0.0000"
"100000762","BCO0010002","2.0000","1.0000","1.0000","0.0000","0.0000"
"100000762","BCO0010003","2.0000","1.0000","1.0000","0.0000","0.0000"
"100000763","BOVE00452","1.0000","1.0000","1.0000","0.0000","0.0000"
"100000763","BOVE00339","1.0000","1.0000","1.0000","0.0000","0.0000"
"100000764","BOVE00384","1.0000","1.0000","1.0000","0.0000","0.0000"
"100000764","BOVE00385","1.0000","1.0000","1.0000","0.0000","0.0000"
"100000764","BOVE00383","1.0000","1.0000","1.0000","0.0000","0.0000"
"100000765","BOVE00313","2.0000","2.0000","2.0000","0.0000","0.0000"
"100000766","BOVE00267","1.0000","1.0000","1.0000","0.0000","0.0000"
"100000766","BOVE00635","1.0000","1.0000","1.0000","0.0000","0.0000"
"100000767","BOVE00474","1.0000","1.0000","1.0000","0.0000","0.0000"
"100000768","BOVE00455","1.0000","1.0000","1.0000","0.0000","0.0000"
"100000769","BOVE00574","2.0000","2.0000","2.0000","0.0000","0.0000"
"100000769","BOVE00557","2.0000","2.0000","2.0000","0.0000","0.0000"
"100000769","BOVA00554","10.0000","10.0000","10.0000","0.0000","0.0000"
"100000770","BOAL00719","1.0000","1.0000","1.0000","0.0000","0.0000"
"100000771","ME00C24","1.0000","1.0000","1.0000","0.0000","0.0000"
"100000772","ME00C51","1.0000","1.0000","1.0000","0.0000","0.0000"
"100000773","VOL00003","1.0000","1.0000","1.0000","0.0000","0.0000"
"100000774","CCS0010009","1.0000","1.0000","1.0000","0.0000","0.0000"
"100000775","BOVA01404","12.0000","0.0000","0.0000","12.0000","0.0000"
"100000775","BOVA01408","12.0000","0.0000","0.0000","12.0000","0.0000"
"100000775","BOAL00221","2.0000","0.0000","0.0000","2.0000","0.0000"
"100000775","BOVE00343","2.0000","0.0000","0.0000","2.0000","0.0000"
"100000776","BOVA01404","12.0000","0.0000","0.0000","12.0000","0.0000"
"100000776","BOVA01408","12.0000","0.0000","0.0000","12.0000","0.0000"
"100000776","BOAL00221","2.0000","0.0000","0.0000","2.0000","0.0000"
"100000776","BOVE00343","2.0000","0.0000","0.0000","2.0000","0.0000"
"100000777","BOAL00715","8.0000","8.0000","8.0000","0.0000","0.0000"
"100000778","BOAL01183C-BOAL00327-BOAL00328-BOAL00329-BOAL00330-ME00C51","1.0000","1.0000","1.0000","0.0000","0.0000"
"100000778","BOAL00327","2.0000","1.0000","1.0000","0.0000","0.0000"
"100000778","BOAL00328","2.0000","1.0000","1.0000","0.0000","0.0000"
"100000778","BOAL00329","2.0000","1.0000","1.0000","0.0000","0.0000"
"100000778","BOAL00330","2.0000","1.0000","1.0000","0.0000","0.0000"
"100000778","ME00C51","1.0000","1.0000","1.0000","0.0000","0.0000"
"100000778","BOVE00378","1.0000","1.0000","1.0000","0.0000","0.0000"
"100000779","CCS0010002","1.0000","1.0000","1.0000","0.0000","0.0000"
"100000780","BOVA01404","12.0000","12.0000","12.0000","0.0000","0.0000"
"100000780","BOVA01408","12.0000","12.0000","12.0000","0.0000","0.0000"
"100000780","BOVE00343","2.0000","2.0000","2.0000","0.0000","0.0000"
"100000780","BOAL00221","2.0000","2.0000","2.0000","0.0000","0.0000"
"100000780","BOBB00043","1.0000","1.0000","1.0000","0.0000","0.0000"
"100000781","BOVE00313","1.0000","1.0000","1.0000","0.0000","0.0000"
"100000782","BOVA01406","10.0000","10.0000","10.0000","0.0000","0.0000"
"100000782","BOAL00796","1.0000","1.0000","1.0000","0.0000","0.0000"
"100000782","BOBB00121","1.0000","1.0000","1.0000","0.0000","0.0000"
"100000783","BOVE00379","3.0000","3.0000","3.0000","0.0000","0.0000"
"100000784","BOVE00704","1.0000","1.0000","1.0000","0.0000","0.0000"
"100000785","BOVE00790","1.0000","1.0000","1.0000","0.0000","0.0000"
"100000786","ME00C151","1.0000","1.0000","1.0000","0.0000","0.0000"
"100000787","BOVA01396","4.0000","0.0000","0.0000","4.0000","0.0000"
"100000788","BOVE00242","9.0000","9.0000","9.0000","0.0000","0.0000"
"100000789","BOVE00113","4.0000","4.0000","4.0000","0.0000","0.0000"
"100000790","BOAL00696","3.0000","3.0000","3.0000","0.0000","0.0000"
"100000791","BOBB00038","1.0000","1.0000","1.0000","0.0000","0.0000"
"100000792","BOBB00038","2.0000","2.0000","2.0000","0.0000","0.0000"
"100000793","BOVE00389","3.0000","3.0000","3.0000","0.0000","0.0000"
"100000794","BOAL00712","10.0000","10.0000","10.0000","0.0000","0.0000"
"100000795","ME00C151","1.0000","1.0000","1.0000","0.0000","0.0000"
"100000796","BOUU00011","1.0000","1.0000","1.0000","0.0000","0.0000"
"100000797","BOVE00399","5.0000","5.0000","5.0000","0.0000","0.0000"
"100000798","BOBB00038","6.0000","6.0000","6.0000","0.0000","0.0000"
"100000799","BOVE00114","1.0000","1.0000","1.0000","0.0000","0.0000"
"100000799","BOVE00343","1.0000","1.0000","1.0000","0.0000","0.0000"
"100000800","BOAL01208-BOAL00379-BOAL00383-BOAL00385-BOAL00384","2.0000","2.0000","2.0000","0.0000","0.0000"
"100000800","BOAL00379","2.0000","1.0000","1.0000","0.0000","0.0000"
"100000800","BOAL00383","2.0000","1.0000","1.0000","0.0000","0.0000"
"100000800","BOAL00385","2.0000","1.0000","1.0000","0.0000","0.0000"
"100000800","BOAL00384","2.0000","1.0000","1.0000","0.0000","0.0000"
"100000800","BOAL00380","2.0000","2.0000","2.0000","0.0000","0.0000"
"100000800","BOAL00386","1.0000","1.0000","1.0000","0.0000","0.0000"
"100000800","BOVE00100","2.0000","2.0000","2.0000","0.0000","0.0000"
"100000800","BOVE00547","2.0000","2.0000","2.0000","0.0000","0.0000"
"100000800","BOVE00538","1.0000","1.0000","1.0000","0.0000","0.0000"
"100000800","BOCI00829","1.0000","1.0000","1.0000","0.0000","0.0000"
"100000801","ME00296-ME00295","2.0000","2.0000","2.0000","0.0000","0.0000"
"100000801","ME00295","12.0000","1.0000","1.0000","0.0000","0.0000"
"100000802","BOAL01524-BOAL01508-BOAL01509-BOAL01507-BOAL01510","1.0000","1.0000","1.0000","0.0000","0.0000"
"100000802","BOAL01508","2.0000","1.0000","1.0000","0.0000","0.0000"
"100000802","BOAL01509","2.0000","1.0000","1.0000","0.0000","0.0000"
"100000802","BOAL01507","2.0000","1.0000","1.0000","0.0000","0.0000"
"100000802","BOAL01510","2.0000","1.0000","1.0000","0.0000","0.0000"
"100000802","CCS0010001","2.0000","2.0000","2.0000","0.0000","0.0000"
"100000802","CCS0010005","3.0000","3.0000","3.0000","0.0000","0.0000"
"100000803","ME00C151","1.0000","1.0000","1.0000","0.0000","0.0000"
"100000803","BOAL00695","1.0000","1.0000","1.0000","0.0000","0.0000"
"100000803","BOAL00696","1.0000","1.0000","1.0000","0.0000","0.0000"
"100000804","BOVE00519","4.0000","4.0000","4.0000","0.0000","0.0000"
"100000804","BOVE00518","2.0000","2.0000","2.0000","0.0000","0.0000"
"100000804","BOAL00739","5.0000","5.0000","5.0000","0.0000","0.0000"
"100000805","BOVE00359","1.0000","1.0000","1.0000","0.0000","0.0000"
"100000806","VOL00026","1.0000","1.0000","1.0000","0.0000","0.0000"
"100000806","VOL00061","1.0000","1.0000","1.0000","0.0000","0.0000"
"100000806","VOL00052","1.0000","1.0000","1.0000","0.0000","0.0000"
"100000807","BOVE00501","1.0000","1.0000","1.0000","0.0000","0.0000"
"100000808","BOVE00387","10.0000","10.0000","10.0000","0.0000","0.0000"
"100000809","BOVE00557","1.0000","1.0000","1.0000","0.0000","0.0000"
"100000809","BOVE00567","1.0000","1.0000","1.0000","0.0000","0.0000"
"100000809","BOVE00558","1.0000","1.0000","1.0000","0.0000","0.0000"
"100000810","BOVE00797-BOVE00796-BOVE00795-BOVE00794","6.0000","6.0000","6.0000","0.0000","0.0000"
"100000810","BOVE00796","6.0000","1.0000","1.0000","0.0000","0.0000"
"100000810","BOVE00795","6.0000","1.0000","1.0000","0.0000","0.0000"
"100000810","BOVE00794","6.0000","1.0000","1.0000","0.0000","0.0000"
"100000811","ME00286","1.0000","1.0000","1.0000","0.0000","0.0000"
"100000812","BOVE00495","3.0000","3.0000","3.0000","0.0000","0.0000"
"100000813","BOAL01182-BOAL00327-BOAL00328-BOAL00329-BOAL00330","2.0000","2.0000","2.0000","0.0000","0.0000"
"100000813","BOAL00327","2.0000","1.0000","1.0000","0.0000","0.0000"
"100000813","BOAL00328","2.0000","1.0000","1.0000","0.0000","0.0000"
"100000813","BOAL00329","2.0000","1.0000","1.0000","0.0000","0.0000"
"100000813","BOAL00330","2.0000","1.0000","1.0000","0.0000","0.0000"
"100000814","BOVE00161","2.0000","2.0000","2.0000","0.0000","0.0000"
"100000814","BOVE00303","1.0000","1.0000","1.0000","0.0000","0.0000"
"100000815","BOBB00270","1.0000","1.0000","1.0000","0.0000","0.0000"
"100000816","BOAL00348","2.0000","2.0000","2.0000","0.0000","2.0000"
"100000817","BOAL00717","1.0000","1.0000","1.0000","0.0000","0.0000"
"100000818","BOVE00508","2.0000","2.0000","2.0000","0.0000","0.0000"
"100000819","BOBB00053","1.0000","1.0000","1.0000","0.0000","0.0000"
"100000820","BOAL00715","10.0000","10.0000","10.0000","0.0000","0.0000"
"100000821","BOAL00894","1.0000","1.0000","1.0000","0.0000","0.0000"
"100000822","BOCI00581","1.0000","0.0000","0.0000","1.0000","0.0000"
"100000822","BOCI00582","1.0000","0.0000","0.0000","1.0000","0.0000"
"100000822","BOCI00357","1.0000","0.0000","0.0000","1.0000","0.0000"
"100000822","BOCI00620","1.0000","0.0000","0.0000","1.0000","0.0000"
"100000823","BOCI00581","1.0000","0.0000","0.0000","1.0000","0.0000"
"100000823","BOCI00582","1.0000","0.0000","0.0000","1.0000","0.0000"
"100000823","BOCI00357","1.0000","0.0000","0.0000","1.0000","0.0000"
"100000823","BOCI00620","1.0000","0.0000","0.0000","1.0000","0.0000"
"100000824","BOCI00581","1.0000","0.0000","0.0000","1.0000","0.0000"
"100000824","BOCI00582","1.0000","0.0000","0.0000","1.0000","0.0000"
"100000824","BOCI00357","1.0000","0.0000","0.0000","1.0000","0.0000"
"100000824","BOCI00620","1.0000","0.0000","0.0000","1.0000","0.0000"
"300000006","BOVE00675","1.0000","1.0000","1.0000","0.0000","0.0000"
"300000006","BOVE00674","1.0000","1.0000","1.0000","0.0000","0.0000"
"100000825","BOAL01457-BOAL00656-BOAL00661-BOAL00662-BOAL00663","1.0000","1.0000","1.0000","0.0000","0.0000"
"100000825","BOAL00656","2.0000","1.0000","1.0000","0.0000","0.0000"
"100000825","BOAL00661","2.0000","1.0000","1.0000","0.0000","0.0000"
"100000825","BOAL00662","2.0000","1.0000","1.0000","0.0000","0.0000"
"100000825","BOAL00663","2.0000","1.0000","1.0000","0.0000","0.0000"
"100000825","BOVE00001","2.0000","2.0000","2.0000","0.0000","0.0000"
"100000825","BOVE00006","2.0000","2.0000","2.0000","0.0000","0.0000"
"100000825","BOVE00215","2.0000","2.0000","2.0000","0.0000","0.0000"
"100000825","VOL00063","1.0000","1.0000","1.0000","0.0000","0.0000"
"100000825","VOL00061","1.0000","1.0000","1.0000","0.0000","0.0000"
"100000825","VOL00057","1.0000","1.0000","1.0000","0.0000","0.0000"
"100000826","BOVE00588","1.0000","0.0000","0.0000","1.0000","0.0000"
"100000827","BOVE00324","2.0000","2.0000","2.0000","0.0000","0.0000"
"100000827","BOVE00372","1.0000","1.0000","1.0000","0.0000","0.0000"
"100000828","BOVE00093","1.0000","1.0000","1.0000","0.0000","0.0000"
"100000828","CAR0020001","1.0000","1.0000","0.0000","0.0000","1.0000"
"100000829","BOAL00415","1.0000","1.0000","1.0000","0.0000","0.0000"
"100000829","BOAL00417","1.0000","1.0000","1.0000","0.0000","0.0000"
"100000829","BOAL01234","1.0000","1.0000","1.0000","0.0000","0.0000"
"100000830","BOAL01510","4.0000","4.0000","4.0000","0.0000","0.0000"
"100000831","BOVE00705","16.0000","16.0000","16.0000","0.0000","0.0000"
"100000832","BOVE00724","3.0000","3.0000","3.0000","0.0000","0.0000"
"100000833","BOAL00329","2.0000","2.0000","2.0000","0.0000","0.0000"
"100000833","BOAL00327","1.0000","1.0000","1.0000","0.0000","0.0000"
"100000833","BOAL00328","1.0000","1.0000","1.0000","0.0000","0.0000"
"100000834","BOCI00582","1.0000","1.0000","1.0000","0.0000","0.0000"
"100000834","BOCI00581","1.0000","1.0000","1.0000","0.0000","0.0000"
"100000834","BOCI00620","1.0000","1.0000","1.0000","0.0000","0.0000"
"100000834","BOCI00356","1.0000","1.0000","1.0000","0.0000","0.0000"
"100000835","BOVE00114","1.0000","1.0000","1.0000","0.0000","0.0000"
"100000836","CCS0010015","1.0000","1.0000","1.0000","0.0000","0.0000"
"100000837","ME00C51","3.0000","3.0000","3.0000","0.0000","0.0000"
"100000838","BOVE00250","1.0000","1.0000","1.0000","0.0000","0.0000"
"100000839","BOVE00255","1.0000","1.0000","1.0000","0.0000","0.0000"
"100000840","ME00C51","1.0000","1.0000","1.0000","0.0000","0.0000"
"100000841","BOVE00685","2.0000","0.0000","0.0000","2.0000","0.0000"
"100000841","BOCI00864","1.0000","0.0000","0.0000","1.0000","0.0000"
"100000842","BOVE00685","2.0000","2.0000","2.0000","0.0000","0.0000"
"100000842","BOCI00864","1.0000","1.0000","1.0000","0.0000","0.0000"
"100000843","BOVE00287","7.0000","7.0000","7.0000","0.0000","0.0000"
"100000844","BOVE00772","1.0000","1.0000","1.0000","0.0000","0.0000"
"100000845","CGD0010010-CGD0010001-CGD0010002-CGD0010003-CGD0010004","1.0000","0.0000","0.0000","1.0000","0.0000"
"100000845","CGD0010001","1.0000","0.0000","0.0000","0.0000","0.0000"
"100000845","CGD0010002","1.0000","0.0000","0.0000","0.0000","0.0000"
"100000845","CGD0010003","1.0000","0.0000","0.0000","0.0000","0.0000"
"100000845","CGD0010004","1.0000","0.0000","0.0000","0.0000","0.0000"
"100000846","CGD0010010-CGD0010001-CGD0010002-CGD0010003-CGD0010004","1.0000","1.0000","1.0000","0.0000","0.0000"
"100000846","CGD0010001","1.0000","1.0000","1.0000","0.0000","0.0000"
"100000846","CGD0010002","1.0000","1.0000","1.0000","0.0000","0.0000"
"100000846","CGD0010003","1.0000","1.0000","1.0000","0.0000","0.0000"
"100000846","CGD0010004","1.0000","1.0000","1.0000","0.0000","0.0000"
"100000847","BOVE00793","1.0000","0.0000","0.0000","1.0000","0.0000"
"100000847","BOVE00562","1.0000","0.0000","0.0000","1.0000","0.0000"
"100000848","BOVE00793","1.0000","0.0000","0.0000","1.0000","0.0000"
"100000848","BOVE00562","1.0000","0.0000","0.0000","1.0000","0.0000"
"100000849","BOVE00793","1.0000","1.0000","1.0000","0.0000","0.0000"
"100000849","BOVE00562","1.0000","1.0000","1.0000","0.0000","0.0000"
"100000850","BOAL01387-BOAL00208-BOAL00264-BOAL00222","1.0000","1.0000","1.0000","0.0000","0.0000"
"100000850","BOAL00208","1.0000","1.0000","1.0000","0.0000","0.0000"
"100000850","BOAL00264","1.0000","1.0000","1.0000","0.0000","0.0000"
"100000850","BOAL00222","1.0000","1.0000","1.0000","0.0000","0.0000"
"100000851","BOVE00797-BOVE00796-BOVE00795-BOVE00794","1.0000","1.0000","1.0000","0.0000","0.0000"
"100000851","BOVE00796","1.0000","1.0000","1.0000","0.0000","0.0000"
"100000851","BOVE00795","1.0000","1.0000","1.0000","0.0000","0.0000"
"100000851","BOVE00794","1.0000","1.0000","1.0000","0.0000","0.0000"
"100000852","BOVE00589","1.0000","1.0000","1.0000","0.0000","0.0000"
"100000853","BOAL01506","2.0000","2.0000","2.0000","0.0000","0.0000"
"100000853","BOAL01519","2.0000","2.0000","2.0000","0.0000","0.0000"
"100000854","BOCI00487","1.0000","1.0000","1.0000","0.0000","0.0000"
"100000854","BOCI00486","1.0000","1.0000","1.0000","0.0000","0.0000"
"100000854","BOCI00444","1.0000","1.0000","1.0000","0.0000","0.0000"
"100000855","BOVE00616","1.0000","1.0000","1.0000","0.0000","0.0000"
"100000856","BOVE00313","2.0000","2.0000","2.0000","0.0000","0.0000"
"100000856","ME00216","1.0000","1.0000","1.0000","0.0000","0.0000"
"100000857","BOVE00443","1.0000","1.0000","1.0000","0.0000","0.0000"
"100000858","BOVE00114","5.0000","0.0000","0.0000","5.0000","0.0000"
"100000859","BOAL00721","3.0000","3.0000","3.0000","0.0000","0.0000"
"100000859","BOAL00720","3.0000","3.0000","3.0000","0.0000","0.0000"
"100000859","BOAL00709","3.0000","3.0000","3.0000","0.0000","0.0000"
"100000860","ME00C127","1.0000","1.0000","1.0000","0.0000","0.0000"
"100000861","BOVE00113","5.0000","5.0000","5.0000","0.0000","0.0000"
"100000862","BOVE00108","2.0000","2.0000","2.0000","0.0000","0.0000"
"100000863","BOVE00516","1.0000","1.0000","1.0000","0.0000","0.0000"
"100000864","CCS0010011","1.0000","1.0000","1.0000","0.0000","0.0000"
"100000865","BOVA01459","1.0000","1.0000","1.0000","0.0000","0.0000"
"100000866","BOVE00612","2.0000","2.0000","2.0000","0.0000","0.0000"
"100000867","BOAL00717","1.0000","1.0000","0.0000","0.0000","1.0000"
"100000867","BOAL00711","1.0000","1.0000","0.0000","0.0000","1.0000"
"100000867","BOBB00038","1.0000","1.0000","0.0000","0.0000","1.0000"
"100000867","BOBB00270","1.0000","1.0000","0.0000","0.0000","1.0000"
"100000868","BOAL00717","1.0000","1.0000","1.0000","0.0000","0.0000"
"100000868","BOAL00711","1.0000","1.0000","1.0000","0.0000","0.0000"
"100000868","BOBB00038","1.0000","1.0000","1.0000","0.0000","0.0000"
"100000868","BOBB00270","1.0000","1.0000","1.0000","0.0000","0.0000"
"100000868","BOUU00017","1.0000","1.0000","1.0000","0.0000","0.0000"
"100000869","BOVE00113","1.0000","0.0000","0.0000","1.0000","0.0000"
"100000870","BOVE00375","1.0000","1.0000","1.0000","0.0000","1.0000"
"100000870","BOVE00376","1.0000","1.0000","1.0000","0.0000","1.0000"
"100000870","BOAL01372-BOAL00206-BOAL00261-BOAL00219","1.0000","1.0000","1.0000","0.0000","0.0000"
"100000870","BOAL00206","1.0000","1.0000","1.0000","0.0000","0.0000"
"100000870","BOAL00261","1.0000","1.0000","1.0000","0.0000","0.0000"
"100000870","BOAL00219","1.0000","1.0000","1.0000","0.0000","0.0000"
"100000870","BOCI00445","1.0000","1.0000","1.0000","0.0000","0.0000"
"100000870","BOCI00444","1.0000","1.0000","1.0000","0.0000","0.0000"
"100000871","ME00C51","1.0000","1.0000","1.0000","0.0000","0.0000"
"100000872","BOAL00712","5.0000","5.0000","5.0000","0.0000","0.0000"
"100000873","BOVE00506","1.0000","1.0000","1.0000","0.0000","0.0000"
"100000874","BOVA01426","15.0000","15.0000","15.0000","0.0000","0.0000"
"100000875","BOVE00520","2.0000","2.0000","2.0000","0.0000","0.0000"
"100000876","BOVE00615","2.0000","2.0000","2.0000","0.0000","0.0000"
"100000877","BOVE00224","8.0000","8.0000","8.0000","0.0000","0.0000"
"100000877","BOVA00705","1.0000","1.0000","1.0000","0.0000","0.0000"
"100000878","BOAL00924","1.0000","1.0000","1.0000","0.0000","0.0000"
"100000879","BOCI00441","1.0000","1.0000","1.0000","0.0000","0.0000"
"100000880","CNN0050001","1000.0000","1000.0000","1000.0000","0.0000","0.0000"
"100000881","BOVE00197","2.0000","2.0000","2.0000","0.0000","0.0000"
"100000882","BOVE00789","2.0000","2.0000","2.0000","0.0000","0.0000"
"100000883","BOVE00559","2.0000","2.0000","2.0000","0.0000","0.0000"
"100000884","BOVE00391","2.0000","2.0000","2.0000","0.0000","0.0000"
"100000885","CCS0020004","2.0000","2.0000","2.0000","0.0000","0.0000"
"100000885","CCS0020002","2.0000","2.0000","2.0000","0.0000","0.0000"
"100000885","CCS0020001","2.0000","2.0000","2.0000","0.0000","0.0000"
"100000886","BOCI00445","1.0000","0.0000","0.0000","1.0000","0.0000"
"100000887","BOCI00445","1.0000","0.0000","0.0000","1.0000","0.0000"
"100000888","BOBB00042","1.0000","0.0000","0.0000","1.0000","0.0000"
"100000889","CCS0010002","3.0000","3.0000","3.0000","0.0000","0.0000"
"100000890","ME00C24","1.0000","1.0000","1.0000","0.0000","0.0000"
"100000891","BOVE00281","3.0000","3.0000","3.0000","0.0000","0.0000"
"100000892","BOVE00443","1.0000","0.0000","0.0000","1.0000","0.0000"
"100000892","BOVE00444","1.0000","0.0000","0.0000","1.0000","0.0000"
"100000892","BBR0010002","6.0000","0.0000","0.0000","6.0000","0.0000"
"100000893","BOVE00443","1.0000","1.0000","1.0000","0.0000","0.0000"
"100000893","BOVE00444","1.0000","1.0000","1.0000","0.0000","0.0000"
"100000893","BBR0010002","6.0000","6.0000","6.0000","0.0000","0.0000"
"100000894","BOVE00343","2.0000","2.0000","2.0000","0.0000","0.0000"
"100000895","BOCI00720","1.0000","1.0000","1.0000","0.0000","0.0000"
"100000895","BOCI00558","1.0000","1.0000","1.0000","0.0000","0.0000"
"100000896","BOVE00271","1.0000","0.0000","0.0000","1.0000","0.0000"
"100000897","BOVE00271","1.0000","1.0000","1.0000","0.0000","0.0000"
"100000898","BOVE00225","1.0000","1.0000","1.0000","0.0000","0.0000"
"100000898","CCS0010010","1.0000","1.0000","1.0000","0.0000","0.0000"
"100000899","BOVE00197","2.0000","2.0000","2.0000","0.0000","0.0000"
"100000900","BOVE00114","1.0000","0.0000","0.0000","1.0000","0.0000"
"100000901","BOVE00201","1.0000","1.0000","1.0000","0.0000","0.0000"
"100000902","BOAL01174-BOAL00317-BOAL00321-BOAL00323-BOAL00325","1.0000","1.0000","1.0000","0.0000","0.0000"
"100000902","BOAL00317","2.0000","1.0000","1.0000","0.0000","0.0000"
"100000902","BOAL00321","2.0000","1.0000","1.0000","0.0000","0.0000"
"100000902","BOAL00323","2.0000","1.0000","1.0000","0.0000","0.0000"
"100000902","BOAL00325","2.0000","1.0000","1.0000","0.0000","0.0000"
"100000903","BOVE00116","4.0000","4.0000","4.0000","0.0000","0.0000"
"100000904","BOVE00060","2.0000","2.0000","2.0000","0.0000","0.0000"
"100000905","BOVE00016","1.0000","1.0000","1.0000","0.0000","0.0000"
"100000906","BOVE00537","1.0000","1.0000","1.0000","0.0000","0.0000"
"100000906","BOVE00547","1.0000","1.0000","1.0000","0.0000","0.0000"
"100000906","BOVE00483","1.0000","1.0000","1.0000","0.0000","0.0000"
"100000906","BOCI00445","1.0000","1.0000","1.0000","0.0000","0.0000"
"100000906","BOBB00065","1.0000","1.0000","1.0000","0.0000","0.0000"
"100000906","BOBB00090","1.0000","1.0000","1.0000","0.0000","0.0000"
"100000907","BOAL01389-BOAL00208-BOAL00264-BOAL00222-BOAL00241","2.0000","2.0000","2.0000","0.0000","0.0000"
"100000907","BOAL00208","2.0000","1.0000","1.0000","0.0000","0.0000"
"100000907","BOAL00264","2.0000","1.0000","1.0000","0.0000","0.0000"
"100000907","BOAL00222","2.0000","1.0000","1.0000","0.0000","0.0000"
"100000907","BOAL00241","2.0000","1.0000","1.0000","0.0000","0.0000"
"100000907","BOAL00191","1.0000","1.0000","1.0000","0.0000","0.0000"
"100000908","BOUU00012","10.0000","10.0000","10.0000","0.0000","0.0000"
"100000909","ME00C51","1.0000","1.0000","1.0000","0.0000","0.0000"
"100000910","BOVE00503","1.0000","1.0000","1.0000","0.0000","0.0000"
"100000911","BOBB00053","1.0000","1.0000","1.0000","0.0000","0.0000"
"100000911","BOBB00069","1.0000","1.0000","1.0000","0.0000","0.0000"
"100000911","BOBB00058","1.0000","1.0000","1.0000","0.0000","0.0000"
"100000912","BOVE00110","3.0000","3.0000","3.0000","0.0000","0.0000"
"100000913","BOVE00394","1.0000","1.0000","1.0000","0.0000","0.0000"
"100000913","BOVE00101","1.0000","1.0000","1.0000","0.0000","0.0000"
"100000914","BOVE00113","1.0000","1.0000","1.0000","0.0000","0.0000"
"100000915","BOAL00248","2.0000","2.0000","2.0000","0.0000","0.0000"
"100000915","BOAL00190","2.0000","2.0000","2.0000","0.0000","0.0000"
"100000915","BOAL00195","1.0000","1.0000","1.0000","0.0000","0.0000"
"100000915","BOAL00252","1.0000","1.0000","1.0000","0.0000","0.0000"
"100000915","BOAL00231","2.0000","2.0000","2.0000","0.0000","0.0000"
"100000915","BOAL01391-BOAL00208-BOAL00264-BOAL00222-BOAL00241","1.0000","1.0000","1.0000","0.0000","0.0000"
"100000915","BOAL00208","2.0000","1.0000","1.0000","0.0000","0.0000"
"100000915","BOAL00264","2.0000","1.0000","1.0000","0.0000","0.0000"
"100000915","BOAL00222","2.0000","1.0000","1.0000","0.0000","0.0000"
"100000915","BOAL00241","2.0000","1.0000","1.0000","0.0000","0.0000"
"100000916","ME00C151","1.0000","1.0000","1.0000","0.0000","0.0000"
"100000917","BOVE00547","1.0000","1.0000","1.0000","0.0000","0.0000"
"100000918","ME00C51","1.0000","1.0000","1.0000","0.0000","0.0000"
"100000919","BOVA01397","1.0000","0.0000","0.0000","1.0000","0.0000"
"100000919","BOVA01396","1.0000","0.0000","0.0000","1.0000","0.0000"
"100000920","BOVE00114","1.0000","0.0000","0.0000","1.0000","0.0000"
"100000921","BOVE00114","1.0000","1.0000","1.0000","0.0000","0.0000"
"100000922","BOAL01523-BOAL01508-BOAL01509-BOAL01507-BOAL01510","1.0000","1.0000","1.0000","0.0000","0.0000"
"100000922","BOAL01508","1.0000","1.0000","1.0000","0.0000","0.0000"
"100000922","BOAL01509","1.0000","1.0000","1.0000","0.0000","0.0000"
"100000922","BOAL01507","1.0000","1.0000","1.0000","0.0000","0.0000"
"100000922","BOAL01510","1.0000","1.0000","1.0000","0.0000","0.0000"
"100000923","CCS0030005","1.0000","1.0000","1.0000","0.0000","0.0000"
"100000923","CCS0010014","1.0000","1.0000","1.0000","0.0000","0.0000"
"100000923","BOCI00448","1.0000","1.0000","1.0000","0.0000","0.0000"
"100000924","BOVE00313","1.0000","1.0000","1.0000","0.0000","0.0000"
"100000925","BOBB00038","3.0000","0.0000","0.0000","3.0000","0.0000"
"300000007","BOAL01226-BOAL00398-BOAL00403-BOAL00404-BOAL00406","2.0000","2.0000","2.0000","0.0000","0.0000"
"300000007","BOAL00398","4.0000","1.0000","1.0000","0.0000","0.0000"
"300000007","BOAL00403","4.0000","1.0000","1.0000","0.0000","0.0000"
"300000007","BOAL00404","4.0000","1.0000","1.0000","0.0000","0.0000"
"300000007","BOAL00406","4.0000","1.0000","1.0000","0.0000","0.0000"
"100000926","BOAL01183-BOAL00327-BOAL00328-BOAL00329-BOAL00330","1.0000","1.0000","1.0000","0.0000","0.0000"
"100000926","BOAL00327","2.0000","1.0000","1.0000","0.0000","0.0000"
"100000926","BOAL00328","2.0000","1.0000","1.0000","0.0000","0.0000"
"100000926","BOAL00329","2.0000","1.0000","1.0000","0.0000","0.0000"
"100000926","BOAL00330","2.0000","1.0000","1.0000","0.0000","0.0000"
"100000927","CCS0010002","2.0000","2.0000","2.0000","0.0000","0.0000"
"100000928","BOBB00038","3.0000","3.0000","3.0000","0.0000","0.0000"
"100000928","BOVA01424","6.0000","6.0000","6.0000","0.0000","0.0000"
"100000928","BOAL01503","1.0000","1.0000","1.0000","0.0000","0.0000"
"100000929","BOBB00238","1.0000","1.0000","1.0000","0.0000","0.0000"
"100000930","BOAL01457-BOAL00656-BOAL00661-BOAL00662-BOAL00663","1.0000","1.0000","1.0000","0.0000","0.0000"
"100000930","BOAL00656","2.0000","1.0000","1.0000","0.0000","0.0000"
"100000930","BOAL00661","2.0000","1.0000","1.0000","0.0000","0.0000"
"100000930","BOAL00662","2.0000","1.0000","1.0000","0.0000","0.0000"
"100000930","BOAL00663","2.0000","1.0000","1.0000","0.0000","0.0000"
"100000931","BOVA00942","20.0000","20.0000","20.0000","0.0000","0.0000"
"100000931","BOVA00944","20.0000","20.0000","20.0000","0.0000","0.0000"
"100000932","BOVE00093","1.0000","1.0000","1.0000","0.0000","0.0000"
"100000933","BOVA01229","1.0000","1.0000","1.0000","0.0000","0.0000"
"100000933","ME00438","1.0000","1.0000","1.0000","0.0000","0.0000"
"100000933","BOVA01359","1.0000","1.0000","1.0000","0.0000","0.0000"
"100000934","BOVE00540","1.0000","1.0000","1.0000","0.0000","0.0000"
"100000934","BOBB00086","1.0000","1.0000","1.0000","0.0000","0.0000"
"100000935","BOVE00329","7.0000","7.0000","7.0000","0.0000","0.0000"
"100000936","BCO0010004","1.0000","0.0000","0.0000","1.0000","0.0000"
"100000936","BCO0010001","1.0000","0.0000","0.0000","1.0000","0.0000"
"100000936","BCO0010002","1.0000","0.0000","0.0000","1.0000","0.0000"
"100000936","BOAL00888","2.0000","0.0000","0.0000","2.0000","0.0000"
"100000937","BOBB00270","1.0000","1.0000","1.0000","0.0000","0.0000"
"100000938","CCS0010003","1.0000","1.0000","1.0000","0.0000","0.0000"
"100000939","BOAL00222","2.0000","2.0000","2.0000","0.0000","0.0000"
"100000940","BOBB00149","1.0000","1.0000","1.0000","0.0000","0.0000"
"100000940","BOBB00058","1.0000","1.0000","1.0000","0.0000","0.0000"
"100000940","BOVE00510","1.0000","1.0000","1.0000","0.0000","0.0000"
"100000941","BOVE00394","1.0000","1.0000","1.0000","0.0000","0.0000"
"100000942","ME00C127","1.0000","1.0000","1.0000","0.0000","0.0000"
"100000942","BOVE00308","2.0000","2.0000","2.0000","0.0000","0.0000"
"100000943","BOVE00636","1.0000","1.0000","1.0000","0.0000","0.0000"
"100000944","BOVE00468","1.0000","0.0000","0.0000","1.0000","0.0000"
"100000945","BOVE00520","6.0000","6.0000","6.0000","0.0000","0.0000"
"100000946","BOCI00330","1.0000","1.0000","1.0000","0.0000","0.0000"
"100000947","BOVE00468","1.0000","1.0000","1.0000","0.0000","0.0000"
"100000948","LLW0010002","1.0000","1.0000","1.0000","0.0000","0.0000"
"100000949","BOBB00045","2.0000","0.0000","0.0000","2.0000","0.0000"
"100000950","BOBB00045","2.0000","2.0000","2.0000","0.0000","0.0000"
"100000951","BOVE00516","1.0000","1.0000","1.0000","0.0000","0.0000"
"100000952","BOCI00751","11.0000","11.0000","11.0000","0.0000","0.0000"
"100000953","BOVE00113","1.0000","0.0000","0.0000","1.0000","0.0000"
"100000954","BOAL00347","1.0000","1.0000","1.0000","0.0000","0.0000"
"100000955","LLW0010002","1.0000","1.0000","1.0000","0.0000","0.0000"
"100000956","BOBB00111","1.0000","1.0000","1.0000","0.0000","0.0000"
"100000957","BOVE00255","2.0000","2.0000","2.0000","0.0000","0.0000"
"100000958","BOBB00295","1.0000","0.0000","0.0000","1.0000","0.0000"
"100000959","BOBB00295","1.0000","1.0000","1.0000","0.0000","0.0000"
"100000960","BOVA01396","1.0000","1.0000","1.0000","0.0000","0.0000"
"100000960","BOVA01397","1.0000","1.0000","1.0000","0.0000","0.0000"
"100000960","BOVA01205","1.0000","1.0000","1.0000","0.0000","0.0000"
"100000960","BOVA01330","1.0000","1.0000","1.0000","0.0000","0.0000"
"100000960","BOAL00235","1.0000","1.0000","1.0000","0.0000","0.0000"
"100000960","BOVE00379","1.0000","1.0000","1.0000","0.0000","0.0000"
"100000960","BOAL01413-BOAL00204-BOAL00257-BOAL00260","1.0000","1.0000","1.0000","0.0000","0.0000"
"100000960","BOAL00204","1.0000","1.0000","1.0000","0.0000","0.0000"
"100000960","BOAL00257","1.0000","1.0000","1.0000","0.0000","0.0000"
"100000960","BOAL00260","1.0000","1.0000","1.0000","0.0000","0.0000"
"100000960","BOVA01436","6.0000","6.0000","6.0000","0.0000","0.0000"
"100000960","BOVE00721","1.0000","1.0000","1.0000","0.0000","0.0000"
"100000961","BOVE00791","1.0000","1.0000","1.0000","0.0000","0.0000"
"100000962","BOVE00039","2.0000","2.0000","2.0000","0.0000","0.0000"
"100000963","CCS0010002","2.0000","2.0000","2.0000","0.0000","0.0000"
"100000964","BNN0010002","6.0000","0.0000","0.0000","6.0000","0.0000"
"100000965","BOVE00262","1.0000","1.0000","1.0000","0.0000","0.0000"
"100000966","CBR0020002","1.0000","1.0000","1.0000","0.0000","0.0000"
"100000966","BOVE00423","1.0000","1.0000","1.0000","0.0000","0.0000"
"100000967","ME00C24","1.0000","1.0000","1.0000","0.0000","0.0000"
"100000968","BOVE00599","2.0000","2.0000","2.0000","0.0000","0.0000"
"100000969","CCS0010003","1.0000","1.0000","1.0000","0.0000","0.0000"
"100000969","BOVA00728","4.0000","4.0000","4.0000","0.0000","0.0000"
"100000970","BOCI00583","1.0000","1.0000","1.0000","0.0000","0.0000"
"100000970","BOBB00038","1.0000","1.0000","1.0000","0.0000","0.0000"
"100000971","LLW0010003","1.0000","1.0000","0.0000","0.0000","1.0000"
"100000971","LLW0010002","2.0000","2.0000","0.0000","0.0000","2.0000"
"100000977","LLW0010002","2.0000","2.0000","2.0000","0.0000","0.0000"
"100000977","LLW0010003","1.0000","1.0000","1.0000","0.0000","0.0000"
"100000978","BOVE00093","4.0000","4.0000","4.0000","0.0000","0.0000"
"100000979","BOAL01234","1.0000","1.0000","1.0000","0.0000","0.0000"
"100000980","BOBB00040","7.0000","0.0000","0.0000","7.0000","0.0000"
"100000981","BOBB00040","7.0000","0.0000","0.0000","7.0000","0.0000"
"100000982","BOBB00040","7.0000","0.0000","0.0000","7.0000","0.0000"
"100000983","CCS0010002","2.0000","2.0000","2.0000","0.0000","0.0000"
"100000984","CAR0010001","1.0000","1.0000","1.0000","0.0000","0.0000"
"100000984","CAR0070001","1.0000","1.0000","1.0000","0.0000","0.0000"
"100000985","BOBB00038","2.0000","2.0000","2.0000","0.0000","0.0000"
"100000986","BOAL00710","20.0000","0.0000","0.0000","20.0000","0.0000"
"100000987","BOVA00945","12.0000","12.0000","12.0000","0.0000","0.0000"
"100000987","BOVA00941","12.0000","12.0000","12.0000","0.0000","0.0000"
"100000987","BOVA00670","1.0000","1.0000","1.0000","0.0000","0.0000"
"100000987","BOVA01324","1.0000","1.0000","1.0000","0.0000","0.0000"
"100000987","BOVA01322","1.0000","1.0000","1.0000","0.0000","0.0000"
"100000988","BOBB00072","2.0000","2.0000","2.0000","0.0000","0.0000"
"100000988","BOBB00073","2.0000","2.0000","2.0000","0.0000","0.0000"
"100000989","CCS0010002","2.0000","2.0000","2.0000","0.0000","0.0000"
"100000989","ME00481","1.0000","1.0000","1.0000","0.0000","0.0000"
"100000990","BOAL00379","1.0000","1.0000","1.0000","0.0000","1.0000"
"100000991","BOVE00505","1.0000","1.0000","1.0000","0.0000","0.0000"
"100000991","BOAL00695","1.0000","1.0000","1.0000","0.0000","0.0000"
"100000992","BOVE00588","1.0000","1.0000","1.0000","0.0000","0.0000"
"100000993","BOVE00788","1.0000","1.0000","1.0000","0.0000","0.0000"
"100000993","BOVE00789","1.0000","1.0000","1.0000","0.0000","0.0000"
"100000994","BOVE00789","1.0000","1.0000","1.0000","0.0000","0.0000"
"100000994","BOVE00790","1.0000","1.0000","1.0000","0.0000","0.0000"
"100000995","BOBB00042","1.0000","1.0000","1.0000","0.0000","0.0000"
"100000996","BOVE00197","1.0000","1.0000","1.0000","0.0000","0.0000"
"100000996","BOVE00288","1.0000","1.0000","1.0000","0.0000","0.0000"
"100000996","BOVE00470","1.0000","1.0000","1.0000","0.0000","0.0000"
"100000997","ME00C127","1.0000","1.0000","1.0000","0.0000","0.0000"
"100000998","BOVE00255","2.0000","2.0000","2.0000","0.0000","0.0000"
"100000999","BOBB00038","1.0000","1.0000","1.0000","0.0000","0.0000"
"100001000","BOVE00557","1.0000","1.0000","1.0000","0.0000","0.0000"
"100001000","BOVE00569","1.0000","1.0000","1.0000","0.0000","0.0000"
"100001001","BOVA00784","1.0000","1.0000","1.0000","0.0000","0.0000"
"100001002","BOVE00114","1.0000","1.0000","1.0000","0.0000","0.0000"
"100001003","BOVE00348","1.0000","1.0000","1.0000","0.0000","0.0000"
"100001003","BOVE00349","1.0000","1.0000","1.0000","0.0000","0.0000"
"100001003","BOVE00574","1.0000","1.0000","1.0000","0.0000","0.0000"
"100001004","BOAL00719","1.0000","0.0000","0.0000","1.0000","0.0000"
"100001004","BOAL00720","1.0000","0.0000","0.0000","1.0000","0.0000"
"100001004","BOAL00721","1.0000","0.0000","0.0000","1.0000","0.0000"
"100001005","ME00C127","1.0000","1.0000","1.0000","0.0000","0.0000"
"100001005","BOVA01117","1.0000","1.0000","1.0000","0.0000","0.0000"
"100001006","BOVE00335","2.0000","2.0000","2.0000","0.0000","0.0000"
"100001007","ME00183","1.0000","1.0000","1.0000","0.0000","0.0000"
"100001008","BOVE00556","5.0000","5.0000","5.0000","0.0000","0.0000"
"100001009","BOVE00485","1.0000","1.0000","1.0000","0.0000","0.0000"
"100001010","BOBB00051","1.0000","1.0000","1.0000","0.0000","0.0000"
"100001010","BOBB00027","1.0000","1.0000","1.0000","0.0000","0.0000"
"100001011","BOAL00394","15.0000","15.0000","15.0000","0.0000","0.0000"
"100001012","BOAL01523-BOAL01508-BOAL01509-BOAL01507-BOAL01510","1.0000","1.0000","1.0000","0.0000","0.0000"
"100001012","BOAL01508","1.0000","1.0000","1.0000","0.0000","0.0000"
"100001012","BOAL01509","1.0000","1.0000","1.0000","0.0000","0.0000"
"100001012","BOAL01507","1.0000","1.0000","1.0000","0.0000","0.0000"
"100001012","BOAL01510","1.0000","1.0000","1.0000","0.0000","0.0000"
"100001013","ME00480","2.0000","2.0000","2.0000","0.0000","0.0000"
"100001014","BOVE00169","1.0000","1.0000","1.0000","0.0000","0.0000"
"100001014","BOVE00633","2.0000","2.0000","2.0000","0.0000","0.0000"
"100001015","BOVE00505","3.0000","3.0000","3.0000","0.0000","0.0000"
"100001016","ME00294-ME00293","1.0000","0.0000","0.0000","1.0000","0.0000"
"100001016","ME00293","6.0000","0.0000","0.0000","0.0000","0.0000"
"100001016","ME00296-ME00295","1.0000","0.0000","0.0000","1.0000","0.0000"
"100001016","ME00295","6.0000","0.0000","0.0000","0.0000","0.0000"
"100001017","BOAL00913","1.0000","1.0000","1.0000","0.0000","0.0000"
"100001018","BOVE00599","2.0000","2.0000","2.0000","0.0000","0.0000"
"100001019","BOVE00452","1.0000","1.0000","1.0000","0.0000","0.0000"
"100001020","BOBB00058","1.0000","1.0000","1.0000","0.0000","0.0000"
"100001021","BOVE00108","2.0000","2.0000","2.0000","0.0000","0.0000"
"100001021","BOVE00485","1.0000","1.0000","1.0000","0.0000","0.0000"
"100001022","BA00039","1.0000","1.0000","1.0000","0.0000","0.0000"
"100001022","BA00007","1.0000","1.0000","1.0000","0.0000","0.0000"
"100001023","BOAL01135-BOAL00167-BOAL00170-BOAL00175-BOAL00173-BOAL00169-BOAL00172-BOAL00176","1.0000","1.0000","1.0000","0.0000","0.0000"
"100001023","BOAL00167","2.0000","1.0000","1.0000","0.0000","0.0000"
"100001023","BOAL00170","2.0000","1.0000","1.0000","0.0000","0.0000"
"100001023","BOAL00175","2.0000","1.0000","1.0000","0.0000","0.0000"
"100001023","BOAL00173","2.0000","1.0000","1.0000","0.0000","0.0000"
"100001023","BOAL00169","2.0000","1.0000","1.0000","0.0000","0.0000"
"100001023","BOAL00172","2.0000","1.0000","1.0000","0.0000","0.0000"
"100001023","BOAL00176","2.0000","1.0000","1.0000","0.0000","0.0000"
"100001024","BOVE00113","1.0000","0.0000","0.0000","1.0000","0.0000"
"100001025","BOVE00639","3.0000","3.0000","3.0000","0.0000","0.0000"
"100001026","BOVE00113","1.0000","0.0000","0.0000","1.0000","0.0000"
"100001027","BOAL01374-BOAL00206-BOAL00261-BOAL00218-BOAL00238","1.0000","1.0000","1.0000","0.0000","0.0000"
"100001028","BOAL00359","3.0000","3.0000","3.0000","0.0000","0.0000"
"100001029","BOVE00598","1.0000","0.0000","0.0000","1.0000","0.0000"
"100001030","CGD0010005B-CGD0010006-CGD0010007-CGD0010008-CGD0010009","1.0000","1.0000","1.0000","0.0000","0.0000"
"100001030","CGD0010006","2.0000","1.0000","1.0000","0.0000","0.0000"
"100001030","CGD0010007","2.0000","1.0000","1.0000","0.0000","0.0000"
"100001030","CGD0010008","2.0000","1.0000","1.0000","0.0000","0.0000"
"100001030","CGD0010009","2.0000","1.0000","1.0000","0.0000","0.0000"
"100001030","BOVE00278","2.0000","2.0000","2.0000","0.0000","0.0000"
"100001031","BOVE00445","1.0000","1.0000","1.0000","0.0000","0.0000"
"100001032","CAR0010002","1.0000","1.0000","1.0000","0.0000","0.0000"
"100001033","BOVA00070","1.0000","1.0000","1.0000","0.0000","0.0000"
"100001034","BOVE00658","1.0000","1.0000","1.0000","0.0000","0.0000"
"100001035","BOVE00351","1.0000","1.0000","1.0000","0.0000","0.0000"
"100001036","BOAL00172","2.0000","2.0000","2.0000","0.0000","2.0000"
"100001036","BOAL00175","2.0000","2.0000","2.0000","0.0000","2.0000"
"100001037","BOVE00618","3.0000","3.0000","3.0000","0.0000","0.0000"
"100001038","BOBB00058","1.0000","1.0000","1.0000","0.0000","0.0000"
"100001039","BOVE00351","1.0000","1.0000","1.0000","0.0000","0.0000"
"100001040","CBR0010001","1.0000","1.0000","1.0000","0.0000","0.0000"
"100001041","BOAL01174C-BOAL00317-BOAL00321-BOAL00323-BOAL00325-ME00C51","1.0000","1.0000","1.0000","0.0000","0.0000"
"100001041","BOAL00317","2.0000","1.0000","1.0000","0.0000","0.0000"
"100001041","BOAL00321","2.0000","1.0000","1.0000","0.0000","0.0000"
"100001041","BOAL00323","2.0000","1.0000","1.0000","0.0000","0.0000"
"100001041","BOAL00325","2.0000","1.0000","1.0000","0.0000","0.0000"
"100001041","ME00C51","1.0000","1.0000","1.0000","0.0000","0.0000"
"100001042","BOAL00474","2.0000","2.0000","2.0000","0.0000","0.0000"
"100001043","CCS0010010","5.0000","5.0000","5.0000","0.0000","0.0000"
"100001043","CCS0010005","5.0000","5.0000","5.0000","0.0000","0.0000"
"100001044","BOVE00420","1.0000","1.0000","1.0000","0.0000","0.0000"
"100001045","BBR0010002","1.0000","1.0000","1.0000","0.0000","0.0000"
"100001046","BOVE00503","2.0000","2.0000","2.0000","0.0000","0.0000"
"100001047","BOVE00599","1.0000","0.0000","0.0000","1.0000","0.0000"
"100001047","BOAL01469","1.0000","0.0000","0.0000","1.0000","0.0000"
"100001048","BOVE00599","1.0000","1.0000","1.0000","0.0000","0.0000"
"100001048","BOAL01469","1.0000","1.0000","1.0000","0.0000","0.0000"
"100001049","BOAL00714","18.0000","18.0000","18.0000","0.0000","0.0000"
"100001050","BOVE00109","2.0000","2.0000","2.0000","0.0000","0.0000"
"100001051","BOCI00645","1.0000","0.0000","0.0000","1.0000","0.0000"
"100001051","BOCI00641","1.0000","0.0000","0.0000","1.0000","0.0000"
"100001052","CCS0010011","3.0000","3.0000","3.0000","0.0000","0.0000"
"100001053","BOCI00645","1.0000","1.0000","1.0000","0.0000","0.0000"
"100001053","BOCI00641","1.0000","1.0000","1.0000","0.0000","0.0000"
"100001054","BOVE00170","1.0000","1.0000","1.0000","0.0000","0.0000"
"100001055","BOVA01397","1.0000","1.0000","1.0000","0.0000","0.0000"
"100001055","BOVA01396","1.0000","1.0000","1.0000","0.0000","0.0000"
"100001056","BOVE00483","3.0000","3.0000","3.0000","0.0000","0.0000"
"100001056","CBR0050001","1.0000","1.0000","1.0000","0.0000","0.0000"
"100001056","BOVE00287","3.0000","3.0000","3.0000","0.0000","0.0000"
"100001056","BOVE00345","3.0000","3.0000","3.0000","0.0000","0.0000"
"100001056","CDU0010001","2.0000","2.0000","2.0000","0.0000","0.0000"
"100001056","BOVE00355","1.0000","1.0000","1.0000","0.0000","0.0000"
"100001057","BOAL00341","2.0000","2.0000","2.0000","0.0000","0.0000"
"100001058","BOVE00469","1.0000","1.0000","1.0000","0.0000","0.0000"
"100001059","CCS0010005","3.0000","3.0000","3.0000","0.0000","0.0000"
"100001059","CCS0010002","2.0000","2.0000","2.0000","0.0000","0.0000"
"100001059","CCS0010015","2.0000","2.0000","2.0000","0.0000","0.0000"
"100001060","BOVE00508","3.0000","3.0000","3.0000","0.0000","0.0000"
"100001061","BOVE00547","1.0000","1.0000","1.0000","0.0000","0.0000"
"100001062","BOVE00503","1.0000","1.0000","1.0000","0.0000","0.0000"
"100001063","BOVA01379","1.0000","1.0000","1.0000","0.0000","0.0000"
"100001064","BOVE00478","1.0000","1.0000","1.0000","0.0000","0.0000"
"100001065","BOVE00478","1.0000","0.0000","0.0000","1.0000","0.0000"
"100001066","BOVE00518","2.0000","2.0000","2.0000","0.0000","0.0000"
"100001066","BOVE00542","2.0000","2.0000","2.0000","0.0000","0.0000"
"100001066","BOVE00468","1.0000","1.0000","1.0000","0.0000","0.0000"
"100001066","BOVE00547","1.0000","1.0000","1.0000","0.0000","0.0000"
"100001066","BOVE00534","1.0000","1.0000","1.0000","0.0000","0.0000"
"100001066","BOVE00458","1.0000","1.0000","1.0000","0.0000","0.0000"
"100001066","BOVE00443","1.0000","1.0000","1.0000","0.0000","0.0000"
"100001066","CAR0050001","1.0000","1.0000","1.0000","0.0000","0.0000"
"100001066","BOBB00062","1.0000","1.0000","1.0000","0.0000","0.0000"
"100001066","BOBB00134","1.0000","1.0000","1.0000","0.0000","0.0000"
"100001067","BOVE00305","1.0000","1.0000","1.0000","0.0000","0.0000"
"100001067","BOVE00352","1.0000","1.0000","1.0000","0.0000","0.0000"
"100001068","LLW0010002","1.0000","0.0000","0.0000","1.0000","0.0000"
"100001069","BOVE00109","2.0000","2.0000","2.0000","0.0000","0.0000"
"100001070","BOBB00058","10.0000","10.0000","10.0000","0.0000","0.0000"
"100001070","BOBB00064","6.0000","6.0000","6.0000","0.0000","0.0000"
"100001071","BOVE00511","1.0000","1.0000","1.0000","0.0000","0.0000"
"100001072","BOAL00762","5.0000","5.0000","5.0000","0.0000","0.0000"
"100001073","LLW0010002","1.0000","1.0000","1.0000","0.0000","0.0000"
"100001074","BOVE00520","1.0000","1.0000","1.0000","0.0000","0.0000"
"100001075","CCS0010009","1.0000","1.0000","1.0000","0.0000","0.0000"
"100001076","BOUU00020","2.0000","2.0000","2.0000","0.0000","0.0000"
"100001076","BOUU00021","1.0000","1.0000","1.0000","0.0000","0.0000"
"100001077","BOVE00541","1.0000","1.0000","1.0000","0.0000","0.0000"
"100001078","BOVE00113","1.0000","1.0000","1.0000","0.0000","0.0000"
"100001079","BOVE00564","2.0000","2.0000","2.0000","0.0000","0.0000"
"100001080","BOVE00033","2.0000","2.0000","2.0000","0.0000","0.0000"
"100001081","BOCI00733","4.0000","4.0000","4.0000","0.0000","0.0000"
"100001081","BOCI00718","1.0000","1.0000","1.0000","0.0000","0.0000"
"100001082","CCS0010002","4.0000","4.0000","4.0000","0.0000","0.0000"
"100001083","BOBB00050","1.0000","1.0000","1.0000","0.0000","1.0000"
"100001084","LLW0010002","1.0000","1.0000","1.0000","0.0000","0.0000"
"100001085","BOAL00114","2.0000","2.0000","2.0000","0.0000","0.0000"
"100001086","BOCI00567","1.0000","1.0000","1.0000","0.0000","0.0000"
"100001087","BOVE00394","1.0000","1.0000","1.0000","0.0000","0.0000"
"100001087","BOVE00395","1.0000","1.0000","1.0000","0.0000","0.0000"
"100001088","BOAL01172-BOAL00317-BOAL00321-BOAL00323","15.0000","0.0000","0.0000","15.0000","0.0000"
"100001088","BOAL00317","15.0000","0.0000","0.0000","0.0000","0.0000"
"100001088","BOAL00321","15.0000","0.0000","0.0000","0.0000","0.0000"
"100001088","BOAL00323","15.0000","0.0000","0.0000","0.0000","0.0000"
"100001089","CCS0010003","1.0000","1.0000","1.0000","0.0000","0.0000"
"100001090","BOVE00307","1.0000","0.0000","0.0000","1.0000","0.0000"
"100001091","BOAL00712","4.0000","4.0000","4.0000","0.0000","0.0000"
"100001092","BOVE00445","1.0000","1.0000","1.0000","0.0000","0.0000"
"100001092","BOVE00326","1.0000","1.0000","1.0000","0.0000","0.0000"
"100001092","BOVE00325","1.0000","1.0000","1.0000","0.0000","0.0000"
"100001092","BOVA00790","1.0000","1.0000","1.0000","0.0000","0.0000"
"100001092","ME00223","1.0000","1.0000","1.0000","0.0000","0.0000"
"100001092","BOVE00343","2.0000","2.0000","2.0000","0.0000","0.0000"
"100001092","BOVE00339","1.0000","1.0000","1.0000","0.0000","0.0000"
"100001092","BOVE00575","1.0000","1.0000","1.0000","0.0000","0.0000"
"100001092","BOVE00784","1.0000","1.0000","1.0000","0.0000","0.0000"
"100001093","BOVE00109","1.0000","1.0000","1.0000","0.0000","0.0000"
"100001094","BOAL01207-BOAL00379-BOAL00383-BOAL00385","1.0000","1.0000","1.0000","0.0000","0.0000"
"100001094","BOAL00379","1.0000","1.0000","1.0000","0.0000","0.0000"
"100001094","BOAL00383","1.0000","1.0000","1.0000","0.0000","0.0000"
"100001094","BOAL00385","1.0000","1.0000","1.0000","0.0000","0.0000"
"100001094","BOAL01208-BOAL00379-BOAL00383-BOAL00385-BOAL00384","1.0000","1.0000","1.0000","0.0000","0.0000"
"100001094","BOAL00379","1.0000","1.0000","1.0000","0.0000","0.0000"
"100001094","BOAL00383","1.0000","1.0000","1.0000","0.0000","0.0000"
"100001094","BOAL00385","1.0000","1.0000","1.0000","0.0000","0.0000"
"100001094","BOAL00384","1.0000","1.0000","1.0000","0.0000","0.0000"
"100001094","BOAL00385","1.0000","1.0000","1.0000","0.0000","0.0000"
"100001095","BOAL01174-BOAL00317-BOAL00321-BOAL00323-BOAL00325","1.0000","1.0000","1.0000","0.0000","0.0000"
"100001095","BOAL00317","2.0000","1.0000","1.0000","0.0000","0.0000"
"100001095","BOAL00321","2.0000","1.0000","1.0000","0.0000","0.0000"
"100001095","BOAL00323","2.0000","1.0000","1.0000","0.0000","0.0000"
"100001095","BOAL00325","2.0000","1.0000","1.0000","0.0000","0.0000"
"100001096","BOVA01387","8.0000","0.0000","0.0000","8.0000","0.0000"
"100001096","BOVA01383","8.0000","0.0000","0.0000","8.0000","0.0000"
"100001096","BOVA01385","8.0000","0.0000","0.0000","8.0000","0.0000"
"100001097","BOAL01271-BOAL00478-BOAL00482-BOAL00484-BOAL00486","1.0000","1.0000","1.0000","0.0000","0.0000"
"100001097","BOAL00478","2.0000","1.0000","1.0000","0.0000","0.0000"
"100001097","BOAL00482","2.0000","1.0000","1.0000","0.0000","0.0000"
"100001097","BOAL00484","2.0000","1.0000","1.0000","0.0000","0.0000"
"100001097","BOAL00486","2.0000","1.0000","1.0000","0.0000","0.0000"
"100001097","BOAL01270-BOAL00478-BOAL00482-BOAL00484-BOAL00486","1.0000","1.0000","1.0000","0.0000","0.0000"
"100001097","BOAL00478","1.0000","1.0000","1.0000","0.0000","0.0000"
"100001097","BOAL00482","1.0000","1.0000","1.0000","0.0000","0.0000"
"100001097","BOAL00484","1.0000","1.0000","1.0000","0.0000","0.0000"
"100001097","BOAL00486","1.0000","1.0000","1.0000","0.0000","0.0000"
"100001097","BOAL00484","1.0000","1.0000","1.0000","0.0000","0.0000"
"100001098","BOVA00254","12.0000","12.0000","12.0000","0.0000","0.0000"
"100001098","BOVA00556","6.0000","6.0000","6.0000","0.0000","0.0000"
"100001099","BOVE00471","1.0000","1.0000","1.0000","0.0000","0.0000"
"100001100","BOVE00234","3.0000","3.0000","3.0000","0.0000","0.0000"
"100001100","BOVE00485","4.0000","4.0000","4.0000","0.0000","0.0000"
"100001101","BOCI00766","1.0000","1.0000","1.0000","0.0000","0.0000"
"100001101","BOCI00739","1.0000","1.0000","1.0000","0.0000","0.0000"
"100001101","BOCI00731","6.0000","6.0000","6.0000","0.0000","0.0000"
"100001101","BOCI00736","1.0000","1.0000","1.0000","0.0000","0.0000"
"100001102","BOBB00038","1.0000","1.0000","1.0000","0.0000","0.0000"
"100001103","BOVE00467","2.0000","2.0000","2.0000","0.0000","0.0000"
"100001104","BOAL00661","1.0000","0.0000","0.0000","1.0000","0.0000"
"100001104","BOAL00663","1.0000","0.0000","0.0000","1.0000","0.0000"
"100001104","BOAL00656","1.0000","0.0000","0.0000","1.0000","0.0000"
"100001104","BOAL01503","1.0000","0.0000","0.0000","1.0000","0.0000"
"100001104","BOVE00386","1.0000","0.0000","0.0000","1.0000","0.0000"
"100001105","BOAL01182-BOAL00327-BOAL00328-BOAL00329-BOAL00330","1.0000","1.0000","1.0000","0.0000","0.0000"
"100001105","BOAL00327","1.0000","1.0000","1.0000","0.0000","0.0000"
"100001105","BOAL00328","1.0000","1.0000","1.0000","0.0000","0.0000"
"100001105","BOAL00329","1.0000","1.0000","1.0000","0.0000","0.0000"
"100001105","BOAL00330","1.0000","1.0000","1.0000","0.0000","0.0000"
"100001106","LLW0010003","1.0000","1.0000","1.0000","0.0000","0.0000"
"100001107","BOVE00724","4.0000","4.0000","4.0000","0.0000","0.0000"
"100001107","BOVE00681","2.0000","2.0000","2.0000","0.0000","0.0000"
"100001108","BOVE00281","1.0000","1.0000","1.0000","0.0000","0.0000"
"100001108","CBR0050001","1.0000","1.0000","1.0000","0.0000","0.0000"
"100001109","BOVE00679","1.0000","1.0000","1.0000","0.0000","0.0000"
"100001109","BOVE00680","1.0000","1.0000","1.0000","0.0000","0.0000"
"100001110","BOVE00355","2.0000","2.0000","2.0000","0.0000","0.0000"
"100001111","BOVE00684","3.0000","3.0000","3.0000","0.0000","0.0000"
"100001112","BOVE00378","5.0000","5.0000","5.0000","0.0000","0.0000"
"100001113","BOVE00119","1.0000","1.0000","1.0000","0.0000","0.0000"
"100001114","BOVE00469","1.0000","0.0000","0.0000","1.0000","0.0000"
"100001114","BOVE00336","2.0000","0.0000","0.0000","2.0000","0.0000"
"100001114","BOVE00156","1.0000","0.0000","0.0000","1.0000","0.0000"
"100001114","BOVE00363","1.0000","0.0000","0.0000","1.0000","0.0000"
"100001114","BOVE00537","1.0000","0.0000","0.0000","1.0000","0.0000"
"100001114","BNN0010003","1.0000","0.0000","0.0000","1.0000","0.0000"
"100001115","BOBB00016","1.0000","0.0000","0.0000","1.0000","0.0000"
"100001116","BOBB00099","1.0000","1.0000","1.0000","0.0000","0.0000"
"100001116","BOBB00123","1.0000","1.0000","1.0000","0.0000","0.0000"
"100001117","BOBB00042","3.0000","0.0000","0.0000","3.0000","0.0000"
"100001118","BOBB00042","3.0000","0.0000","0.0000","3.0000","0.0000"
"100001119","BOBB00042","3.0000","0.0000","0.0000","3.0000","0.0000"
"100001120","BOBB00042","3.0000","3.0000","3.0000","0.0000","0.0000"
"100001121","LLW0010002","1.0000","1.0000","1.0000","0.0000","0.0000"
"100001121","LLW0010001","1.0000","1.0000","1.0000","0.0000","0.0000"
"100001122","BOVE00730","3.0000","3.0000","3.0000","0.0000","0.0000"
"100001123","FFE0040002","1.0000","1.0000","1.0000","0.0000","0.0000"
"100001124","BOBB00039","1.0000","1.0000","1.0000","0.0000","0.0000"
"100001125","BOBB00098","1.0000","1.0000","1.0000","0.0000","0.0000"
"100001126","CAR0010002","2.0000","2.0000","2.0000","0.0000","0.0000"
"100001127","BOAL00719","1.0000","0.0000","0.0000","1.0000","0.0000"
"100001127","BOAL00721","1.0000","0.0000","0.0000","1.0000","0.0000"
"100001127","BOAL00743","1.0000","0.0000","0.0000","1.0000","0.0000"
"100001127","BOAL00745","2.0000","0.0000","0.0000","2.0000","0.0000"
"100001127","BOAL00746","1.0000","0.0000","0.0000","1.0000","0.0000"
"100001127","BOVA01355","1.0000","0.0000","0.0000","1.0000","0.0000"
"100001127","ME00270","1.0000","0.0000","0.0000","1.0000","0.0000"
"100001127","BOVA01456","1.0000","0.0000","0.0000","1.0000","0.0000"
"100001127","BOVA01359","1.0000","0.0000","0.0000","1.0000","0.0000"
"100001128","BOAL00719","1.0000","0.0000","0.0000","1.0000","0.0000"
"100001128","BOAL00721","1.0000","0.0000","0.0000","1.0000","0.0000"
"100001128","BOAL00743","1.0000","0.0000","0.0000","1.0000","0.0000"
"100001128","BOAL00745","2.0000","0.0000","0.0000","2.0000","0.0000"
"100001128","BOAL00746","1.0000","0.0000","0.0000","1.0000","0.0000"
"100001128","BOVA01355","1.0000","0.0000","0.0000","1.0000","0.0000"
"100001128","ME00270","1.0000","0.0000","0.0000","1.0000","0.0000"
"100001128","BOVA01456","1.0000","0.0000","0.0000","1.0000","0.0000"
"100001128","BOVA01359","1.0000","0.0000","0.0000","1.0000","0.0000"
"100001129","BOVE00116","1.0000","1.0000","1.0000","0.0000","0.0000"
"100001130","BOAL00745","1.0000","0.0000","0.0000","1.0000","0.0000"
"100001130","BOAL00744","1.0000","0.0000","0.0000","1.0000","0.0000"
"100001130","BOAL00720","1.0000","0.0000","0.0000","1.0000","0.0000"
"100001130","BOAL00721","1.0000","0.0000","0.0000","1.0000","0.0000"
"100001130","BOVA01355","1.0000","0.0000","0.0000","1.0000","0.0000"
"100001130","BOAL00746","2.0000","0.0000","0.0000","2.0000","0.0000"
"100001131","BOCI00453","1.0000","1.0000","1.0000","0.0000","0.0000"
"100001132","BOAL00762","1.0000","1.0000","1.0000","0.0000","0.0000"
"100001133","BOCI00487","4.0000","4.0000","4.0000","0.0000","0.0000"
"100001134","BOVE00448","1.0000","1.0000","1.0000","0.0000","0.0000"
"100001135","BOBB00074","1.0000","1.0000","1.0000","0.0000","0.0000"
"100001136","BOVE00485","2.0000","2.0000","2.0000","0.0000","0.0000"
"100001137","CCS0010003","1.0000","1.0000","1.0000","0.0000","0.0000"
"100001137","CCS0010002","1.0000","1.0000","1.0000","0.0000","0.0000"
"100001138","BOVE00156","1.0000","1.0000","1.0000","0.0000","0.0000"
"100001139","BOBB00038","2.0000","2.0000","2.0000","0.0000","0.0000"
"100001140","BOVE00483","2.0000","2.0000","2.0000","0.0000","0.0000"
"100001141","CCS0010008","1.0000","1.0000","1.0000","0.0000","0.0000"
"100001142","BOCI00822","1.0000","1.0000","1.0000","0.0000","0.0000"
"100001143","BOBB00064","1.0000","0.0000","0.0000","1.0000","0.0000"
"100001144","BOBB00064","1.0000","1.0000","1.0000","0.0000","0.0000"
"100001145","BOAL00703","1.0000","1.0000","1.0000","0.0000","0.0000"
"100001146","ME00C127","1.0000","1.0000","1.0000","0.0000","0.0000"
"100001146","SDO0011062","1.0000","1.0000","1.0000","0.0000","0.0000"
"100001146","SDO0011064","1.0000","1.0000","1.0000","0.0000","0.0000"
"100001146","SDO0011052","1.0000","1.0000","1.0000","0.0000","0.0000"
"100001146","SDO0011011","1.0000","1.0000","1.0000","0.0000","0.0000"
"100001147","BOAL00386","1.0000","1.0000","1.0000","0.0000","1.0000"
"100001148","BOBB00038","1.0000","1.0000","1.0000","0.0000","0.0000"
"100001149","BOAL00699","1.0000","1.0000","1.0000","0.0000","0.0000"
"100001150","BOCI00446","1.0000","1.0000","1.0000","0.0000","0.0000"
"100001151","CCS0010010","2.0000","2.0000","2.0000","0.0000","0.0000"
"100001152","BOVE00349","2.0000","2.0000","2.0000","0.0000","0.0000"
"100001153","BOAL00713","10.0000","10.0000","10.0000","0.0000","0.0000"
"100001153","BOAL00714","5.0000","5.0000","5.0000","0.0000","0.0000"
"100001154","VOL00052","2.0000","2.0000","2.0000","0.0000","0.0000"
"100001155","BOCI00577","1.0000","1.0000","1.0000","0.0000","0.0000"
"100001156","BOBB00061","1.0000","1.0000","1.0000","0.0000","0.0000"
"100001157","BOVE00443","1.0000","1.0000","1.0000","0.0000","0.0000"
"100001158","CCS0010014","3.0000","3.0000","3.0000","0.0000","0.0000"
"100001158","CCS0010001","2.0000","2.0000","2.0000","0.0000","0.0000"
"100001159","BOAL01174C-BOAL00317-BOAL00321-BOAL00323-BOAL00325-ME00C51","1.0000","0.0000","0.0000","1.0000","0.0000"
"100001159","BOAL00317","2.0000","0.0000","0.0000","0.0000","0.0000"
"100001159","BOAL00321","2.0000","0.0000","0.0000","0.0000","0.0000"
"100001159","BOAL00323","2.0000","0.0000","0.0000","0.0000","0.0000"
"100001159","BOAL00325","2.0000","0.0000","0.0000","0.0000","0.0000"
"100001159","ME00C51","1.0000","0.0000","0.0000","0.0000","0.0000"
"100001160","BOAL01174C-BOAL00317-BOAL00321-BOAL00323-BOAL00325-ME00C51","1.0000","1.0000","1.0000","0.0000","0.0000"
"100001160","BOAL00317","2.0000","1.0000","1.0000","0.0000","0.0000"
"100001160","BOAL00321","2.0000","1.0000","1.0000","0.0000","0.0000"
"100001160","BOAL00323","2.0000","1.0000","1.0000","0.0000","0.0000"
"100001160","BOAL00325","2.0000","1.0000","1.0000","0.0000","0.0000"
"100001160","ME00C51","1.0000","1.0000","1.0000","0.0000","0.0000"
"100001161","BOAL00113","2.0000","2.0000","2.0000","0.0000","0.0000"
"100001161","BOAL00112","1.0000","1.0000","1.0000","0.0000","0.0000"
"100001161","BOAL00107","1.0000","1.0000","1.0000","0.0000","0.0000"
"100001162","BOVE00169","1.0000","1.0000","1.0000","0.0000","0.0000"
"100001162","BOVE00171","1.0000","1.0000","1.0000","0.0000","0.0000"
"100001163","ME00294-ME00293","1.0000","1.0000","1.0000","0.0000","1.0000"
"100001163","ME00293","6.0000","1.0000","1.0000","0.0000","6.0000"
"100001163","ME00296-ME00295","1.0000","1.0000","1.0000","0.0000","1.0000"
"100001163","ME00295","6.0000","1.0000","1.0000","0.0000","6.0000"
"100001164","BOVE00613","1.0000","1.0000","1.0000","0.0000","0.0000"
"100001164","SDO0011074","1.0000","1.0000","1.0000","0.0000","0.0000"
"100001165","BOVE00557","2.0000","2.0000","2.0000","0.0000","0.0000"
"100001166","CCS0010009","1.0000","1.0000","1.0000","0.0000","0.0000"
"100001167","BOVE00730","4.0000","4.0000","4.0000","0.0000","0.0000"
"100001168","BOVE00485","3.0000","0.0000","0.0000","3.0000","0.0000"
"100001169","BOVE00485","3.0000","3.0000","3.0000","0.0000","0.0000"
"100001170","BOVE00379","20.0000","0.0000","0.0000","20.0000","0.0000"
"100001171","BOVE00379","20.0000","0.0000","0.0000","20.0000","0.0000"
"100001172","BOVE00379","20.0000","20.0000","20.0000","0.0000","0.0000"
"100001173","BOAL00379","2.0000","2.0000","2.0000","0.0000","0.0000"
"100001174","BOVE00360","2.0000","2.0000","2.0000","0.0000","0.0000"
"100001174","BOVE00159","1.0000","1.0000","1.0000","0.0000","0.0000"
"100001175","BOVE00111","5.0000","0.0000","0.0000","5.0000","0.0000"
"100001176","BOVE00111","5.0000","0.0000","0.0000","5.0000","0.0000"
"100001177","BOVE00111","5.0000","5.0000","5.0000","0.0000","0.0000"
"100001178","BOBB00058","1.0000","1.0000","1.0000","0.0000","0.0000"
"100001179","BOVE00113","4.0000","4.0000","4.0000","0.0000","0.0000"
"100001180","BOVE00117","1.0000","1.0000","1.0000","0.0000","0.0000"
"100001181","BOVE00612","2.0000","2.0000","2.0000","0.0000","0.0000"
"100001181","BOAL00217","2.0000","2.0000","2.0000","0.0000","0.0000"
"100001182","BOVE00271","1.0000","1.0000","1.0000","0.0000","0.0000"
"100001182","BOVE00272","1.0000","1.0000","1.0000","0.0000","0.0000"
"100001183","BOAL01457-BOAL00656-BOAL00661-BOAL00662-BOAL00663","1.0000","1.0000","1.0000","0.0000","0.0000"
"100001183","BOAL00656","2.0000","1.0000","1.0000","0.0000","0.0000"
"100001183","BOAL00661","2.0000","1.0000","1.0000","0.0000","0.0000"
"100001183","BOAL00662","2.0000","1.0000","1.0000","0.0000","0.0000"
"100001183","BOAL00663","2.0000","1.0000","1.0000","0.0000","0.0000"
"100001184","BOVE00110","1.0000","1.0000","1.0000","0.0000","0.0000"
"100001185","BOVE00359","1.0000","1.0000","1.0000","0.0000","0.0000"
"100001185","CCS0010003","1.0000","1.0000","1.0000","0.0000","0.0000"
"100001186","ME00135","1.0000","1.0000","1.0000","0.0000","1.0000"
"100001186","ME00140","1.0000","1.0000","1.0000","0.0000","1.0000"
"100001187","BOAL01389-BOAL00208-BOAL00264-BOAL00222-BOAL00241","3.0000","3.0000","3.0000","0.0000","0.0000"
"100001187","BOAL00208","3.0000","1.0000","1.0000","0.0000","0.0000"
"100001187","BOAL00264","3.0000","1.0000","1.0000","0.0000","0.0000"
"100001187","BOAL00222","3.0000","1.0000","1.0000","0.0000","0.0000"
"100001187","BOAL00241","3.0000","1.0000","1.0000","0.0000","0.0000"
"100001187","BOAL00198","4.0000","4.0000","4.0000","0.0000","0.0000"
"100001187","BOAL01387-BOAL00208-BOAL00264-BOAL00222","1.0000","1.0000","1.0000","0.0000","0.0000"
"100001187","BOAL00208","1.0000","1.0000","1.0000","0.0000","0.0000"
"100001187","BOAL00264","1.0000","1.0000","1.0000","0.0000","0.0000"
"100001187","BOAL00222","1.0000","1.0000","1.0000","0.0000","0.0000"
"100001188","BOBB00132","1.0000","1.0000","1.0000","0.0000","0.0000"
"100001189","LLW0010002","1.0000","1.0000","1.0000","0.0000","0.0000"
"100001189","LLW0010003","1.0000","1.0000","1.0000","0.0000","0.0000"
"100001190","BOVE00373","2.0000","2.0000","2.0000","0.0000","0.0000"
"100001191","BOVE00455","1.0000","1.0000","1.0000","0.0000","0.0000"
"100001192","BOAL00111","1.0000","1.0000","1.0000","0.0000","0.0000"
"100001193","BOVE00505","2.0000","2.0000","2.0000","0.0000","0.0000"
"100001194","BOCI00720","2.0000","2.0000","2.0000","0.0000","0.0000"
"100001195","BOVE00444","2.0000","2.0000","2.0000","0.0000","0.0000"
"100001196","CAR0010002","2.0000","2.0000","2.0000","0.0000","0.0000"
"200000002","BOVE00520","10.0000","10.0000","10.0000","0.0000","0.0000"
"200000002","BOBB00070","10.0000","10.0000","10.0000","0.0000","0.0000"
"100001197","BOVE00537","1.0000","0.0000","0.0000","1.0000","0.0000"
"100001197","CAR0010002","1.0000","0.0000","0.0000","1.0000","0.0000"
"100001198","BOAL01457-BOAL00656-BOAL00661-BOAL00662-BOAL00663","1.0000","1.0000","1.0000","0.0000","0.0000"
"100001198","BOAL00656","2.0000","1.0000","1.0000","0.0000","0.0000"
"100001198","BOAL00661","2.0000","1.0000","1.0000","0.0000","0.0000"
"100001198","BOAL00662","2.0000","1.0000","1.0000","0.0000","0.0000"
"100001198","BOAL00663","2.0000","1.0000","1.0000","0.0000","0.0000"
"100001199","BOVE00387","1.0000","0.0000","0.0000","1.0000","0.0000"
"100001199","BOVE00386","2.0000","0.0000","0.0000","2.0000","0.0000"
"100001200","BOVE00387","1.0000","1.0000","1.0000","0.0000","0.0000"
"100001200","BOVE00386","2.0000","2.0000","2.0000","0.0000","0.0000"
"100001201","BOVA01397","1.0000","1.0000","1.0000","0.0000","0.0000"
"100001201","BOVA01395","2.0000","2.0000","2.0000","0.0000","0.0000"
"100001201","BOVA01396","4.0000","4.0000","4.0000","0.0000","0.0000"
"100001202","BOAL00343","1.0000","1.0000","1.0000","0.0000","0.0000"
"100001202","BOAL00348","1.0000","1.0000","1.0000","0.0000","0.0000"
"100001203","BOVE00420","4.0000","4.0000","4.0000","0.0000","0.0000"
"100001204","BOVE00469","1.0000","1.0000","1.0000","0.0000","0.0000"
"100001204","BOVE00336","2.0000","2.0000","2.0000","0.0000","0.0000"
"100001204","BOVE00156","1.0000","1.0000","1.0000","0.0000","0.0000"
"100001204","BNN0010003","1.0000","1.0000","1.0000","0.0000","0.0000"
"100001204","BOVE00537","1.0000","1.0000","1.0000","0.0000","0.0000"
"100001204","BOVE00288","1.0000","1.0000","1.0000","0.0000","0.0000"
"100001204","BOBB00266","1.0000","1.0000","1.0000","0.0000","0.0000"
"100001204","BOBB00264","1.0000","1.0000","1.0000","0.0000","0.0000"
"100001205","BOBB00038","1.0000","1.0000","1.0000","0.0000","0.0000"
"100001206","BOVE00284","6.0000","6.0000","6.0000","0.0000","0.0000"
"100001207","BCO0010004","1.0000","1.0000","1.0000","0.0000","0.0000"
"100001207","BCO0010002","1.0000","1.0000","1.0000","0.0000","0.0000"
"100001207","BCO0010001","1.0000","1.0000","1.0000","0.0000","0.0000"
"100001207","BOAL00888","2.0000","2.0000","0.0000","0.0000","2.0000"
"100001208","CCS0010003","1.0000","1.0000","1.0000","0.0000","0.0000"
"100001208","CCS0010004","1.0000","1.0000","1.0000","0.0000","0.0000"
"100001208","CCS0010005","3.0000","3.0000","3.0000","0.0000","0.0000"
"100001209","BOBB00050","1.0000","1.0000","1.0000","0.0000","0.0000"
"100001210","BOCI00461","1.0000","0.0000","0.0000","1.0000","0.0000"
"100001211","BOCI00461","1.0000","0.0000","0.0000","1.0000","0.0000"
"100001212","BOCI00461","1.0000","0.0000","0.0000","1.0000","0.0000"
"100001213","BOCI00461","1.0000","0.0000","0.0000","1.0000","0.0000"
"100001214","BOCI00461","1.0000","0.0000","0.0000","1.0000","0.0000"
"100001215","LLW0010002","1.0000","1.0000","1.0000","0.0000","0.0000"
"100001216","BOAL01174C-BOAL00317-BOAL00321-BOAL00323-BOAL00325-ME00C51","1.0000","1.0000","1.0000","0.0000","0.0000"
"100001216","BOAL00317","2.0000","1.0000","1.0000","0.0000","0.0000"
"100001216","BOAL00321","2.0000","1.0000","1.0000","0.0000","0.0000"
"100001216","BOAL00323","2.0000","1.0000","1.0000","0.0000","0.0000"
"100001216","BOAL00325","2.0000","1.0000","1.0000","0.0000","0.0000"
"100001216","ME00C51","1.0000","1.0000","1.0000","0.0000","0.0000"
"100001217","BOBB00057","1.0000","1.0000","1.0000","0.0000","0.0000"
"100001218","BOVE00281","1.0000","0.0000","0.0000","1.0000","0.0000"
"100001218","BOVE00520","2.0000","0.0000","0.0000","2.0000","0.0000"
"100001219","BOAL01523-BOAL01508-BOAL01509-BOAL01507-BOAL01510","1.0000","1.0000","1.0000","0.0000","0.0000"
"100001219","BOAL01508","1.0000","1.0000","1.0000","0.0000","0.0000"
"100001219","BOAL01509","1.0000","1.0000","1.0000","0.0000","0.0000"
"100001219","BOAL01507","1.0000","1.0000","1.0000","0.0000","0.0000"
"100001219","BOAL01510","1.0000","1.0000","1.0000","0.0000","0.0000"
"100001220","BOCI00577","1.0000","1.0000","1.0000","0.0000","0.0000"
"100001221","BOBB00098","1.0000","1.0000","1.0000","0.0000","0.0000"
"100001222","BOCI00461","1.0000","0.0000","0.0000","1.0000","0.0000"
"100001223","BOCI00461","1.0000","0.0000","0.0000","1.0000","0.0000"
"100001224","BOCI00461","1.0000","1.0000","1.0000","0.0000","0.0000"
"100001225","BOVE00313","1.0000","1.0000","1.0000","0.0000","0.0000"
"100001226","BOAL00388","1.0000","1.0000","1.0000","0.0000","0.0000"
"100001226","BOAL00393","1.0000","1.0000","1.0000","0.0000","0.0000"
"100001226","BOAL00396","1.0000","1.0000","1.0000","0.0000","0.0000"
"100001226","BOAL00394","1.0000","1.0000","1.0000","0.0000","0.0000"
"100001227","ME00C51","1.0000","0.0000","0.0000","1.0000","0.0000"
"100001228","ME00C51","1.0000","1.0000","1.0000","0.0000","0.0000"
"100001229","BOAL00210","1.0000","1.0000","1.0000","0.0000","0.0000"
"100001229","BOAL00263","2.0000","2.0000","2.0000","0.0000","0.0000"
"100001230","BOVE00633","2.0000","2.0000","2.0000","0.0000","2.0000"
"100001231","BOVE00516","2.0000","2.0000","2.0000","0.0000","0.0000"
"100001232","BOVE00394","2.0000","2.0000","2.0000","0.0000","0.0000"
"100001233","VOL00111","4.0000","4.0000","4.0000","0.0000","0.0000"
"100001234","VOL00111","4.0000","4.0000","4.0000","0.0000","0.0000"
"100001235","BOVE00359","1.0000","1.0000","1.0000","0.0000","0.0000"
"100001236","BOCI00515","1.0000","1.0000","1.0000","0.0000","0.0000"
"100001237","CAR0030001","2.0000","2.0000","2.0000","0.0000","0.0000"
"100001238","BOBB00273","1.0000","1.0000","1.0000","0.0000","0.0000"
"100001239","CCS0010002","1.0000","1.0000","1.0000","0.0000","0.0000"
"100001239","CCS0010011","1.0000","1.0000","1.0000","0.0000","0.0000"
"100001240","BOVE00113","1.0000","1.0000","1.0000","0.0000","0.0000"
"100001241","BOVE00225","2.0000","2.0000","2.0000","0.0000","0.0000"
"100001242","CAR0010001","1.0000","1.0000","1.0000","0.0000","0.0000"
"100001243","BOVE00778","1.0000","1.0000","1.0000","0.0000","0.0000"
"100001244","BOBB00050","2.0000","2.0000","2.0000","0.0000","0.0000"
"100001245","CCS0010002","3.0000","3.0000","3.0000","0.0000","0.0000"
"100001245","BOVE00797-BOVE00796-BOVE00795-BOVE00794","8.0000","8.0000","8.0000","0.0000","0.0000"
"100001245","BOVE00796","8.0000","1.0000","1.0000","0.0000","0.0000"
"100001245","BOVE00795","8.0000","1.0000","1.0000","0.0000","0.0000"
"100001245","BOVE00794","8.0000","1.0000","1.0000","0.0000","0.0000"
"100001246","BOAL01223-BOAL00388-BOAL00393-BOAL00394-BOAL00396-BOAL00390-BOAL00392-BOAL00389-BOAL00391","1.0000","1.0000","1.0000","0.0000","0.0000"
"100001246","BOAL00388","2.0000","1.0000","1.0000","0.0000","0.0000"
"100001246","BOAL00393","2.0000","1.0000","1.0000","0.0000","0.0000"
"100001246","BOAL00394","2.0000","1.0000","1.0000","0.0000","0.0000"
"100001246","BOAL00396","2.0000","1.0000","1.0000","0.0000","0.0000"
"100001246","BOAL00390","2.0000","1.0000","1.0000","0.0000","0.0000"
"100001246","BOAL00392","2.0000","1.0000","1.0000","0.0000","0.0000"
"100001246","BOAL00389","2.0000","1.0000","1.0000","0.0000","0.0000"
"100001246","BOAL00391","2.0000","1.0000","1.0000","0.0000","0.0000"
"100001247","BOBB00050","1.0000","0.0000","0.0000","1.0000","0.0000"
"100001248","BOBB00038","3.0000","3.0000","3.0000","0.0000","0.0000"
"100001248","BOBB00051","1.0000","1.0000","1.0000","0.0000","0.0000"
"100001248","BOBB00045","2.0000","2.0000","2.0000","0.0000","0.0000"
"100001249","BOVE00374","1.0000","1.0000","1.0000","0.0000","0.0000"
"100001250","ME00C127","1.0000","1.0000","1.0000","0.0000","0.0000"
"100001251","BOVE00512","1.0000","1.0000","1.0000","0.0000","0.0000"
"100001252","BOAL01391-BOAL00208-BOAL00264-BOAL00222-BOAL00241","1.0000","1.0000","1.0000","0.0000","1.0000"
"100001252","BOAL00208","2.0000","1.0000","1.0000","0.0000","2.0000"
"100001252","BOAL00264","2.0000","1.0000","1.0000","0.0000","2.0000"
"100001252","BOAL00222","2.0000","1.0000","1.0000","0.0000","2.0000"
"100001252","BOAL00241","2.0000","1.0000","1.0000","0.0000","2.0000"
"100001253","ME00247","1.0000","1.0000","1.0000","0.0000","0.0000"
"100001253","ME00134","1.0000","1.0000","1.0000","0.0000","0.0000"
"100001253","BOVA01461","6.0000","6.0000","6.0000","0.0000","0.0000"
"100001253","ME00200","1.0000","1.0000","1.0000","0.0000","0.0000"
"100001253","ME00266","1.0000","1.0000","1.0000","0.0000","0.0000"
"100001254","BOBB00050","1.0000","1.0000","1.0000","0.0000","0.0000"
"100001255","BOVE00281","1.0000","1.0000","1.0000","0.0000","0.0000"
"100001255","BOVE00520","2.0000","2.0000","2.0000","0.0000","0.0000"
"100001256","FFE0020002","1.0000","1.0000","1.0000","0.0000","0.0000"
"100001257","BOVE00311","1.0000","1.0000","1.0000","0.0000","0.0000"
"100001257","BOVE00313","1.0000","1.0000","1.0000","0.0000","0.0000"
"100001258","EME0010003","1.0000","1.0000","1.0000","0.0000","0.0000"
"100001259","BOVA00291","3.0000","0.0000","0.0000","3.0000","0.0000"
"100001260","BOVA00291","3.0000","3.0000","3.0000","0.0000","0.0000"
"100001261","ME00C127","1.0000","1.0000","1.0000","0.0000","0.0000"
"100001261","BOVA00953","7.0000","7.0000","7.0000","0.0000","0.0000"
"100001262","CCS0010009","1.0000","1.0000","1.0000","0.0000","0.0000"
"100001263","BOCI00514","1.0000","1.0000","1.0000","0.0000","0.0000"
"100001264","CCS0010002","1.0000","0.0000","0.0000","1.0000","0.0000"
"100001265","BOVE00613","1.0000","1.0000","1.0000","0.0000","0.0000"
"100001266","BOBB00038","1.0000","1.0000","1.0000","0.0000","0.0000"
"100001267","BOAL00323","2.0000","2.0000","2.0000","0.0000","0.0000"
"100001267","BOAL00325","1.0000","1.0000","1.0000","0.0000","0.0000"
"100001268","ME00C24","1.0000","1.0000","1.0000","0.0000","0.0000"
"100001269","BOVE00284","10.0000","10.0000","10.0000","0.0000","0.0000"
"100001270","BOVE00626","1.0000","1.0000","1.0000","0.0000","0.0000"
"100001271","BOVE00024","1.0000","1.0000","1.0000","0.0000","0.0000"
"100001272","BOAL01174C-BOAL00317-BOAL00321-BOAL00323-BOAL00325-ME00C51","1.0000","0.0000","0.0000","1.0000","0.0000"
"100001272","BOAL00317","2.0000","0.0000","0.0000","0.0000","0.0000"
"100001272","BOAL00321","2.0000","0.0000","0.0000","0.0000","0.0000"
"100001272","BOAL00323","2.0000","0.0000","0.0000","0.0000","0.0000"
"100001272","BOAL00325","2.0000","0.0000","0.0000","0.0000","0.0000"
"100001272","ME00C51","1.0000","0.0000","0.0000","0.0000","0.0000"
"100001272","BOCI00731","4.0000","0.0000","0.0000","4.0000","0.0000"
"100001272","SDO0028034","1.0000","0.0000","0.0000","1.0000","0.0000"
"100001272","SDO0011051","1.0000","0.0000","0.0000","1.0000","0.0000"
"100001272","BOBB00025","1.0000","0.0000","0.0000","1.0000","0.0000"
"100001273","BOAL01174C-BOAL00317-BOAL00321-BOAL00323-BOAL00325-ME00C51","1.0000","1.0000","1.0000","0.0000","0.0000"
"100001273","BOAL00317","2.0000","1.0000","1.0000","0.0000","0.0000"
"100001273","BOAL00321","2.0000","1.0000","1.0000","0.0000","0.0000"
"100001273","BOAL00323","2.0000","1.0000","1.0000","0.0000","0.0000"
"100001273","BOAL00325","2.0000","1.0000","1.0000","0.0000","0.0000"
"100001273","ME00C51","1.0000","1.0000","1.0000","0.0000","0.0000"
"100001273","SDO0028034","1.0000","1.0000","1.0000","0.0000","0.0000"
"100001273","SDO0011051","1.0000","1.0000","1.0000","0.0000","0.0000"
"100001273","BOCI00733","4.0000","4.0000","4.0000","0.0000","0.0000"
"100001274","BOAL00723","9.0000","9.0000","9.0000","0.0000","0.0000"
"100001275","BOAL00710","20.0000","20.0000","20.0000","0.0000","0.0000"
"100001275","BOAL00713","20.0000","20.0000","20.0000","0.0000","0.0000"
"100001276","BOVE00373","3.0000","3.0000","3.0000","0.0000","0.0000"
"100001277","BGD0010010-BGD0010002-BOAL00373-BGD0010001-BGD0010006","1.0000","1.0000","1.0000","0.0000","0.0000"
"100001277","BGD0010002","2.0000","1.0000","1.0000","0.0000","0.0000"
"100001277","BOAL00373","2.0000","1.0000","1.0000","0.0000","0.0000"
"100001277","BGD0010001","2.0000","1.0000","1.0000","0.0000","0.0000"
"100001277","BGD0010006","2.0000","1.0000","1.0000","0.0000","0.0000"
"100001278","BOVE00619","4.0000","4.0000","4.0000","0.0000","0.0000"
"100001279","BOVE00510","1.0000","1.0000","1.0000","0.0000","0.0000"
"100001280","BOVA00247","6.0000","6.0000","6.0000","0.0000","0.0000"
"100001281","BOVE00079","3.0000","3.0000","3.0000","0.0000","0.0000"
"100001281","BOVE00313","2.0000","2.0000","2.0000","0.0000","0.0000"
"100001282","BOCI00366","2.0000","2.0000","2.0000","0.0000","0.0000"
"100001283","BBR0010001","1.0000","1.0000","1.0000","0.0000","0.0000"
"100001284","BOVE00451","1.0000","1.0000","1.0000","0.0000","0.0000"
"100001284","BOBB00051","1.0000","1.0000","1.0000","0.0000","0.0000"
"100001285","BOVA01201","1.0000","1.0000","1.0000","0.0000","0.0000"
"100001285","BOVA01202","1.0000","1.0000","1.0000","0.0000","0.0000"
"100001285","BOVA01197","1.0000","1.0000","1.0000","0.0000","0.0000"
"100001285","BOVA01196","1.0000","1.0000","1.0000","0.0000","0.0000"
"100001285","BOVA01198","1.0000","1.0000","1.0000","0.0000","0.0000"
"100001285","BOVA01199","1.0000","1.0000","1.0000","0.0000","0.0000"
"100001285","BOVA01203","1.0000","1.0000","1.0000","0.0000","0.0000"
"100001286","BOVE00572","1.0000","1.0000","1.0000","0.0000","0.0000"
"100001287","BOBB00038","1.0000","1.0000","1.0000","0.0000","0.0000"
"100001288","BOAL00345","1.0000","1.0000","1.0000","0.0000","0.0000"
"100001288","BOAL00799","1.0000","1.0000","1.0000","0.0000","0.0000"
"100001289","BOVE00521","1.0000","1.0000","1.0000","0.0000","0.0000"
"100001290","BOCI00299","1.0000","1.0000","1.0000","0.0000","0.0000"
"100001291","BOAL01524C","1.0000","1.0000","1.0000","0.0000","0.0000"
"100001292","ME00C51","1.0000","1.0000","1.0000","0.0000","0.0000"
"100001293","BOUU00006","10.0000","10.0000","10.0000","0.0000","0.0000"
"100001294","BOVE00454","2.0000","2.0000","2.0000","0.0000","0.0000"
"100001295","BOAL00784","1.0000","1.0000","1.0000","0.0000","0.0000"
"100001295","BOAL00785","1.0000","1.0000","1.0000","0.0000","0.0000"
"100001296","BOVA00344","5.0000","5.0000","5.0000","0.0000","0.0000"
"100001296","BOVA00862","10.0000","10.0000","10.0000","0.0000","0.0000"
"100001297","BOAL00798","2.0000","0.0000","0.0000","2.0000","0.0000"
"100001298","BOAL00798","2.0000","2.0000","2.0000","0.0000","0.0000"
"100001299","BOAL00784","1.0000","1.0000","1.0000","0.0000","0.0000"
"100001299","BOAL00785","1.0000","1.0000","1.0000","0.0000","0.0000"
"100001300","ME00C51","1.0000","1.0000","1.0000","0.0000","0.0000"
"100001301","BOBB00038","2.0000","2.0000","2.0000","0.0000","0.0000"
"100001302","BOVE00359","1.0000","1.0000","1.0000","0.0000","0.0000"
"100001303","BCO0010001","1.0000","1.0000","1.0000","0.0000","0.0000"
"100001303","BCO0010008","1.0000","1.0000","1.0000","0.0000","0.0000"
"100001303","BCO0010006","1.0000","1.0000","1.0000","0.0000","0.0000"
"100001304","BOVE00588","1.0000","1.0000","1.0000","0.0000","0.0000"
"100001305","ME00C127","1.0000","1.0000","1.0000","0.0000","0.0000"
"100001305","BOVA00614","1.0000","1.0000","1.0000","0.0000","0.0000"
"100001305","ME00C51","1.0000","1.0000","1.0000","0.0000","0.0000"
"100001306","BOVE00505","2.0000","2.0000","2.0000","0.0000","0.0000"
"100001306","BOVE00313","1.0000","1.0000","1.0000","0.0000","0.0000"
"100001306","BOBB00038","1.0000","1.0000","1.0000","0.0000","0.0000"
"100001306","ME00227","1.0000","1.0000","1.0000","0.0000","0.0000"
"100001306","BOVE00559","1.0000","1.0000","1.0000","0.0000","0.0000"
"100001306","BOAL00759","2.0000","2.0000","2.0000","0.0000","0.0000"
"100001306","BOCI00679","2.0000","2.0000","2.0000","0.0000","0.0000"
"100001306","BOCI00721","1.0000","1.0000","1.0000","0.0000","0.0000"
"100001307","BOAL00924","1.0000","1.0000","1.0000","0.0000","0.0000"
"100001308","BOBB00038","1.0000","1.0000","1.0000","0.0000","0.0000"
"100001309","BOAL01172-BOAL00317-BOAL00321-BOAL00323","15.0000","15.0000","15.0000","0.0000","0.0000"
"100001309","BOAL00317","15.0000","1.0000","1.0000","0.0000","0.0000"
"100001309","BOAL00321","15.0000","1.0000","1.0000","0.0000","0.0000"
"100001309","BOAL00323","15.0000","1.0000","1.0000","0.0000","0.0000"
"100001310","CCS0010002","1.0000","0.0000","0.0000","1.0000","0.0000"
"100001310","CCS0010016","1.0000","0.0000","0.0000","1.0000","0.0000"
"100001311","BOAL00361","2.0000","2.0000","2.0000","0.0000","0.0000"
"100001311","BOAL00363","2.0000","2.0000","2.0000","0.0000","0.0000"
"100001311","BOAL00366","2.0000","2.0000","2.0000","0.0000","0.0000"
"100001311","BOAL00362","3.0000","3.0000","3.0000","0.0000","0.0000"
"100001311","BOAL00365","3.0000","3.0000","3.0000","0.0000","0.0000"
"100001312","BOCI00801","1.0000","1.0000","1.0000","0.0000","0.0000"
"100001313","BOVE00336","2.0000","2.0000","2.0000","0.0000","0.0000"
"100001314","BOVE00567","5.0000","5.0000","5.0000","0.0000","0.0000"
"100001314","CAR0080002","3.0000","3.0000","3.0000","0.0000","0.0000"
"100001315","BOBB00064","1.0000","1.0000","1.0000","0.0000","0.0000"
"100001316","BOVA01326","10.0000","10.0000","10.0000","0.0000","0.0000"
"100001317","BOAL00703","2.0000","2.0000","2.0000","0.0000","0.0000"
"100001318","BOAL00424","2.0000","0.0000","0.0000","2.0000","0.0000"
"100001319","ME00C127","1.0000","1.0000","1.0000","0.0000","0.0000"
"100001320","ME00270","1.0000","0.0000","0.0000","1.0000","0.0000"
"100001320","BOVA01456","1.0000","0.0000","0.0000","1.0000","0.0000"
"100001320","BOVA01439","2.0000","0.0000","0.0000","2.0000","0.0000"
"100001320","BOAL00746","1.0000","0.0000","0.0000","1.0000","0.0000"
"100001320","BOAL00745","1.0000","0.0000","0.0000","1.0000","0.0000"
"100001320","BOVA01355","1.0000","0.0000","0.0000","1.0000","0.0000"
"100001321","LLW0010002","1.0000","1.0000","1.0000","0.0000","0.0000"
"100001322","BOAL00933","1.0000","1.0000","1.0000","0.0000","0.0000"
"100001322","BOAL00929","1.0000","1.0000","1.0000","0.0000","0.0000"
"100001322","BOAL00939","1.0000","1.0000","1.0000","0.0000","0.0000"
"100001322","BOAL00938","1.0000","1.0000","1.0000","0.0000","0.0000"
"100001323","BOVE00344","2.0000","2.0000","2.0000","0.0000","0.0000"
"100001323","BOVE00341","2.0000","2.0000","2.0000","0.0000","0.0000"
"100001323","BOVE00343","2.0000","2.0000","2.0000","0.0000","0.0000"
"100001323","CCS0010002","5.0000","5.0000","5.0000","0.0000","0.0000"
"100001324","BOVE00378","1.0000","1.0000","1.0000","0.0000","0.0000"
"100001324","BOVE00381","1.0000","1.0000","1.0000","0.0000","0.0000"
"100001324","BOVE00380","1.0000","1.0000","1.0000","0.0000","0.0000"
"100001325","BOVE00450","1.0000","1.0000","1.0000","0.0000","0.0000"
"100001325","BOVE00451","1.0000","1.0000","1.0000","0.0000","0.0000"
"100001325","BOVE00452","1.0000","1.0000","1.0000","0.0000","0.0000"
"100001326","CAR0030001","2.0000","2.0000","2.0000","0.0000","0.0000"
"100001327","BOVE00290","1.0000","1.0000","1.0000","0.0000","0.0000"
"100001327","BOVE00389IB","3.0000","3.0000","3.0000","0.0000","0.0000"
"100001327","BOVA01436","1.0000","1.0000","1.0000","0.0000","0.0000"
"100001327","BOVE00156","2.0000","2.0000","2.0000","0.0000","0.0000"
"100001328","ME00C127","1.0000","1.0000","1.0000","0.0000","0.0000"
"100001329","BOVE00644","1.0000","0.0000","0.0000","1.0000","0.0000"
"100001330","BOVE00644","1.0000","0.0000","0.0000","1.0000","0.0000"
"100001331","BA00029","1.0000","1.0000","1.0000","0.0000","0.0000"
"100001332","BOAL00696","1.0000","1.0000","1.0000","0.0000","0.0000"
"100001333","BOVE00114","7.0000","7.0000","7.0000","0.0000","0.0000"
"100001334","ME00C51","1.0000","1.0000","1.0000","0.0000","0.0000"
"100001335","BOVA01428","6.0000","6.0000","6.0000","0.0000","0.0000"
"100001335","BOVA01432","6.0000","6.0000","6.0000","0.0000","0.0000"
"100001336","ME00270","1.0000","0.0000","0.0000","1.0000","0.0000"
"100001336","BOAL00744","1.0000","0.0000","0.0000","1.0000","0.0000"
"100001336","BOAL00746","1.0000","0.0000","0.0000","1.0000","0.0000"
"100001336","BOVA01457","1.0000","0.0000","0.0000","1.0000","0.0000"
"100001336","BOVA01355","1.0000","0.0000","0.0000","1.0000","0.0000"
"100001337","CCS0010011","1.0000","1.0000","1.0000","0.0000","0.0000"
"100001337","CCS0010003","1.0000","1.0000","1.0000","0.0000","0.0000"
"100001338","CCS0010015","1.0000","1.0000","1.0000","0.0000","0.0000"
"100001338","CCS0010016","2.0000","2.0000","2.0000","0.0000","0.0000"
"100001339","BOAL00713","15.0000","15.0000","15.0000","0.0000","0.0000"
"100001340","BOVE00644","1.0000","1.0000","1.0000","0.0000","0.0000"
"100001341","CCS0010002","3.0000","3.0000","3.0000","0.0000","0.0000"
"100001342","BOAL00764","1.0000","1.0000","1.0000","0.0000","0.0000"
"100001343","BOCI00314","1.0000","1.0000","1.0000","0.0000","0.0000"
"100001344","CCS0010002","3.0000","3.0000","3.0000","0.0000","0.0000"
"100001345","BOVE00290","6.0000","6.0000","6.0000","0.0000","0.0000"
"100001346","BOVE00387","1.0000","1.0000","1.0000","0.0000","0.0000"
"100001346","BOVE00386","1.0000","1.0000","1.0000","0.0000","0.0000"
"100001347","BOAL00924","1.0000","1.0000","1.0000","0.0000","0.0000"
"100001348","BOVE00448","1.0000","1.0000","1.0000","0.0000","0.0000"
"100001349","CAR0030001","2.0000","2.0000","2.0000","0.0000","0.0000"
"100001350","BOVA01208","2.0000","2.0000","2.0000","0.0000","0.0000"
"100001351","BOCI00595","1.0000","1.0000","1.0000","0.0000","0.0000"
"100001352","CCS0010003","1.0000","1.0000","1.0000","0.0000","0.0000"
"100001353","BOVE00422","1.0000","1.0000","1.0000","0.0000","0.0000"
"100001354","BOVE00394","4.0000","4.0000","4.0000","0.0000","0.0000"
"100001355","BOAL01274-BOAL00478-BOAL00482-BOAL00484-BOAL00486-BOAL00480-BOAL00483","1.0000","0.0000","0.0000","1.0000","0.0000"
"100001355","BOAL00478","2.0000","0.0000","0.0000","0.0000","0.0000"
"100001355","BOAL00482","2.0000","0.0000","0.0000","0.0000","0.0000"
"100001355","BOAL00484","2.0000","0.0000","0.0000","0.0000","0.0000"
"100001355","BOAL00486","2.0000","0.0000","0.0000","0.0000","0.0000"
"100001355","BOAL00480","2.0000","0.0000","0.0000","0.0000","0.0000"
"100001355","BOAL00483","2.0000","0.0000","0.0000","0.0000","0.0000"
"100001356","BOAL01274-BOAL00478-BOAL00482-BOAL00484-BOAL00486-BOAL00480-BOAL00483","1.0000","1.0000","1.0000","0.0000","0.0000"
"100001356","BOAL00478","2.0000","1.0000","1.0000","0.0000","0.0000"
"100001356","BOAL00482","2.0000","1.0000","1.0000","0.0000","0.0000"
"100001356","BOAL00484","2.0000","1.0000","1.0000","0.0000","0.0000"
"100001356","BOAL00486","2.0000","1.0000","1.0000","0.0000","0.0000"
"100001356","BOAL00480","2.0000","1.0000","1.0000","0.0000","0.0000"
"100001356","BOAL00483","2.0000","1.0000","1.0000","0.0000","0.0000"
"100001357","BOBB00038","1.0000","1.0000","1.0000","0.0000","0.0000"
"100001358","BOVE00343","1.0000","1.0000","1.0000","0.0000","0.0000"
"100001359","CCS0010005","2.0000","2.0000","2.0000","0.0000","0.0000"
"100001360","ME00C127","1.0000","1.0000","1.0000","0.0000","0.0000"
"100001360","BOBB00043","1.0000","1.0000","1.0000","0.0000","0.0000"
"100001360","BOVE00658","1.0000","1.0000","1.0000","0.0000","0.0000"
"100001361","BOCI00479","1.0000","1.0000","1.0000","0.0000","0.0000"
"100001362","BNN0010002","1.0000","1.0000","1.0000","0.0000","0.0000"
"100001362","BNN0010003","1.0000","1.0000","1.0000","0.0000","0.0000"
"100001363","BOVE00113","3.0000","0.0000","0.0000","3.0000","0.0000"
"100001364","BOAL00744","1.0000","0.0000","0.0000","1.0000","0.0000"
"100001365","ME00C127","1.0000","1.0000","1.0000","0.0000","0.0000"
"100001365","BOBB00033","1.0000","1.0000","1.0000","0.0000","0.0000"
"100001365","BOBB00038","1.0000","1.0000","1.0000","0.0000","0.0000"
"100001366","BOVE00469","1.0000","1.0000","1.0000","0.0000","0.0000"
"100001367","ME00C51","1.0000","1.0000","1.0000","0.0000","0.0000"
"100001368","BOVE00471","1.0000","1.0000","1.0000","0.0000","0.0000"
"100001368","BOBB00062","1.0000","1.0000","1.0000","0.0000","0.0000"
"100001368","BOBB00069","1.0000","1.0000","1.0000","0.0000","0.0000"
"100001369","ME00C24","2.0000","2.0000","2.0000","0.0000","0.0000"
"100001370","CBR0020002","2.0000","2.0000","2.0000","0.0000","0.0000"
"100001371","ME00C51","1.0000","1.0000","1.0000","0.0000","0.0000"
"100001372","BOVE00443","1.0000","1.0000","1.0000","0.0000","0.0000"
"100001373","ME00C113","2.0000","2.0000","2.0000","0.0000","0.0000"
"100001374","BOAL00661","1.0000","1.0000","1.0000","0.0000","0.0000"
"100001374","BOAL00663","1.0000","1.0000","1.0000","0.0000","0.0000"
"100001374","BOAL00662","1.0000","1.0000","1.0000","0.0000","0.0000"
"100001374","BOAL00656","1.0000","1.0000","1.0000","0.0000","0.0000"
"100001375","BOVE00764","3.0000","3.0000","3.0000","0.0000","0.0000"
"100001375","BOVE00767","2.0000","2.0000","2.0000","0.0000","0.0000"
"100001376","BNN0010001","5.0000","0.0000","0.0000","5.0000","0.0000"
"100001377","BOAL01182-BOAL00327-BOAL00328-BOAL00329-BOAL00330","1.0000","0.0000","0.0000","1.0000","0.0000"
"100001377","BOAL00327","1.0000","0.0000","0.0000","0.0000","0.0000"
"100001377","BOAL00328","1.0000","0.0000","0.0000","0.0000","0.0000"
"100001377","BOAL00329","1.0000","0.0000","0.0000","0.0000","0.0000"
"100001377","BOAL00330","1.0000","0.0000","0.0000","0.0000","0.0000"
"100001378","BOAL01182-BOAL00327-BOAL00328-BOAL00329-BOAL00330","1.0000","1.0000","1.0000","0.0000","0.0000"
"100001378","BOAL00327","1.0000","1.0000","1.0000","0.0000","0.0000"
"100001378","BOAL00328","1.0000","1.0000","1.0000","0.0000","0.0000"
"100001378","BOAL00329","1.0000","1.0000","1.0000","0.0000","0.0000"
"100001378","BOAL00330","1.0000","1.0000","1.0000","0.0000","0.0000"
"100001379","BOUU00037","2.0000","2.0000","2.0000","0.0000","0.0000"
"100001380","ME00C127","1.0000","1.0000","1.0000","0.0000","0.0000"
"100001381","BOBB00038","1.0000","1.0000","1.0000","0.0000","0.0000"
"100001382","CCS0010012","1.0000","1.0000","1.0000","0.0000","0.0000"
"100001382","CCS0010002","1.0000","1.0000","1.0000","0.0000","0.0000"
"100001383","BOBB00116","1.0000","1.0000","1.0000","0.0000","0.0000"
"100001384","BOBB00022","100.0000","100.0000","100.0000","0.0000","0.0000"
"100001385","BOVE00114","2.0000","2.0000","2.0000","0.0000","0.0000"
"100001386","CAR0010002","2.0000","2.0000","2.0000","0.0000","0.0000"
"100001387","BOVE00394","3.0000","3.0000","3.0000","0.0000","0.0000"
"100001388","BOVE00292","2.0000","2.0000","2.0000","0.0000","0.0000"
"100001389","BOAL00210","4.0000","4.0000","4.0000","0.0000","0.0000"
"100001389","BOAL00194","4.0000","4.0000","4.0000","0.0000","0.0000"
"100001389","BOAL00189","4.0000","4.0000","4.0000","0.0000","0.0000"
"100001389","BOAL00263","4.0000","4.0000","4.0000","0.0000","0.0000"
"100001389","BOAL00251","4.0000","4.0000","4.0000","0.0000","0.0000"
"100001389","BOAL00240","4.0000","4.0000","4.0000","0.0000","0.0000"
"100001389","BOAL00221","4.0000","4.0000","4.0000","0.0000","0.0000"
"100001390","BOVE00060","1.0000","1.0000","1.0000","0.0000","0.0000"
"100001391","BNN0010002","1.0000","1.0000","1.0000","0.0000","0.0000"
"100001392","BOBB00264","1.0000","1.0000","1.0000","0.0000","0.0000"
"100001392","BOBB00266","1.0000","1.0000","1.0000","0.0000","0.0000"
"100001393","BOVE00082","3.0000","3.0000","3.0000","0.0000","0.0000"
"100001394","BOAL01174-BOAL00317-BOAL00321-BOAL00323-BOAL00325","1.0000","1.0000","1.0000","0.0000","0.0000"
"100001394","BOAL00317","2.0000","1.0000","1.0000","0.0000","0.0000"
"100001394","BOAL00321","2.0000","1.0000","1.0000","0.0000","0.0000"
"100001394","BOAL00323","2.0000","1.0000","1.0000","0.0000","0.0000"
"100001394","BOAL00325","2.0000","1.0000","1.0000","0.0000","0.0000"
"100001395","BOAL00707","20.0000","0.0000","0.0000","20.0000","0.0000"
"200000003","BOAL00707","20.0000","20.0000","20.0000","0.0000","0.0000"
"100001396","BOAL00321","2.0000","2.0000","2.0000","0.0000","0.0000"
"100001397","BOUU00012","10.0000","10.0000","10.0000","0.0000","0.0000"
"100001398","ME00C51","1.0000","1.0000","1.0000","0.0000","0.0000"
"100001399","BOBB00062","1.0000","1.0000","1.0000","0.0000","0.0000"
"100001400","BOVE00114","2.0000","2.0000","2.0000","0.0000","0.0000"
"100001401","BOVE00724","15.0000","15.0000","15.0000","0.0000","0.0000"
"100001402","BOAL00727","18.0000","18.0000","18.0000","0.0000","0.0000"
"100001403","BOVE00724","2.0000","2.0000","2.0000","0.0000","0.0000"
"100001404","CCS0010002","2.0000","2.0000","2.0000","0.0000","0.0000"
"100001405","VOL00119","4.0000","4.0000","4.0000","0.0000","0.0000"
"100001406","BOVE00792","2.0000","2.0000","2.0000","0.0000","0.0000"
"100001407","BOCI00749","2.0000","0.0000","0.0000","2.0000","0.0000"
"100001408","BOCI00749","2.0000","0.0000","0.0000","2.0000","0.0000"
"100001409","BOCI00749","2.0000","2.0000","2.0000","0.0000","0.0000"
"100001410","ME00C51","1.0000","1.0000","1.0000","0.0000","0.0000"
"100001411","BOBB00038","1.0000","0.0000","0.0000","1.0000","0.0000"
"100001411","BOAL00711","4.0000","0.0000","0.0000","4.0000","0.0000"
"100001412","BOBB00038","1.0000","1.0000","1.0000","0.0000","0.0000"
"100001413","BOAL00222","1.0000","1.0000","1.0000","0.0000","0.0000"
"100001413","BOAL01387-BOAL00208-BOAL00264-BOAL00222","1.0000","1.0000","1.0000","0.0000","0.0000"
"100001413","BOAL00208","1.0000","1.0000","1.0000","0.0000","0.0000"
"100001413","BOAL00264","1.0000","1.0000","1.0000","0.0000","0.0000"
"100001413","BOAL00222","1.0000","1.0000","1.0000","0.0000","0.0000"
"100001413","BOAL00264","1.0000","1.0000","1.0000","0.0000","0.0000"
"100001414","EME0010003","2.0000","2.0000","2.0000","0.0000","0.0000"
"100001415","CCS0010005","2.0000","2.0000","2.0000","0.0000","0.0000"
"100001416","CAR0010002","1.0000","1.0000","1.0000","0.0000","0.0000"
"100001417","BOBB00038","2.0000","0.0000","0.0000","2.0000","0.0000"
"100001418","CAR0010002","1.0000","1.0000","1.0000","0.0000","0.0000"
"100001419","BOBB00038","2.0000","2.0000","2.0000","0.0000","0.0000"
"100001420","BOAL01182-BOAL00327-BOAL00328-BOAL00329-BOAL00330","1.0000","1.0000","1.0000","0.0000","0.0000"
"100001420","BOAL00327","1.0000","1.0000","1.0000","0.0000","0.0000"
"100001420","BOAL00328","1.0000","1.0000","1.0000","0.0000","0.0000"
"100001420","BOAL00329","1.0000","1.0000","1.0000","0.0000","0.0000"
"100001420","BOAL00330","1.0000","1.0000","1.0000","0.0000","0.0000"
"100001421","BOVE00113","1.0000","1.0000","1.0000","0.0000","0.0000"
"100001422","BOVE00704","1.0000","1.0000","1.0000","0.0000","0.0000"
"100001423","BOVE00587","1.0000","1.0000","1.0000","0.0000","0.0000"
"100001423","BOVE00588","1.0000","1.0000","1.0000","0.0000","0.0000"
"100001424","BOBB00055","1.0000","1.0000","1.0000","0.0000","0.0000"
"100001425","CAR0010002","2.0000","2.0000","2.0000","0.0000","0.0000"
"100001426","BOAL01183-BOAL00327-BOAL00328-BOAL00329-BOAL00330","1.0000","0.0000","0.0000","1.0000","0.0000"
"100001427","BOAL01183-BOAL00327-BOAL00328-BOAL00329-BOAL00330","1.0000","1.0000","1.0000","0.0000","0.0000"
"100001428","BOAL01174C-BOAL00317-BOAL00321-BOAL00323-BOAL00325-ME00C51","1.0000","0.0000","0.0000","1.0000","0.0000"
"100001428","BOAL00317","2.0000","0.0000","0.0000","0.0000","0.0000"
"100001428","BOAL00321","2.0000","0.0000","0.0000","0.0000","0.0000"
"100001428","BOAL00323","2.0000","0.0000","0.0000","0.0000","0.0000"
"100001428","BOAL00325","2.0000","0.0000","0.0000","0.0000","0.0000"
"100001428","ME00C51","1.0000","0.0000","0.0000","0.0000","0.0000"
"100001429","BOVE00797-BOVE00796-BOVE00795-BOVE00794","6.0000","6.0000","6.0000","0.0000","0.0000"
"100001429","BOVE00796","6.0000","1.0000","1.0000","0.0000","0.0000"
"100001429","BOVE00795","6.0000","1.0000","1.0000","0.0000","0.0000"
"100001429","BOVE00794","6.0000","1.0000","1.0000","0.0000","0.0000"
"100001430","BOCI00439","1.0000","1.0000","1.0000","0.0000","0.0000"
"100001431","BOAL00960","1.0000","1.0000","1.0000","0.0000","0.0000"
"100001432","BOBB00116","1.0000","1.0000","1.0000","0.0000","0.0000"
"100001433","BOAL01174C-BOAL00317-BOAL00321-BOAL00323-BOAL00325-ME00C51","1.0000","1.0000","1.0000","0.0000","0.0000"
"100001433","BOAL00317","2.0000","1.0000","1.0000","0.0000","0.0000"
"100001433","BOAL00321","2.0000","1.0000","1.0000","0.0000","0.0000"
"100001433","BOAL00323","2.0000","1.0000","1.0000","0.0000","0.0000"
"100001433","BOAL00325","2.0000","1.0000","1.0000","0.0000","0.0000"
"100001433","ME00C51","1.0000","1.0000","1.0000","0.0000","0.0000"
"100001433","BOAL00323","2.0000","2.0000","2.0000","0.0000","0.0000"
"100001433","BOAL00322","2.0000","2.0000","2.0000","0.0000","0.0000"
"100001434","BOAL01503","12.0000","0.0000","0.0000","12.0000","0.0000"
"100001435","BOVE00446","1.0000","1.0000","1.0000","0.0000","0.0000"
"100001436","ME00C127","1.0000","1.0000","1.0000","0.0000","0.0000"
"100001437","BOBB00038","1.0000","1.0000","1.0000","0.0000","0.0000"
"100001438","BOCI00733","1.0000","1.0000","1.0000","0.0000","0.0000"
"100001438","BOCI00795","1.0000","1.0000","1.0000","0.0000","0.0000"
"100001439","CIT0020001","1.0000","1.0000","1.0000","0.0000","0.0000"
"100001440","ME00C127","1.0000","1.0000","1.0000","0.0000","0.0000"
"100001441","BOBB00038","1.0000","1.0000","1.0000","0.0000","0.0000"
"100001441","BOAL00711","4.0000","4.0000","4.0000","0.0000","0.0000"
"200000004","BOAL00738","10.0000","10.0000","10.0000","0.0000","10.0000"
"100001442","BOVE00306","2.0000","2.0000","2.0000","0.0000","0.0000"
"100001443","VOL00121","2.0000","2.0000","2.0000","0.0000","0.0000"
"100001444","BOAL01261-BOAL00468-BOAL00473-BOAL00474-BOAL00476","1.0000","1.0000","1.0000","0.0000","0.0000"
"100001444","BOAL00468","1.0000","1.0000","1.0000","0.0000","0.0000"
"100001444","BOAL00473","1.0000","1.0000","1.0000","0.0000","0.0000"
"100001444","BOAL00474","1.0000","1.0000","1.0000","0.0000","0.0000"
"100001444","BOAL00476","1.0000","1.0000","1.0000","0.0000","0.0000"
"100001445","ME00C127","1.0000","1.0000","1.0000","0.0000","0.0000"
"100001445","BOAL00195","2.0000","2.0000","2.0000","0.0000","0.0000"
"100001445","BOAL00252","2.0000","2.0000","2.0000","0.0000","0.0000"
"100001446","BOVE00730","4.0000","4.0000","4.0000","0.0000","0.0000"
"100001447","BOVE00730","2.0000","2.0000","2.0000","0.0000","0.0000"
"100001448","BOAL00660","2.0000","2.0000","2.0000","0.0000","0.0000"
"100001448","BOAL01503","2.0000","2.0000","2.0000","0.0000","0.0000"
"100001448","BOVE00387","1.0000","1.0000","1.0000","0.0000","0.0000"
"100001449","ME00C127","1.0000","1.0000","1.0000","0.0000","0.0000"
"100001450","BOVE00584","1.0000","1.0000","1.0000","0.0000","0.0000"
"100001451","BOVE00111","1.0000","1.0000","1.0000","0.0000","0.0000"
"100001452","BOVE00283","5.0000","5.0000","5.0000","0.0000","0.0000"
"100001453","BOAL00704","1.0000","1.0000","1.0000","0.0000","0.0000"
"100001454","BOVE00520","1.0000","1.0000","1.0000","0.0000","0.0000"
"100001454","BOVE00547","1.0000","1.0000","1.0000","0.0000","0.0000"
"100001455","BOVE00386","2.0000","2.0000","2.0000","0.0000","0.0000"
"100001455","BOVE00387","2.0000","2.0000","2.0000","0.0000","0.0000"
"100001456","BOVE00118","1.0000","1.0000","1.0000","0.0000","0.0000"
"100001457","BOCI00578","1.0000","1.0000","1.0000","0.0000","0.0000"
"100001458","ME00139","1.0000","1.0000","1.0000","0.0000","0.0000"
"100001459","BOAL00798","60.0000","60.0000","60.0000","0.0000","0.0000"
"100001460","BOAL00798","5.0000","5.0000","5.0000","0.0000","0.0000"
"100001461","BOVE00273","1.0000","1.0000","1.0000","0.0000","0.0000"
"100001462","BOVE00505","3.0000","3.0000","3.0000","0.0000","0.0000"
"100001462","CAR0020001","1.0000","1.0000","1.0000","0.0000","0.0000"
"100001462","BOVE00024","1.0000","1.0000","1.0000","0.0000","0.0000"
"100001462","CBR0050001","1.0000","1.0000","1.0000","0.0000","0.0000"
"100001463","BOBB00026","1.0000","1.0000","1.0000","0.0000","0.0000"
"100001464","EME0010004","1.0000","1.0000","1.0000","0.0000","0.0000"
"100001465","ME00C127","1.0000","1.0000","1.0000","0.0000","0.0000"
"100001465","BOVE00631","1.0000","1.0000","1.0000","0.0000","0.0000"
"100001465","SDO0028010","1.0000","1.0000","1.0000","0.0000","0.0000"
"100001466","BOBB00270","1.0000","1.0000","1.0000","0.0000","0.0000"
"100001467","BOVE00224","2.0000","2.0000","2.0000","0.0000","0.0000"
"100001468","BOCI00501","1.0000","0.0000","0.0000","1.0000","0.0000"
"100001469","BOCI00501","1.0000","1.0000","1.0000","0.0000","0.0000"
"100001470","CAR0010002","2.0000","2.0000","2.0000","0.0000","0.0000"
"300000008","BOAL00940","2.0000","2.0000","2.0000","0.0000","0.0000"
"100001471","BOVE00288","2.0000","2.0000","2.0000","0.0000","0.0000"
"100001471","BOVA00950","6.0000","6.0000","6.0000","0.0000","0.0000"
"100001472","BOVA01432","12.0000","12.0000","12.0000","0.0000","0.0000"
"100001472","BOVA01435","12.0000","12.0000","12.0000","0.0000","0.0000"
"100001472","BOVA01433","12.0000","12.0000","12.0000","0.0000","0.0000"
"100001473","BOVE00505","2.0000","2.0000","2.0000","0.0000","0.0000"
"100001474","BOVE00284","10.0000","10.0000","10.0000","0.0000","0.0000"
"100001475","BOVE00615","1.0000","1.0000","1.0000","0.0000","0.0000"
"100001475","BOAL01181-BOAL00327-BOAL00328-BOAL00329","1.0000","1.0000","1.0000","0.0000","0.0000"
"100001475","BOAL00327","1.0000","1.0000","1.0000","0.0000","0.0000"
"100001475","BOAL00328","1.0000","1.0000","1.0000","0.0000","0.0000"
"100001475","BOAL00329","1.0000","1.0000","1.0000","0.0000","0.0000"
"100001476","BCO0030040","1.0000","1.0000","1.0000","0.0000","0.0000"
"100001476","BCO0030041","1.0000","1.0000","1.0000","0.0000","0.0000"
"100001476","BCO0030046-BCO0030033-BCO0030032-BCO0030034-BCO0030035","1.0000","1.0000","1.0000","0.0000","0.0000"
"100001476","BCO0030033","1.0000","1.0000","1.0000","0.0000","0.0000"
"100001476","BCO0030032","1.0000","1.0000","1.0000","0.0000","0.0000"
"100001476","BCO0030034","1.0000","1.0000","1.0000","0.0000","0.0000"
"100001476","BCO0030035","1.0000","1.0000","1.0000","0.0000","0.0000"
"100001476","BCO0030048-BCO0030033-BCO0030032-BCO0030034-BCO0030035-BCO0030036-BCO0030039-BCO0030037-BCO0030038","1.0000","1.0000","1.0000","0.0000","0.0000"
"100001476","BCO0030033","1.0000","1.0000","1.0000","0.0000","0.0000"
"100001476","BCO0030032","1.0000","1.0000","1.0000","0.0000","0.0000"
"100001476","BCO0030034","1.0000","1.0000","1.0000","0.0000","0.0000"
"100001476","BCO0030035","1.0000","1.0000","1.0000","0.0000","0.0000"
"100001476","BCO0030036","1.0000","1.0000","1.0000","0.0000","0.0000"
"100001476","BCO0030039","1.0000","1.0000","1.0000","0.0000","0.0000"
"100001476","BCO0030037","1.0000","1.0000","1.0000","0.0000","0.0000"
"100001476","BCO0030038","1.0000","1.0000","1.0000","0.0000","0.0000"
"100001477","BOAL00711","1.0000","1.0000","1.0000","0.0000","0.0000"
"100001478","BOVE00446","1.0000","1.0000","1.0000","0.0000","0.0000"
"100001479","BOVE00260","1.0000","1.0000","1.0000","0.0000","0.0000"
"100001480","BOVE00547","1.0000","1.0000","1.0000","0.0000","0.0000"
"100001481","BOAL00259","2.0000","2.0000","2.0000","0.0000","0.0000"
"100001481","BOAL00237","2.0000","2.0000","2.0000","0.0000","0.0000"
"100001482","BOVE00704","1.0000","1.0000","1.0000","0.0000","0.0000"
"100001483","BOVA01376","1.0000","1.0000","1.0000","0.0000","0.0000"
"100001483","BOVA01382","1.0000","1.0000","1.0000","0.0000","0.0000"
"100001483","BOVA01388","1.0000","1.0000","1.0000","0.0000","0.0000"
"100001484","ME00C127","1.0000","1.0000","1.0000","0.0000","0.0000"
"100001485","VOL00052","2.0000","2.0000","2.0000","0.0000","0.0000"
"100001485","VOL00026","1.0000","1.0000","1.0000","0.0000","0.0000"
"300000009","ME00141","2.0000","2.0000","2.0000","0.0000","0.0000"
"100001486","CCS0010003","1.0000","1.0000","1.0000","0.0000","0.0000"
"100001487","BOVE00467","1.0000","1.0000","1.0000","0.0000","0.0000"
"100001488","CCS0030004","2.0000","2.0000","2.0000","0.0000","2.0000"
"100001489","BOAL00454","2.0000","0.0000","0.0000","2.0000","0.0000"
"100001490","BOBB00039","1.0000","0.0000","0.0000","1.0000","0.0000"
"100001491","BOVA00736","1.0000","1.0000","1.0000","0.0000","0.0000"
"100001491","BOAL00727","1.0000","1.0000","1.0000","0.0000","0.0000"
"100001492","BOVE00296","1.0000","1.0000","1.0000","0.0000","0.0000"
"100001493","BOVA01338","2.0000","2.0000","2.0000","0.0000","0.0000"
"100001493","BOBB00105","1.0000","1.0000","1.0000","0.0000","0.0000"
"100001493","CLB0010001","1.0000","1.0000","1.0000","0.0000","0.0000"
"100001494","BOBB00028","3.0000","3.0000","3.0000","0.0000","0.0000"
"100001495","BOVE00155","1.0000","0.0000","0.0000","1.0000","0.0000"
"100001495","BOVE00537","1.0000","0.0000","0.0000","1.0000","0.0000"
"100001496","BOVE00313","1.0000","1.0000","1.0000","0.0000","0.0000"
"100001497","ME00C51","1.0000","1.0000","1.0000","0.0000","0.0000"
"100001498","BOVE00730","1.0000","1.0000","1.0000","0.0000","0.0000"
"100001498","BOAL00703","1.0000","1.0000","1.0000","0.0000","0.0000"
"100001498","EME0010003","2.0000","2.0000","2.0000","0.0000","0.0000"
"100001498","BOCI00293","1.0000","1.0000","1.0000","0.0000","0.0000"
"100001499","BOVE00292","3.0000","3.0000","3.0000","0.0000","0.0000"
"100001499","BOVE00445","1.0000","1.0000","1.0000","0.0000","0.0000"
"100001500","BOBB00038","1.0000","1.0000","1.0000","0.0000","0.0000"
"100001501","BOVE00469","1.0000","1.0000","1.0000","0.0000","0.0000"
"100001501","BOVE00277","1.0000","1.0000","1.0000","0.0000","0.0000"
"100001501","BOVE00345","1.0000","1.0000","1.0000","0.0000","0.0000"
"100001501","BOBB00194","1.0000","1.0000","1.0000","0.0000","0.0000"
"100001501","BOCI00489","1.0000","1.0000","1.0000","0.0000","0.0000"
"100001502","BOAL00720","2.0000","2.0000","2.0000","0.0000","0.0000"
"100001503","BOVE00447","1.0000","1.0000","1.0000","0.0000","0.0000"
"100001504","BOAL00952","2.0000","2.0000","2.0000","0.0000","0.0000"
"100001505","BOVE00445","1.0000","1.0000","1.0000","0.0000","0.0000"
"100001506","BOBB00293","1.0000","1.0000","1.0000","0.0000","0.0000"
"100001507","BOVE00116","1.0000","0.0000","0.0000","1.0000","0.0000"
"100001508","BOVE00116","1.0000","0.0000","0.0000","1.0000","0.0000"
"100001509","BOVE00116","1.0000","0.0000","0.0000","1.0000","0.0000"
"100001510","BOVE00116","1.0000","1.0000","1.0000","0.0000","0.0000"
"100001511","BOBB00266","8.0000","8.0000","8.0000","0.0000","0.0000"
"100001512","BOVE00387","1.0000","1.0000","1.0000","0.0000","0.0000"
"100001512","BOVE00386","1.0000","1.0000","1.0000","0.0000","0.0000"
"100001513","BOVE00394","1.0000","1.0000","1.0000","0.0000","0.0000"
"100001514","BOVE00110","1.0000","1.0000","1.0000","0.0000","0.0000"
"100001515","BOBB00265","1.0000","1.0000","1.0000","0.0000","0.0000"
"100001516","BOVE00285","20.0000","0.0000","0.0000","20.0000","0.0000"
"100001517","BOVE00285","20.0000","20.0000","20.0000","0.0000","0.0000"
"100001518","BOBB00038","1.0000","1.0000","1.0000","0.0000","0.0000"
"100001519","BOVE00474","1.0000","1.0000","1.0000","0.0000","0.0000"
"100001520","BOAL00664","1.0000","1.0000","1.0000","0.0000","0.0000"
"100001520","BOAL00665","1.0000","1.0000","1.0000","0.0000","0.0000"
"100001520","BOAL00666","1.0000","1.0000","1.0000","0.0000","0.0000"
"100001521","BOVE00074","1.0000","1.0000","1.0000","0.0000","0.0000"
"100001522","BOAL00298","1.0000","1.0000","1.0000","0.0000","0.0000"
"100001522","BOAL00299","2.0000","2.0000","2.0000","0.0000","0.0000"
"100001523","BOVE00537","1.0000","1.0000","1.0000","0.0000","0.0000"
"100001523","BOVE00155","1.0000","1.0000","1.0000","0.0000","0.0000"
"100001524","BOVE00788","1.0000","1.0000","1.0000","0.0000","0.0000"
"100001524","BOVE00789","1.0000","1.0000","1.0000","0.0000","0.0000"
"100001525","BOAL00394","1.0000","1.0000","1.0000","0.0000","0.0000"
"100001525","BOAL00393","1.0000","1.0000","1.0000","0.0000","0.0000"
"100001526","BOVE00445","1.0000","1.0000","1.0000","0.0000","0.0000"
"100001527","BOVE00556","2.0000","0.0000","0.0000","2.0000","0.0000"
"100001528","BOVE00470","1.0000","1.0000","1.0000","0.0000","0.0000"
"100001529","BOBB00041","1.0000","1.0000","1.0000","0.0000","0.0000"
"100001530","BOVE00358","1.0000","1.0000","1.0000","0.0000","0.0000"
"100001530","BOBB00064","1.0000","1.0000","1.0000","0.0000","0.0000"
"100001530","CNN0030001","2.0000","2.0000","2.0000","0.0000","0.0000"
"100001531","ME00C51","1.0000","1.0000","1.0000","0.0000","0.0000"
"100001532","BOBB00043","1.0000","1.0000","1.0000","0.0000","0.0000"
"100001533","BOVE00114","1.0000","1.0000","1.0000","0.0000","0.0000"
"100001534","BOVE00113","1.0000","1.0000","1.0000","0.0000","0.0000"
"100001535","BOVA01223","1.0000","1.0000","1.0000","0.0000","0.0000"
"100001535","BOVA01224","1.0000","1.0000","1.0000","0.0000","0.0000"
"100001536","BOAL01182-BOAL00327-BOAL00328-BOAL00329-BOAL00330","1.0000","1.0000","1.0000","0.0000","0.0000"
"100001536","BOAL00327","1.0000","1.0000","1.0000","0.0000","0.0000"
"100001536","BOAL00328","1.0000","1.0000","1.0000","0.0000","0.0000"
"100001536","BOAL00329","1.0000","1.0000","1.0000","0.0000","0.0000"
"100001536","BOAL00330","1.0000","1.0000","1.0000","0.0000","0.0000"
"100001537","BOVE00372","1.0000","1.0000","1.0000","0.0000","0.0000"
"100001537","BOVE00374","1.0000","1.0000","1.0000","0.0000","0.0000"
"100001538","BOVE00114","1.0000","1.0000","1.0000","0.0000","0.0000"
"100001539","BOAL00661","1.0000","1.0000","1.0000","0.0000","0.0000"
"100001539","BOAL00663","1.0000","1.0000","1.0000","0.0000","0.0000"
"100001539","BOAL00656","1.0000","1.0000","1.0000","0.0000","0.0000"
"100001539","BOAL00662","1.0000","1.0000","1.0000","0.0000","0.0000"
"100001540","FFE0010001","1.0000","1.0000","1.0000","0.0000","0.0000"
"100001540","FFE0030001","1.0000","1.0000","1.0000","0.0000","0.0000"
"100001541","CCS0010002","2.0000","2.0000","2.0000","0.0000","0.0000"
"100001542","BOVE00389","1.0000","1.0000","1.0000","0.0000","0.0000"
"100001542","CBR0010005","1.0000","1.0000","1.0000","0.0000","0.0000"
"100001542","CBR0020002","1.0000","1.0000","1.0000","0.0000","0.0000"
"100001543","BOCI00735","3.0000","3.0000","3.0000","0.0000","0.0000"
"100001544","ME00003","1.0000","1.0000","1.0000","0.0000","0.0000"
"100001545","ME00488","8.0000","8.0000","8.0000","0.0000","0.0000"
"100001546","BOVE00613","1.0000","1.0000","1.0000","0.0000","0.0000"
"100001547","BOVE00612","1.0000","1.0000","1.0000","0.0000","0.0000"
"100001548","BOVE00477","1.0000","1.0000","1.0000","0.0000","0.0000"
"100001549","BET0110003-BOAL00607-BOAL00613-BOAL00615-BOAL00609","1.0000","1.0000","1.0000","0.0000","0.0000"
"100001549","BOAL00607","2.0000","1.0000","1.0000","0.0000","0.0000"
"100001549","BOAL00613","2.0000","1.0000","1.0000","0.0000","0.0000"
"100001549","BOAL00615","2.0000","1.0000","1.0000","0.0000","0.0000"
"100001549","BOAL00609","2.0000","1.0000","1.0000","0.0000","0.0000"
"100001550","BOVE00471","1.0000","0.0000","0.0000","1.0000","0.0000"
"100001551","BOAL00259","2.0000","2.0000","2.0000","0.0000","0.0000"
"100001551","BOAL00237","2.0000","2.0000","2.0000","0.0000","0.0000"
"100001552","BOVA00947","12.0000","12.0000","12.0000","0.0000","0.0000"
"100001553","CCS0010002","2.0000","2.0000","2.0000","0.0000","0.0000"
"100001554","BOVE00521","1.0000","0.0000","0.0000","1.0000","0.0000"
"100001555","BOVA01350","18.0000","18.0000","18.0000","0.0000","0.0000"
"100001556","BOBB00261","5.0000","5.0000","5.0000","0.0000","0.0000"
"100001557","BOBB00038","1.0000","0.0000","0.0000","1.0000","0.0000"
"100001558","BOBB00038","1.0000","1.0000","1.0000","0.0000","0.0000"
"100001559","BOVE00272","2.0000","2.0000","2.0000","0.0000","0.0000"
"200000005","BOVE00547","1.0000","1.0000","1.0000","0.0000","0.0000"
"100001560","CAR0010002","2.0000","2.0000","2.0000","0.0000","0.0000"
"100001560","BOAL00329","1.0000","1.0000","1.0000","0.0000","0.0000"
"100001561","BOVA01208","1.0000","1.0000","1.0000","0.0000","0.0000"
"100001561","BOVA01207","1.0000","1.0000","1.0000","0.0000","0.0000"
"100001562","BOAL00698","1.0000","1.0000","1.0000","0.0000","0.0000"
"100001563","BOBB00112","1.0000","1.0000","1.0000","0.0000","0.0000"
"100001564","BOCI00729","1.0000","0.0000","0.0000","1.0000","0.0000"
"100001565","BOVE00250","1.0000","1.0000","1.0000","0.0000","0.0000"
"100001565","BOVE00770","1.0000","1.0000","1.0000","0.0000","0.0000"
"100001566","BOVE00507","2.0000","2.0000","2.0000","0.0000","0.0000"
"100001566","BOAL00662","1.0000","1.0000","1.0000","0.0000","0.0000"
"100001567","CCS0010014","2.0000","2.0000","2.0000","0.0000","0.0000"
"100001567","BOVE00749","1.0000","1.0000","1.0000","0.0000","0.0000"
"100001567","CAR0010002","1.0000","1.0000","1.0000","0.0000","0.0000"
"100001568","BOAL00751","1.0000","0.0000","0.0000","1.0000","0.0000"
"100001569","BOVE00225","1.0000","1.0000","1.0000","0.0000","0.0000"
"100001570","BOAL00796","2.0000","2.0000","2.0000","0.0000","0.0000"
"100001571","BOBB00059","1.0000","1.0000","1.0000","0.0000","0.0000"
"100001572","CCS0020004","1.0000","1.0000","1.0000","0.0000","0.0000"
"100001573","BOVE00296","1.0000","1.0000","1.0000","0.0000","0.0000"
"100001573","BOVE00543","1.0000","1.0000","1.0000","0.0000","0.0000"
"100001573","BOVE00535","2.0000","2.0000","2.0000","0.0000","0.0000"
"100001573","BOVE00100","1.0000","1.0000","1.0000","0.0000","0.0000"
"100001574","BOVE00797-BOVE00796-BOVE00795-BOVE00794","4.0000","0.0000","0.0000","4.0000","0.0000"
"100001574","BOVE00796","4.0000","0.0000","0.0000","0.0000","0.0000"
"100001574","BOVE00795","4.0000","0.0000","0.0000","0.0000","0.0000"
"100001574","BOVE00794","4.0000","0.0000","0.0000","0.0000","0.0000"
"100001575","BOAL00229","2.0000","0.0000","0.0000","2.0000","0.0000"
"100001575","BOCI00550","1.0000","0.0000","0.0000","1.0000","0.0000"
"100001576","BOAL00229","2.0000","0.0000","0.0000","2.0000","0.0000"
"100001576","BOCI00550","1.0000","0.0000","0.0000","1.0000","0.0000"
"100001577","BOAL00229","2.0000","2.0000","2.0000","0.0000","0.0000"
"100001577","BOCI00550","1.0000","1.0000","1.0000","0.0000","0.0000"
"100001578","BOVE00537","6.0000","6.0000","6.0000","0.0000","0.0000"
"100001578","BOBB00069","4.0000","4.0000","4.0000","0.0000","0.0000"
"100001578","BOVE00540","1.0000","1.0000","1.0000","0.0000","0.0000"
"100001578","BOVE00539","1.0000","1.0000","1.0000","0.0000","0.0000"
"100001579","BOVE00374","4.0000","4.0000","4.0000","0.0000","0.0000"
"100001580","BOVE00074","1.0000","1.0000","1.0000","0.0000","0.0000"
"100001580","BOVE00076","1.0000","1.0000","1.0000","0.0000","0.0000"
"100001580","BOVE00079","1.0000","1.0000","1.0000","0.0000","0.0000"
"100001581","BOVE00537","1.0000","1.0000","1.0000","0.0000","0.0000"
"100001582","BOBB00271","1.0000","0.0000","0.0000","1.0000","0.0000"
"100001583","BOBB00271","1.0000","0.0000","0.0000","1.0000","0.0000"
"100001584","BOBB00271","1.0000","0.0000","0.0000","1.0000","0.0000"
"100001585","BOBB00271","1.0000","0.0000","0.0000","1.0000","0.0000"
"100001586","BOBB00271","1.0000","0.0000","0.0000","1.0000","0.0000"
"100001587","BOBB00271","1.0000","0.0000","0.0000","1.0000","0.0000"
"100001588","BOBB00271","1.0000","0.0000","0.0000","1.0000","0.0000"
"100001589","BOBB00271","1.0000","0.0000","0.0000","1.0000","0.0000"
"100001590","BOBB00271","1.0000","0.0000","0.0000","1.0000","0.0000"
"100001591","BOBB00271","1.0000","0.0000","0.0000","1.0000","0.0000"
"100001592","BOBB00271","1.0000","0.0000","0.0000","1.0000","0.0000"
"100001593","BOBB00271","1.0000","0.0000","0.0000","1.0000","0.0000"
"100001594","BOBB00271","1.0000","0.0000","0.0000","1.0000","0.0000"
"100001595","BOBB00271","1.0000","0.0000","0.0000","1.0000","0.0000"
"100001596","BOBB00271","1.0000","0.0000","0.0000","1.0000","0.0000"
"100001597","BOBB00271","1.0000","0.0000","0.0000","1.0000","0.0000"
"100001598","BOBB00271","1.0000","0.0000","0.0000","1.0000","0.0000"
"100001599","BOBB00271","1.0000","0.0000","0.0000","1.0000","0.0000"
"100001600","BOBB00271","1.0000","0.0000","0.0000","1.0000","0.0000"
"100001601","BOBB00271","1.0000","0.0000","0.0000","1.0000","0.0000"
"100001602","BOVE00418","1.0000","1.0000","1.0000","0.0000","0.0000"
"100001602","BOVE00445","1.0000","1.0000","1.0000","0.0000","0.0000"
"100001602","BOCI00734","1.0000","1.0000","1.0000","0.0000","0.0000"
"100001602","BOCI00791","1.0000","1.0000","1.0000","0.0000","0.0000"
"100001603","BOVE00290","1.0000","1.0000","1.0000","0.0000","0.0000"
"100001604","BOBB00271","1.0000","0.0000","0.0000","1.0000","0.0000"
"100001605","BOBB00271","1.0000","0.0000","0.0000","1.0000","0.0000"
"100001606","BOVA00852","8.0000","8.0000","8.0000","0.0000","0.0000"
"100001606","BOAL00758","2.0000","2.0000","2.0000","0.0000","0.0000"
"100001607","ME00C24","1.0000","1.0000","1.0000","0.0000","0.0000"
"100001608","BOVE00724","10.0000","10.0000","10.0000","0.0000","0.0000"
"100001609","BOVE00093","1.0000","1.0000","1.0000","0.0000","0.0000"
"100001609","ME00469","2.0000","2.0000","2.0000","0.0000","0.0000"
"100001610","BNN0010005","1.0000","1.0000","1.0000","0.0000","0.0000"
"100001611","BBR0010001","5.0000","5.0000","5.0000","0.0000","0.0000"
"100001612","BOBB00270","1.0000","1.0000","1.0000","0.0000","0.0000"
"100001612","BOVE00469","1.0000","1.0000","1.0000","0.0000","0.0000"
"200000006","BOBB00242","1.0000","1.0000","1.0000","0.0000","0.0000"
"100001613","BOVE00478","2.0000","0.0000","0.0000","2.0000","0.0000"
"100001614","BET0160003-BOAL00664-BOAL00665-BOAL00668-BOAL00666","1.0000","1.0000","1.0000","0.0000","0.0000"
"100001614","BOAL00664","2.0000","1.0000","1.0000","0.0000","0.0000"
"100001614","BOAL00665","2.0000","1.0000","1.0000","0.0000","0.0000"
"100001614","BOAL00668","2.0000","1.0000","1.0000","0.0000","0.0000"
"100001614","BOAL00666","2.0000","1.0000","1.0000","0.0000","0.0000"
"100001615","BOVE00209","1.0000","0.0000","0.0000","1.0000","0.0000"
"100001616","BOVE00082","2.0000","2.0000","2.0000","0.0000","0.0000"
"100001617","BOVE00394","1.0000","1.0000","1.0000","0.0000","0.0000"
"100001618","BOUU00075","1.0000","1.0000","1.0000","0.0000","0.0000"
"100001619","CCS0030005","2.0000","2.0000","2.0000","0.0000","0.0000"
"100001620","BOCI00782","1.0000","1.0000","1.0000","0.0000","0.0000"
"100001621","BOCI00729","1.0000","1.0000","1.0000","0.0000","0.0000"
"100001622","BOAL01174C-BOAL00317-BOAL00321-BOAL00323-BOAL00325-ME00C51","1.0000","0.0000","0.0000","1.0000","0.0000"
"100001622","BOAL00317","2.0000","0.0000","0.0000","0.0000","0.0000"
"100001622","BOAL00321","2.0000","0.0000","0.0000","0.0000","0.0000"
"100001622","BOAL00323","2.0000","0.0000","0.0000","0.0000","0.0000"
"100001622","BOAL00325","2.0000","0.0000","0.0000","0.0000","0.0000"
"100001622","ME00C51","1.0000","0.0000","0.0000","0.0000","0.0000"
"100001623","BOAL01174C-BOAL00317-BOAL00321-BOAL00323-BOAL00325-ME00C51","1.0000","1.0000","1.0000","0.0000","0.0000"
"100001623","BOAL00317","2.0000","1.0000","1.0000","0.0000","0.0000"
"100001623","BOAL00321","2.0000","1.0000","1.0000","0.0000","0.0000"
"100001623","BOAL00323","2.0000","1.0000","1.0000","0.0000","0.0000"
"100001623","BOAL00325","2.0000","1.0000","1.0000","0.0000","0.0000"
"100001623","ME00C51","1.0000","1.0000","1.0000","0.0000","0.0000"
"100001624","BOVE00485","2.0000","2.0000","2.0000","0.0000","0.0000"
"100001625","BOCI00445","1.0000","1.0000","1.0000","0.0000","0.0000"
"100001625","BOCI00437","1.0000","1.0000","1.0000","0.0000","0.0000"
"100001626","BOAL00913","1.0000","1.0000","1.0000","0.0000","0.0000"
"100001627","BOVE00542","1.0000","1.0000","1.0000","0.0000","0.0000"
"100001628","BOBB00067","1.0000","1.0000","1.0000","0.0000","0.0000"
"400000002","BOVA01188","4.0000","4.0000","4.0000","0.0000","0.0000"
"100001629","BOCI00461","1.0000","1.0000","1.0000","0.0000","0.0000"
"100001630","BOCI00674","1.0000","1.0000","1.0000","0.0000","0.0000"
"100001630","BOCI00679","1.0000","1.0000","1.0000","0.0000","0.0000"
"100001630","BOCI00677","1.0000","1.0000","1.0000","0.0000","0.0000"
"100001631","BOVE00586","1.0000","1.0000","1.0000","0.0000","0.0000"
"100001632","BOVE00149","1.0000","1.0000","1.0000","0.0000","0.0000"
"100001633","BOAL00643","2.0000","0.0000","0.0000","2.0000","0.0000"
"100001633","BOAL00639","2.0000","0.0000","0.0000","2.0000","0.0000"
"100001634","BOAL00643","2.0000","0.0000","0.0000","2.0000","0.0000"
"100001634","BOAL00639","2.0000","0.0000","0.0000","2.0000","0.0000"
"100001635","BOVE00505","12.0000","12.0000","12.0000","0.0000","6.0000"
"100001636","BOVA00743","6.0000","0.0000","0.0000","6.0000","0.0000"
"100001637","BOVA00743","6.0000","0.0000","0.0000","6.0000","0.0000"
"100001638","BOCI00452","1.0000","1.0000","1.0000","0.0000","0.0000"
"100001638","BOCI00486","1.0000","1.0000","1.0000","0.0000","0.0000"
"100001638","BOAL00705","1.0000","1.0000","1.0000","0.0000","0.0000"
"100001639","BBR0010001","1.0000","1.0000","1.0000","0.0000","0.0000"
"100001639","BOCI00791","6.0000","6.0000","6.0000","0.0000","0.0000"
"100001640","CCS0010002","1.0000","1.0000","1.0000","0.0000","0.0000"
"100001640","CCS0010011","1.0000","1.0000","1.0000","0.0000","0.0000"
"100001640","CCS0010010","1.0000","1.0000","1.0000","0.0000","0.0000"
"100001641","BOVE00296","1.0000","0.0000","0.0000","1.0000","0.0000"
"100001642","BOVE00296","1.0000","1.0000","1.0000","0.0000","0.0000"
"100001643","BOBB00271","1.0000","0.0000","0.0000","1.0000","0.0000"
"100001644","KRIS00001","2.0000","2.0000","2.0000","0.0000","0.0000"
"100001645","BOVE00483","1.0000","1.0000","1.0000","0.0000","0.0000"
"100001646","BOAL00381","1.0000","1.0000","1.0000","0.0000","0.0000"
"100001646","BOAL00386","1.0000","1.0000","1.0000","0.0000","0.0000"
"100001646","BOAL00382","1.0000","1.0000","1.0000","0.0000","0.0000"
"100001647","BOAL00932","2.0000","2.0000","2.0000","0.0000","0.0000"
"100001647","BOAL00936","2.0000","2.0000","2.0000","0.0000","0.0000"
"100001647","BOAL00931","2.0000","2.0000","2.0000","0.0000","0.0000"
"100001648","BOAL00759","8.0000","8.0000","8.0000","0.0000","0.0000"
"100001649","ME00C24","1.0000","1.0000","1.0000","0.0000","0.0000"
"100001650","CBR0050001","2.0000","2.0000","2.0000","0.0000","0.0000"
"100001651","BOVE00286","1.0000","1.0000","1.0000","0.0000","0.0000"
"100001651","BOVE00386","1.0000","1.0000","1.0000","0.0000","0.0000"
"100001651","BOVE00543","1.0000","1.0000","1.0000","0.0000","0.0000"
"100001651","BOVE00296","1.0000","1.0000","1.0000","0.0000","0.0000"
"100001652","BOVA01201","1.0000","1.0000","1.0000","0.0000","0.0000"
"100001652","BOVA01202","1.0000","1.0000","1.0000","0.0000","0.0000"
"100001652","BOVA01203","1.0000","1.0000","1.0000","0.0000","0.0000"
"100001652","BOVA01216","1.0000","1.0000","1.0000","0.0000","0.0000"
"100001652","BOVA01220","1.0000","1.0000","1.0000","0.0000","0.0000"
"100001653","BOAL00960","1.0000","1.0000","1.0000","0.0000","0.0000"
"100001654","BOVE00626","1.0000","1.0000","1.0000","0.0000","0.0000"
"100001655","BOVE00485","1.0000","1.0000","1.0000","0.0000","0.0000"
"100001656","BA00013","1.0000","1.0000","1.0000","0.0000","0.0000"
"100001657","BOVE00636","2.0000","2.0000","2.0000","0.0000","0.0000"
"100001658","BOBB00295","1.0000","1.0000","1.0000","0.0000","0.0000"
"100001659","BOBB00057","1.0000","1.0000","1.0000","0.0000","0.0000"
"100001660","BOVE00313","1.0000","1.0000","1.0000","0.0000","0.0000"
"100001661","BOAL00946","1.0000","1.0000","1.0000","0.0000","0.0000"
"100001661","BOAL00949","1.0000","1.0000","1.0000","0.0000","0.0000"
"100001662","BOVE00705","15.0000","15.0000","15.0000","0.0000","0.0000"
"100001663","BOVE00391","2.0000","2.0000","2.0000","0.0000","0.0000"
"100001664","BOAL00905","1.0000","0.0000","0.0000","1.0000","0.0000"
"100001665","BOVE00789","1.0000","1.0000","1.0000","0.0000","0.0000"
"100001665","BOVE00788","1.0000","1.0000","1.0000","0.0000","0.0000"
"100001666","CCS0010002","2.0000","2.0000","2.0000","0.0000","0.0000"
"100001667","BOVE00528","1.0000","1.0000","1.0000","0.0000","0.0000"
"100001668","BOAL00703","2.0000","2.0000","2.0000","0.0000","0.0000"
"100001669","BOVE00377","1.0000","1.0000","1.0000","0.0000","0.0000"
"100001670","BOVE00797-BOVE00796-BOVE00795-BOVE00794","8.0000","8.0000","8.0000","0.0000","0.0000"
"100001670","BOVE00796","8.0000","1.0000","1.0000","0.0000","0.0000"
"100001670","BOVE00795","8.0000","1.0000","1.0000","0.0000","0.0000"
"100001670","BOVE00794","8.0000","1.0000","1.0000","0.0000","0.0000"
"100001671","BOBB00038","1.0000","1.0000","1.0000","0.0000","0.0000"
"100001672","BOAL00643","2.0000","2.0000","2.0000","0.0000","0.0000"
"100001672","BOAL00639","2.0000","2.0000","2.0000","0.0000","0.0000"
"100001673","BOCI00372","1.0000","1.0000","1.0000","0.0000","0.0000"
"100001674","BOVE00595","1.0000","1.0000","1.0000","0.0000","0.0000"
"100001675","CCS0010002","1.0000","1.0000","1.0000","0.0000","0.0000"
"100001676","BOVE00220","1.0000","1.0000","1.0000","0.0000","0.0000"
"100001677","BOAL00710","28.0000","28.0000","28.0000","0.0000","0.0000"
"100001678","EME0020001","1.0000","1.0000","1.0000","0.0000","0.0000"
"100001678","EME0020006","1.0000","1.0000","1.0000","0.0000","0.0000"
"100001679","BOAL00198","2.0000","2.0000","2.0000","0.0000","0.0000"
"100001679","BOAL00231","2.0000","2.0000","2.0000","0.0000","0.0000"
"100001680","ME00443","2.0000","2.0000","2.0000","0.0000","0.0000"
"100001680","ME00445","3.0000","3.0000","3.0000","0.0000","0.0000"
"100001680","ME00447","1.0000","1.0000","1.0000","0.0000","0.0000"
"100001680","ME00452","1.0000","1.0000","1.0000","0.0000","0.0000"
"100001681","BOBB00069","6.0000","6.0000","6.0000","0.0000","0.0000"
"100001682","BOVE00374","1.0000","1.0000","1.0000","0.0000","0.0000"
"100001682","BOVE00372","1.0000","1.0000","1.0000","0.0000","0.0000"
"100001683","BOVE00389IB","2.0000","2.0000","2.0000","0.0000","0.0000"
"100001684","BOVE00508","1.0000","1.0000","1.0000","0.0000","0.0000"
"100001685","CGD0010010-CGD0010001-CGD0010002-CGD0010003-CGD0010004","1.0000","1.0000","1.0000","0.0000","0.0000"
"100001685","CGD0010001","1.0000","1.0000","1.0000","0.0000","0.0000"
"100001685","CGD0010002","1.0000","1.0000","1.0000","0.0000","0.0000"
"100001685","CGD0010003","1.0000","1.0000","1.0000","0.0000","0.0000"
"100001685","CGD0010004","1.0000","1.0000","1.0000","0.0000","0.0000"
"100001685","CGD0010001","1.0000","1.0000","1.0000","0.0000","0.0000"
"100001685","CGD0010004","1.0000","1.0000","1.0000","0.0000","0.0000"
"100001686","BOBB00270","1.0000","1.0000","1.0000","0.0000","0.0000"
"100001687","BOVE00255","1.0000","1.0000","1.0000","0.0000","0.0000"
"100001688","BOVE00395","1.0000","1.0000","1.0000","0.0000","0.0000"
"100001689","BOVE00250","1.0000","1.0000","1.0000","0.0000","0.0000"
"100001690","BOVE00327","10.0000","10.0000","10.0000","0.0000","0.0000"
"100001691","CLP0010005","1.0000","1.0000","1.0000","0.0000","0.0000"
"100001692","CDU0010001","3.0000","3.0000","3.0000","0.0000","0.0000"
"100001692","BOBB00062","1.0000","1.0000","1.0000","0.0000","0.0000"
"100001692","BOBB00016","10.0000","10.0000","10.0000","0.0000","0.0000"
"100001692","BOVE00547","1.0000","1.0000","1.0000","0.0000","0.0000"
"100001693","CCS0010003","2.0000","2.0000","2.0000","0.0000","0.0000"
"100001693","BOCI00302","1.0000","1.0000","1.0000","0.0000","0.0000"
"100001694","BOAL00894","2.0000","2.0000","2.0000","0.0000","0.0000"
"100001694","BOBB00013","1.0000","1.0000","1.0000","0.0000","0.0000"
"100001695","BOVE00270","1.0000","1.0000","1.0000","0.0000","0.0000"
"100001696","BOVE00446","1.0000","1.0000","1.0000","0.0000","0.0000"
"100001697","BOVE00446","1.0000","1.0000","1.0000","0.0000","0.0000"
"100001698","BOVE00094","3.0000","3.0000","3.0000","0.0000","0.0000"
"100001699","BOBB00038","1.0000","1.0000","1.0000","0.0000","0.0000"
"100001700","BOVE00797-BOVE00796-BOVE00795-BOVE00794","2.0000","2.0000","2.0000","0.0000","0.0000"
"100001700","BOVE00796","2.0000","1.0000","1.0000","0.0000","0.0000"
"100001700","BOVE00795","2.0000","1.0000","1.0000","0.0000","0.0000"
"100001700","BOVE00794","2.0000","1.0000","1.0000","0.0000","0.0000"
"100001701","BOVE00289","2.0000","2.0000","2.0000","0.0000","0.0000"
"100001702","BOVE00705","2.0000","2.0000","2.0000","0.0000","0.0000"
"100001703","BOAL01242-BOAL00428-BOAL00433-BOAL00434","1.0000","0.0000","0.0000","1.0000","0.0000"
"100001703","BOAL00429","1.0000","0.0000","0.0000","1.0000","0.0000"
"100001703","BOAL00432","1.0000","0.0000","0.0000","1.0000","0.0000"
"100001703","BOAL00431","1.0000","0.0000","0.0000","1.0000","0.0000"
"100001703","BOAL00435","1.0000","0.0000","0.0000","1.0000","0.0000"
"100001704","BOVE00524","1.0000","1.0000","1.0000","0.0000","0.0000"
"100001704","BOVE00523","1.0000","1.0000","1.0000","0.0000","0.0000"
"100001705","BOCI00591","1.0000","1.0000","1.0000","0.0000","0.0000"
"100001705","BOBB00272","1.0000","1.0000","1.0000","0.0000","0.0000"
"100001705","BOBB00238","1.0000","1.0000","1.0000","0.0000","0.0000"
"100001705","BOVA01247","1.0000","1.0000","1.0000","0.0000","0.0000"
"100001706","BOVE00537","1.0000","1.0000","1.0000","0.0000","0.0000"
"100001707","BOAL01389-BOAL00208-BOAL00264-BOAL00222-BOAL00241","2.0000","2.0000","2.0000","0.0000","0.0000"
"100001707","BOAL00208","2.0000","1.0000","1.0000","0.0000","0.0000"
"100001707","BOAL00264","2.0000","1.0000","1.0000","0.0000","0.0000"
"100001707","BOAL00222","2.0000","1.0000","1.0000","0.0000","0.0000"
"100001707","BOAL00241","2.0000","1.0000","1.0000","0.0000","0.0000"
"100001707","BOAL00299","1.0000","1.0000","1.0000","0.0000","0.0000"
"100001707","BOVE00724","1.0000","1.0000","1.0000","0.0000","0.0000"
"100001707","LLW0010002","1.0000","1.0000","1.0000","0.0000","0.0000"
"100001707","BOAL00929","1.0000","1.0000","1.0000","0.0000","0.0000"
"100001708","LLW0010003","1.0000","1.0000","1.0000","0.0000","0.0000"
"100001709","ME00480","2.0000","2.0000","2.0000","0.0000","0.0000"
"100001709","ME00479","1.0000","1.0000","0.0000","0.0000","1.0000"
"100001709","BOVE00514","2.0000","2.0000","2.0000","0.0000","0.0000"
"100001709","BOVE00447","1.0000","1.0000","1.0000","0.0000","0.0000"
"100001709","BOBB00039","1.0000","1.0000","1.0000","0.0000","0.0000"
"100001710","BOAL00347","1.0000","1.0000","1.0000","0.0000","0.0000"
"100001711","BOAL00424","1.0000","1.0000","1.0000","0.0000","0.0000"
"100001712","BOVE00234","2.0000","2.0000","2.0000","0.0000","0.0000"
"100001712","BOVE00485","5.0000","5.0000","5.0000","0.0000","0.0000"
"100001712","BOVE00281","1.0000","1.0000","1.0000","0.0000","0.0000"
"100001713","BOCI00586","1.0000","0.0000","0.0000","1.0000","0.0000"
"100001714","BOCI00586","1.0000","1.0000","1.0000","0.0000","0.0000"
"100001715","BAR0120007","1.0000","1.0000","1.0000","0.0000","0.0000"
"100001715","BAR0120002","2.0000","2.0000","2.0000","0.0000","0.0000"
"100001715","BAR0120001","2.0000","2.0000","2.0000","0.0000","0.0000"
"100001715","BAR0120003","3.0000","3.0000","3.0000","0.0000","0.0000"
"100001716","BOCI00393","1.0000","1.0000","1.0000","0.0000","0.0000"
"100001717","CCS0010011","2.0000","2.0000","2.0000","0.0000","0.0000"
"100001718","BOVA00591","2.0000","0.0000","0.0000","2.0000","0.0000"
"100001718","BOVA01158","1.0000","0.0000","0.0000","1.0000","0.0000"
"100001718","BOVA01118","1.0000","0.0000","0.0000","1.0000","0.0000"
"100001718","BOVA01117","1.0000","0.0000","0.0000","1.0000","0.0000"
"100001718","BOVA00582","1.0000","0.0000","0.0000","1.0000","0.0000"
"100001718","BOVA01136","1.0000","0.0000","0.0000","1.0000","0.0000"
"100001719","BBR0010001","1.0000","1.0000","1.0000","0.0000","0.0000"
"100001720","BOVE00117","1.0000","1.0000","1.0000","0.0000","0.0000"
"100001721","BOVE00505","3.0000","3.0000","3.0000","0.0000","0.0000"
"100001722","BOVE00636","2.0000","2.0000","2.0000","0.0000","0.0000"
"100001723","BOAL00321","2.0000","2.0000","2.0000","0.0000","0.0000"
"100001723","BOAL00325","2.0000","2.0000","2.0000","0.0000","0.0000"
"100001723","BOAL00323","2.0000","2.0000","2.0000","0.0000","0.0000"
"100001724","BOVE00770","2.0000","2.0000","2.0000","0.0000","0.0000"
"100001725","BOVE00373","1.0000","1.0000","1.0000","0.0000","0.0000"
"100001726","BOVE00040","6.0000","6.0000","6.0000","0.0000","0.0000"
"100001727","BOVE00359","1.0000","1.0000","1.0000","0.0000","0.0000"
"100001728","BOVE00573","1.0000","1.0000","1.0000","0.0000","0.0000"
"100001729","ME00077","1.0000","1.0000","1.0000","0.0000","0.0000"
"100001730","BOVE00378","2.0000","2.0000","2.0000","0.0000","0.0000"
"100001730","BOVE00391","1.0000","1.0000","1.0000","0.0000","0.0000"
"100001731","LLW0010002","2.0000","2.0000","2.0000","0.0000","0.0000"
"100001731","LLW0010001","1.0000","1.0000","1.0000","0.0000","0.0000"
"100001732","BOVE00448","1.0000","1.0000","1.0000","0.0000","0.0000"
"100001733","BOAL00177","1.0000","1.0000","1.0000","0.0000","0.0000"
"100001733","BOAL00179","1.0000","1.0000","1.0000","0.0000","0.0000"
"100001733","BOAL00181","1.0000","1.0000","1.0000","0.0000","0.0000"
"100001733","BOAL00183","1.0000","1.0000","1.0000","0.0000","0.0000"
"100001734","BOBB00099","1.0000","1.0000","1.0000","0.0000","0.0000"
"100001735","BOVA01367","1.0000","1.0000","1.0000","0.0000","0.0000"
"100001736","BOAL00754","2.0000","2.0000","2.0000","0.0000","0.0000"
"100001736","BOAL00784","2.0000","2.0000","2.0000","0.0000","0.0000"
"100001736","BOAL00785","2.0000","2.0000","2.0000","0.0000","0.0000"
"100001737","CCS0010002","3.0000","3.0000","3.0000","0.0000","0.0000"
"100001738","BOVA00363","1.0000","1.0000","1.0000","0.0000","0.0000"
"100001738","BOVA00365","1.0000","1.0000","1.0000","0.0000","0.0000"
"100001739","BOAL00710","15.0000","0.0000","0.0000","15.0000","0.0000"
"100001739","BOAL00796","1.0000","0.0000","0.0000","1.0000","0.0000"
"100001739","BOBB00096","5.0000","0.0000","0.0000","5.0000","0.0000"
"100001739","BOVE00679","10.0000","0.0000","0.0000","10.0000","0.0000"
"100001739","BOVE00680","6.0000","0.0000","0.0000","6.0000","0.0000"
"100001739","SDO0011059","1.0000","0.0000","0.0000","1.0000","0.0000"
"100001739","BOBB00026","1.0000","0.0000","0.0000","1.0000","0.0000"
"100001740","BOAL00179","1.0000","1.0000","1.0000","0.0000","0.0000"
"100001741","BOAL01509","2.0000","2.0000","2.0000","0.0000","0.0000"
"100001741","BOAL01508","2.0000","2.0000","2.0000","0.0000","0.0000"
"100001741","ME00C51","1.0000","1.0000","1.0000","0.0000","0.0000"
"100001742","BOVE00305","1.0000","1.0000","1.0000","0.0000","0.0000"
"100001743","BOAL00404","1.0000","1.0000","1.0000","0.0000","0.0000"
"100001744","BOBB00084","1.0000","1.0000","1.0000","0.0000","0.0000"
"100001745","BOBB00266","1.0000","1.0000","1.0000","0.0000","0.0000"
"100001745","BOBB00264","1.0000","1.0000","1.0000","0.0000","0.0000"
"100001745","BOBB00265","1.0000","1.0000","1.0000","0.0000","0.0000"
"100001745","BOBB00263","1.0000","1.0000","1.0000","0.0000","0.0000"
"400000003","BOVA01187","4.0000","0.0000","0.0000","4.0000","0.0000"
"400000003","BOVA01188","1.0000","0.0000","0.0000","1.0000","0.0000"
"100001746","BOVE00113","1.0000","1.0000","1.0000","0.0000","0.0000"
"100001747","BOVE00479","1.0000","1.0000","1.0000","0.0000","0.0000"
"100001748","BOCI00571","1.0000","1.0000","1.0000","0.0000","0.0000"
"100001748","BOVA01350","8.0000","8.0000","8.0000","0.0000","0.0000"
"100001749","BOVE00540","2.0000","2.0000","2.0000","0.0000","0.0000"
"100001750","ME00C51","1.0000","1.0000","1.0000","0.0000","0.0000"
"100001751","BOVA01424","4.0000","4.0000","4.0000","0.0000","0.0000"
"100001751","BOVA01426","4.0000","4.0000","4.0000","0.0000","0.0000"
"100001751","BOVA01427","4.0000","4.0000","4.0000","0.0000","0.0000"
"100001751","BOVA01423","2.0000","2.0000","2.0000","0.0000","0.0000"
"100001751","BOVA00425","4.0000","4.0000","4.0000","0.0000","0.0000"
"100001751","BOVA01526","4.0000","4.0000","4.0000","0.0000","0.0000"
"100001751","BOAL00668","3.0000","3.0000","3.0000","0.0000","0.0000"
"100001751","BAM0020003","3.0000","3.0000","3.0000","0.0000","0.0000"
"100001751","BOVE00421","3.0000","3.0000","3.0000","0.0000","0.0000"
"100001751","BOVE00422","3.0000","3.0000","3.0000","0.0000","0.0000"
"100001752","BOCI00552","1.0000","1.0000","1.0000","0.0000","0.0000"
"100001753","BOCI00316","1.0000","1.0000","1.0000","0.0000","0.0000"
"100001754","BOVE00108","3.0000","0.0000","0.0000","3.0000","0.0000"
"100001755","BOVE00108","3.0000","3.0000","3.0000","0.0000","0.0000"
"100001756","BOVE00114","1.0000","1.0000","1.0000","0.0000","0.0000"
"100001757","BOBB00039","1.0000","1.0000","1.0000","0.0000","0.0000"
"100001757","BOVE00749","1.0000","1.0000","1.0000","0.0000","0.0000"
"100001758","BOVE00113","1.0000","1.0000","1.0000","0.0000","0.0000"
"100001759","BOBB00270","1.0000","1.0000","1.0000","0.0000","0.0000"
"100001760","BOCI00729","1.0000","1.0000","1.0000","0.0000","0.0000"
"100001761","ME00452","1.0000","1.0000","1.0000","0.0000","0.0000"
"100001761","ME00442","1.0000","1.0000","1.0000","0.0000","0.0000"
"100001761","ME00451","2.0000","2.0000","2.0000","0.0000","0.0000"
"100001762","ME00C51","1.0000","1.0000","1.0000","0.0000","0.0000"
"100001763","BOUU00041","2.0000","2.0000","2.0000","0.0000","0.0000"
"100001764","BOVE00114","7.0000","0.0000","0.0000","7.0000","0.0000"
"300000010","BOAL01503","1.0000","1.0000","1.0000","0.0000","0.0000"
"300000010","BOAL00661","1.0000","1.0000","1.0000","0.0000","0.0000"
"300000010","BOAL00663","1.0000","1.0000","1.0000","0.0000","0.0000"
"300000010","BOAL00656","1.0000","1.0000","1.0000","0.0000","0.0000"
"300000010","BOVE00387","1.0000","1.0000","1.0000","0.0000","0.0000"
"300000010","BOVE00147","1.0000","1.0000","1.0000","0.0000","0.0000"
"300000010","BOVE00554","1.0000","1.0000","1.0000","0.0000","0.0000"
"100001765","BOCI00752","9.0000","9.0000","9.0000","0.0000","0.0000"
"100001766","BOVE00224","1.0000","1.0000","1.0000","0.0000","0.0000"
"100001767","BOVE00296","1.0000","1.0000","1.0000","0.0000","0.0000"
"100001768","BCO0040054-BCO0040049-BCO0040050-BCO0040051-BCO0040052","1.0000","1.0000","1.0000","0.0000","0.0000"
"100001769","CIT0010002","1.0000","1.0000","1.0000","0.0000","0.0000"
"100001769","BOVE00038","1.0000","1.0000","1.0000","0.0000","0.0000"
"100001770","BOAL01270-BOAL00478-BOAL00482-BOAL00484-BOAL00486","1.0000","1.0000","1.0000","0.0000","0.0000"
"100001770","BOAL00478","1.0000","1.0000","1.0000","0.0000","0.0000"
"100001770","BOAL00482","1.0000","1.0000","1.0000","0.0000","0.0000"
"100001770","BOAL00484","1.0000","1.0000","1.0000","0.0000","0.0000"
"100001770","BOAL00486","1.0000","1.0000","1.0000","0.0000","0.0000"
"100001770","BOAL00480","1.0000","1.0000","1.0000","0.0000","0.0000"
"100001770","BOAL00483","1.0000","1.0000","1.0000","0.0000","0.0000"
"100001771","BOAL00198","4.0000","4.0000","4.0000","0.0000","0.0000"
"100001771","BOAL00264","4.0000","4.0000","4.0000","0.0000","0.0000"
"100001771","BOAL00222","4.0000","4.0000","4.0000","0.0000","0.0000"
"100001771","BOAL00231","2.0000","2.0000","2.0000","0.0000","0.0000"
"100001772","BOCI00576","1.0000","1.0000","1.0000","0.0000","0.0000"
"100001773","BOVE00296","1.0000","1.0000","1.0000","0.0000","0.0000"
"100001774","ME00C127","1.0000","0.0000","0.0000","1.0000","0.0000"
"100001775","ME00C127","1.0000","1.0000","1.0000","0.0000","0.0000"
"100001776","BOVE00485","1.0000","1.0000","1.0000","0.0000","0.0000"
"100001777","ME00227","1.0000","1.0000","1.0000","0.0000","0.0000"
"100001778","BOVE00610","4.0000","0.0000","0.0000","4.0000","0.0000"
"100001779","BOAL00773","1.0000","1.0000","1.0000","0.0000","0.0000"
"100001780","BOVE00389","1.0000","1.0000","1.0000","0.0000","0.0000"
"100001781","BBR0010002","1.0000","1.0000","1.0000","0.0000","0.0000"
"100001782","BA00047","2.0000","2.0000","2.0000","0.0000","0.0000"
"100001782","BA00012","2.0000","2.0000","2.0000","0.0000","0.0000"
"100001783","BOAL00343","1.0000","1.0000","1.0000","0.0000","0.0000"
"100001783","BOAL00348","1.0000","1.0000","1.0000","0.0000","0.0000"
"100001784","BOVE00228","1.0000","1.0000","1.0000","0.0000","0.0000"
"100001784","ME00C127","1.0000","1.0000","1.0000","0.0000","0.0000"
"100001785","BOAL00321","4.0000","4.0000","4.0000","0.0000","0.0000"
"100001786","BOVE00359","2.0000","2.0000","2.0000","0.0000","0.0000"
"100001787","BOVE00445","2.0000","2.0000","2.0000","0.0000","0.0000"
"100001788","BOVA00926","4.0000","0.0000","0.0000","4.0000","0.0000"
"100001789","BOVA00926","4.0000","4.0000","4.0000","0.0000","0.0000"
"100001790","BOVE00797-BOVE00796-BOVE00795-BOVE00794","18.0000","18.0000","18.0000","0.0000","0.0000"
"100001790","BOVE00796","18.0000","1.0000","1.0000","0.0000","0.0000"
"100001790","BOVE00795","18.0000","1.0000","1.0000","0.0000","0.0000"
"100001790","BOVE00794","18.0000","1.0000","1.0000","0.0000","0.0000"
"100001791","BOCI00605","1.0000","1.0000","1.0000","0.0000","0.0000"
"100001791","BOCI00621","1.0000","1.0000","1.0000","0.0000","0.0000"
"200000007","BOVE00274","1.0000","1.0000","0.0000","0.0000","1.0000"
"200000007","BOVE00342","1.0000","1.0000","0.0000","0.0000","1.0000"
"100001792","BOVA00765","6.0000","6.0000","6.0000","0.0000","0.0000"
"100001793","BOVE00007","2.0000","2.0000","2.0000","0.0000","0.0000"
"100001794","BOVE00309","2.0000","0.0000","0.0000","2.0000","0.0000"
"100001795","BOVE00309","2.0000","2.0000","2.0000","0.0000","0.0000"
"100001796","CCS0010015","1.0000","1.0000","1.0000","0.0000","0.0000"
"100001797","BOVE00363","2.0000","2.0000","2.0000","0.0000","0.0000"
"100001798","BOVE00668","2.0000","2.0000","2.0000","0.0000","0.0000"
"100001799","BBR0010001","1.0000","1.0000","1.0000","0.0000","0.0000"
"100001799","BOAL01472","1.0000","1.0000","1.0000","0.0000","0.0000"
"100001799","BOBB00025","1.0000","1.0000","1.0000","0.0000","0.0000"
"100001799","BOAL00796","1.0000","1.0000","1.0000","0.0000","0.0000"
"100001800","CCS0010002","2.0000","2.0000","2.0000","0.0000","0.0000"
"100001800","CCS0010006","2.0000","2.0000","2.0000","0.0000","0.0000"
"100001801","BOVE00373","1.0000","0.0000","0.0000","1.0000","0.0000"
"100001801","BOVE00372","1.0000","0.0000","0.0000","1.0000","0.0000"
"100001802","BOVE00506","2.0000","2.0000","2.0000","0.0000","0.0000"
"100001803","BOVE00485","50.0000","0.0000","0.0000","50.0000","0.0000"
"100001804","FFE0030002","1.0000","1.0000","1.0000","0.0000","0.0000"
"100001805","CNN0005001","4.0000","4.0000","4.0000","0.0000","0.0000"
"100001805","CNN0050002","1.0000","1.0000","1.0000","0.0000","0.0000"
"100001806","BOBB00088","3.0000","3.0000","3.0000","0.0000","0.0000"
"100001807","BOAL01271-BOAL00478-BOAL00482-BOAL00484-BOAL00486","1.0000","1.0000","1.0000","0.0000","0.0000"
"100001807","BOAL00478","2.0000","1.0000","1.0000","0.0000","0.0000"
"100001807","BOAL00482","2.0000","1.0000","1.0000","0.0000","0.0000"
"100001807","BOAL00484","2.0000","1.0000","1.0000","0.0000","0.0000"
"100001807","BOAL00486","2.0000","1.0000","1.0000","0.0000","0.0000"
"100001808","BOVE00373","1.0000","1.0000","1.0000","0.0000","0.0000"
"100001809","BOAL00741","10.0000","10.0000","10.0000","0.0000","0.0000"
"100001810","CCS0010002","2.0000","2.0000","2.0000","0.0000","0.0000"
"100001811","BOAL01372-BOAL00206-BOAL00261-BOAL00219","1.0000","1.0000","1.0000","0.0000","0.0000"
"100001811","BOAL00206","1.0000","1.0000","1.0000","0.0000","0.0000"
"100001811","BOAL00261","1.0000","1.0000","1.0000","0.0000","0.0000"
"100001811","BOAL00219","1.0000","1.0000","1.0000","0.0000","0.0000"
"100001812","CCS0010013","2.0000","2.0000","2.0000","0.0000","0.0000"
"100001813","ME00C113","2.0000","2.0000","2.0000","0.0000","0.0000"
"100001814","BOVE00060","2.0000","2.0000","2.0000","0.0000","0.0000"
"100001815","BOAL01174C-BOAL00317-BOAL00321-BOAL00323-BOAL00325-ME00C51","1.0000","0.0000","0.0000","1.0000","0.0000"
"100001815","BOAL00317","2.0000","0.0000","0.0000","0.0000","0.0000"
"100001815","BOAL00321","2.0000","0.0000","0.0000","0.0000","0.0000"
"100001815","BOAL00323","2.0000","0.0000","0.0000","0.0000","0.0000"
"100001815","BOAL00325","2.0000","0.0000","0.0000","0.0000","0.0000"
"100001815","ME00C51","1.0000","0.0000","0.0000","0.0000","0.0000"
"100001816","BOAL00198","1.0000","1.0000","1.0000","0.0000","0.0000"
"100001816","BOAL01389-BOAL00208-BOAL00264-BOAL00222-BOAL00241","1.0000","1.0000","1.0000","0.0000","0.0000"
"100001816","BOAL00208","1.0000","1.0000","1.0000","0.0000","0.0000"
"100001816","BOAL00264","1.0000","1.0000","1.0000","0.0000","0.0000"
"100001816","BOAL00222","1.0000","1.0000","1.0000","0.0000","0.0000"
"100001816","BOAL00241","1.0000","1.0000","1.0000","0.0000","0.0000"
"100001816","BOAL00222","1.0000","1.0000","1.0000","0.0000","0.0000"
"100001817","BOVE00108","1.0000","1.0000","1.0000","0.0000","0.0000"
"100001818","BOVE00359","1.0000","1.0000","1.0000","0.0000","0.0000"
"100001819","BOVE00485","50.0000","50.0000","50.0000","0.0000","0.0000"
"100001820","BOVE00380","20.0000","20.0000","20.0000","0.0000","0.0000"
"100001821","BOVE00196","1.0000","0.0000","0.0000","1.0000","0.0000"
"100001821","BOVE00658","1.0000","0.0000","0.0000","1.0000","0.0000"
"100001822","BOBB00028","1.0000","1.0000","1.0000","0.0000","0.0000"
"100001823","ME00C127","1.0000","1.0000","1.0000","0.0000","0.0000"
"100001824","BOVE00017","1.0000","1.0000","1.0000","0.0000","0.0000"
"100001825","BOAL00352","2.0000","2.0000","2.0000","0.0000","0.0000"
"100001825","BOAL00354","2.0000","2.0000","2.0000","0.0000","0.0000"
"100001826","BOAL01208-BOAL00379-BOAL00383-BOAL00385-BOAL00384","1.0000","1.0000","1.0000","0.0000","0.0000"
"100001826","BOAL00379","1.0000","1.0000","1.0000","0.0000","0.0000"
"100001826","BOAL00383","1.0000","1.0000","1.0000","0.0000","0.0000"
"100001826","BOAL00385","1.0000","1.0000","1.0000","0.0000","0.0000"
"100001826","BOAL00384","1.0000","1.0000","1.0000","0.0000","0.0000"
"100001826","BOVE00420","1.0000","1.0000","1.0000","0.0000","0.0000"
"100001826","BOVA01293","5.0000","5.0000","5.0000","0.0000","0.0000"
"100001827","BOBB00272","1.0000","0.0000","0.0000","1.0000","0.0000"
"100001828","BOBB00272","1.0000","0.0000","0.0000","1.0000","0.0000"
"100001829","BOBB00272","1.0000","1.0000","1.0000","0.0000","0.0000"
"100001830","BOVE00391","2.0000","2.0000","2.0000","0.0000","0.0000"
"100001831","ME00446","2.0000","2.0000","2.0000","0.0000","0.0000"
"100001832","BOVE00610","5.0000","5.0000","5.0000","0.0000","0.0000"
"100001832","BOUU00020","1.0000","1.0000","1.0000","0.0000","0.0000"
"100001833","CNN0050002","20.0000","20.0000","20.0000","0.0000","0.0000"
"100001833","BOBB00018","1.0000","1.0000","1.0000","0.0000","0.0000"
"100001833","BOBB00019","2.0000","2.0000","2.0000","0.0000","0.0000"
"100001834","BOVE00556","1.0000","1.0000","1.0000","0.0000","0.0000"
"100001834","BOVE00564","1.0000","1.0000","1.0000","0.0000","0.0000"
"100001834","BOVE00631","1.0000","1.0000","1.0000","0.0000","0.0000"
"100001834","BOVE00793","1.0000","1.0000","1.0000","0.0000","0.0000"
"100001835","BOAL00710","15.0000","0.0000","0.0000","15.0000","0.0000"
"100001835","BOAL00796","1.0000","0.0000","0.0000","1.0000","0.0000"
"100001835","BOBB00096","5.0000","0.0000","0.0000","5.0000","0.0000"
"100001835","BOVE00679","10.0000","0.0000","0.0000","10.0000","0.0000"
"100001835","BOVE00680","6.0000","0.0000","0.0000","6.0000","0.0000"
"100001835","SDO0011059","1.0000","0.0000","0.0000","1.0000","0.0000"
"100001835","BOBB00026","1.0000","0.0000","0.0000","1.0000","0.0000"
"100001836","BOVA00591","2.0000","2.0000","2.0000","0.0000","0.0000"
"100001836","BOVA01158","1.0000","1.0000","1.0000","0.0000","0.0000"
"100001836","BOVA01118","1.0000","1.0000","1.0000","0.0000","0.0000"
"100001836","BOVA01117","1.0000","1.0000","1.0000","0.0000","0.0000"
"100001836","BOVA00582","1.0000","1.0000","1.0000","0.0000","0.0000"
"100001836","BOVA01136","1.0000","1.0000","1.0000","0.0000","0.0000"
"100001837","BOVE00339","5.0000","5.0000","5.0000","0.0000","0.0000"
"100001838","CCS0010002","3.0000","3.0000","3.0000","0.0000","0.0000"
"100001838","CCS0010011","3.0000","3.0000","3.0000","0.0000","0.0000"
"100001839","BOVE00359","1.0000","1.0000","1.0000","0.0000","0.0000"
"100001840","BOCI00300","1.0000","1.0000","1.0000","0.0000","0.0000"
"100001841","ME00C51","1.0000","0.0000","0.0000","1.0000","0.0000"
"100001842","CCS0010014","2.0000","2.0000","2.0000","0.0000","0.0000"
"100001843","BOVE00302","1.0000","1.0000","1.0000","0.0000","0.0000"
"100001843","BOVE00304","1.0000","1.0000","1.0000","0.0000","0.0000"
"100001844","BOCI00558","1.0000","1.0000","1.0000","0.0000","0.0000"
"100001844","BOCI00553","1.0000","1.0000","1.0000","0.0000","0.0000"
"100001844","BOCI00590","1.0000","1.0000","1.0000","0.0000","0.0000"
"100001844","ME00296-ME00295","2.0000","2.0000","2.0000","0.0000","0.0000"
"100001844","ME00295","12.0000","1.0000","1.0000","0.0000","0.0000"
"100001844","BOBB00015","1.0000","1.0000","1.0000","0.0000","0.0000"
"100001844","BOBB00013","1.0000","1.0000","1.0000","0.0000","0.0000"
"100001845","BOVA00638","1.0000","1.0000","1.0000","0.0000","0.0000"
"100001845","BOVA00596","1.0000","1.0000","1.0000","0.0000","0.0000"
"100001846","BOVE00454","1.0000","1.0000","1.0000","0.0000","0.0000"
"100001847","BOVE00797-BOVE00796-BOVE00795-BOVE00794","16.0000","16.0000","16.0000","0.0000","0.0000"
"100001847","BOVE00796","16.0000","1.0000","1.0000","0.0000","0.0000"
"100001847","BOVE00795","16.0000","1.0000","1.0000","0.0000","0.0000"
"100001847","BOVE00794","16.0000","1.0000","1.0000","0.0000","0.0000"
"100001848","CCS0010005","4.0000","4.0000","4.0000","0.0000","0.0000"
"100001849","BCO0040054-BCO0040049-BCO0040050-BCO0040051-BCO0040052","1.0000","1.0000","1.0000","0.0000","0.0000"
"100001849","BCO0040049","1.0000","1.0000","1.0000","0.0000","0.0000"
"100001849","BCO0040050","1.0000","1.0000","1.0000","0.0000","0.0000"
"100001849","BCO0040051","1.0000","1.0000","1.0000","0.0000","0.0000"
"100001849","BCO0040052","1.0000","1.0000","1.0000","0.0000","0.0000"
"100001850","BOUU00071","1.0000","1.0000","1.0000","0.0000","0.0000"
"100001850","BOUU00076","2.0000","2.0000","2.0000","0.0000","0.0000"
"100001850","BOUU00080","1.0000","1.0000","1.0000","0.0000","0.0000"
"100001851","BOCI00586","1.0000","1.0000","1.0000","0.0000","0.0000"
"100001852","ME00C127","1.0000","1.0000","1.0000","0.0000","0.0000"
"100001852","BRE0010003","6.0000","6.0000","6.0000","0.0000","0.0000"
"100001853","BOAL01182-BOAL00327-BOAL00328-BOAL00329-BOAL00330","1.0000","1.0000","1.0000","0.0000","0.0000"
"100001853","BOAL00327","1.0000","1.0000","1.0000","0.0000","0.0000"
"100001853","BOAL00328","1.0000","1.0000","1.0000","0.0000","0.0000"
"100001853","BOAL00329","1.0000","1.0000","1.0000","0.0000","0.0000"
"100001853","BOAL00330","1.0000","1.0000","1.0000","0.0000","0.0000"
"100001854","BOAL00104","4.0000","4.0000","4.0000","0.0000","4.0000"
"100001854","BOVA01092","1.0000","1.0000","1.0000","0.0000","0.0000"
"100001855","CCS0010003","2.0000","2.0000","2.0000","0.0000","0.0000"
"100001856","BOCI00475","1.0000","1.0000","1.0000","0.0000","0.0000"
"100001857","ME00215","1.0000","1.0000","1.0000","0.0000","0.0000"
"100001857","ME00226","1.0000","1.0000","1.0000","0.0000","0.0000"
"100001857","ME00237","1.0000","1.0000","1.0000","0.0000","0.0000"
"100001857","BOVE00379","3.0000","3.0000","2.0000","0.0000","1.0000"
"100001857","BOVE00386","2.0000","2.0000","2.0000","0.0000","0.0000"
"100001858","BOVA01190","1.0000","1.0000","1.0000","0.0000","0.0000"
"100001859","BOVE00485","1.0000","1.0000","1.0000","0.0000","0.0000"
"100001860","BOVE00455","1.0000","1.0000","1.0000","0.0000","0.0000"
"100001861","BOVE00351","1.0000","1.0000","1.0000","0.0000","0.0000"
"100001861","ME00142","1.0000","1.0000","1.0000","0.0000","0.0000"
"100001861","BOVE00296","1.0000","1.0000","1.0000","0.0000","0.0000"
"100001861","BOVE00526","1.0000","1.0000","1.0000","0.0000","0.0000"
"100001862","BOVE00394","2.0000","2.0000","2.0000","0.0000","0.0000"
"100001863","BOVE00108","1.0000","1.0000","1.0000","0.0000","0.0000"
"100001864","BOAL01186-BOAL00340-BOAL00343-BOAL00347-BOAL00349","1.0000","1.0000","1.0000","0.0000","0.0000"
"100001864","BOAL00340","2.0000","1.0000","1.0000","0.0000","0.0000"
"100001864","BOAL00343","2.0000","1.0000","1.0000","0.0000","0.0000"
"100001864","BOAL00347","2.0000","1.0000","1.0000","0.0000","0.0000"
"100001864","BOAL00349","2.0000","1.0000","1.0000","0.0000","0.0000"
"100001864","BOAL01185-BOAL00340-BOAL00343-BOAL00347-BOAL00349","1.0000","1.0000","1.0000","0.0000","0.0000"
"100001864","BOAL00340","1.0000","1.0000","1.0000","0.0000","0.0000"
"100001864","BOAL00343","1.0000","1.0000","1.0000","0.0000","0.0000"
"100001864","BOAL00347","1.0000","1.0000","1.0000","0.0000","0.0000"
"100001864","BOAL00349","1.0000","1.0000","1.0000","0.0000","0.0000"
"100001865","ME00C127","1.0000","1.0000","1.0000","0.0000","0.0000"
"100001866","BOCI00656","1.0000","1.0000","1.0000","0.0000","0.0000"
"100001866","BOCI00346","1.0000","1.0000","1.0000","0.0000","0.0000"
"100001867","BOVE00452","1.0000","1.0000","1.0000","0.0000","0.0000"
"100001868","BOVE00359","1.0000","1.0000","1.0000","0.0000","0.0000"
"100001869","BOVE00477","2.0000","2.0000","2.0000","0.0000","0.0000"
"100001870","BOVA00941","6.0000","6.0000","6.0000","0.0000","0.0000"
"100001870","BOVA00945","6.0000","6.0000","6.0000","0.0000","0.0000"
"100001870","BOVE00372","1.0000","1.0000","1.0000","0.0000","0.0000"
"100001870","BOVE00373","1.0000","1.0000","1.0000","0.0000","0.0000"
"100001871","BOVE00444","1.0000","1.0000","1.0000","0.0000","0.0000"
"100001872","BOVA01188","1.0000","0.0000","0.0000","1.0000","0.0000"
"100001872","BOVA01204","2.0000","0.0000","0.0000","2.0000","0.0000"
"100001872","BOAL00668","3.0000","0.0000","0.0000","3.0000","0.0000"
"100001872","BOAL00664","1.0000","0.0000","0.0000","1.0000","0.0000"
"100001872","BOAL00321","3.0000","0.0000","0.0000","3.0000","0.0000"
"100001872","BOVA01408","5.0000","0.0000","0.0000","5.0000","0.0000"
"100001872","BOUU00042","2.0000","0.0000","0.0000","2.0000","0.0000"
"100001872","BOUU00081","2.0000","0.0000","0.0000","2.0000","0.0000"
"100001872","BOUU00013","1.0000","0.0000","0.0000","1.0000","0.0000"
"100001872","BOVA01385","3.0000","0.0000","0.0000","3.0000","0.0000"
"100001872","BOVA01391","3.0000","0.0000","0.0000","3.0000","0.0000"
"100001872","BOVA01176","3.0000","0.0000","0.0000","3.0000","0.0000"
"100001872","BOVA01418","2.0000","0.0000","0.0000","2.0000","0.0000"
"100001872","BOVE00422","1.0000","0.0000","0.0000","1.0000","0.0000"
"100001873","BOAL00724","1.0000","1.0000","1.0000","0.0000","0.0000"
"100001874","BOVE00313","1.0000","1.0000","1.0000","0.0000","0.0000"
"100001875","BOVE00306","1.0000","1.0000","1.0000","0.0000","0.0000"
"100001876","BOCI00792","1.0000","1.0000","1.0000","0.0000","0.0000"
"100001877","BOVE00389","2.0000","2.0000","2.0000","0.0000","0.0000"
"100001877","BOVE00391","2.0000","2.0000","2.0000","0.0000","0.0000"
"100001877","BOVE00443","1.0000","1.0000","1.0000","0.0000","0.0000"
"100001877","BOVA01083","12.0000","12.0000","12.0000","0.0000","0.0000"
"100001878","BRE0010001","12.0000","0.0000","0.0000","12.0000","0.0000"
"100001878","BRE0010002","12.0000","0.0000","0.0000","12.0000","0.0000"
"100001879","BOVE00446","1.0000","1.0000","1.0000","0.0000","0.0000"
"100001880","BOVE00513","1.0000","1.0000","1.0000","0.0000","1.0000"
"100001880","BOVE00505","3.0000","3.0000","3.0000","0.0000","3.0000"
"100001881","CCSEXP0017","1.0000","1.0000","1.0000","0.0000","0.0000"
"100001882","BOVE00452","1.0000","1.0000","1.0000","0.0000","0.0000"
"100001883","BOVE00313","1.0000","1.0000","1.0000","0.0000","0.0000"
"100001884","BOVE00788","1.0000","1.0000","1.0000","0.0000","0.0000"
"100001884","BOVE00790","1.0000","1.0000","1.0000","0.0000","0.0000"
"100001885","BOVE00277","1.0000","1.0000","1.0000","0.0000","0.0000"
"100001885","BOVE00156","1.0000","1.0000","1.0000","0.0000","0.0000"
"100001886","BET0120005-BOAL00617-BOAL00623-BOAL00625-BOAL00618-BOAL00621-BOAL00616-BOAL00622-BOAL00624-BOAL00619","1.0000","1.0000","1.0000","0.0000","0.0000"
"100001886","BOAL00617","1.0000","1.0000","1.0000","0.0000","0.0000"
"100001886","BOAL00623","1.0000","1.0000","1.0000","0.0000","0.0000"
"100001886","BOAL00625","1.0000","1.0000","1.0000","0.0000","0.0000"
"100001886","BOAL00618","1.0000","1.0000","1.0000","0.0000","0.0000"
"100001886","BOAL00621","1.0000","1.0000","1.0000","0.0000","0.0000"
"100001886","BOAL00616","1.0000","1.0000","1.0000","0.0000","0.0000"
"100001886","BOAL00622","1.0000","1.0000","1.0000","0.0000","0.0000"
"100001886","BOAL00624","1.0000","1.0000","1.0000","0.0000","0.0000"
"100001886","BOAL00619","1.0000","1.0000","1.0000","0.0000","0.0000"
"100001887","BOVE00359","1.0000","0.0000","0.0000","1.0000","0.0000"
"100001888","BOCI00567","1.0000","1.0000","1.0000","0.0000","0.0000"
"100001889","BOVE00469","2.0000","2.0000","2.0000","0.0000","0.0000"
"100001890","BOVE00380","1.0000","1.0000","1.0000","0.0000","0.0000"
"100001890","BOVE00381","1.0000","1.0000","1.0000","0.0000","0.0000"
"100001891","BOAL00627","1.0000","0.0000","0.0000","1.0000","0.0000"
"100001891","BOAL00632","1.0000","0.0000","0.0000","1.0000","0.0000"
"100001891","BOVA00728","8.0000","0.0000","0.0000","8.0000","0.0000"
"100001891","BRE0010003","2.0000","0.0000","0.0000","2.0000","0.0000"
"100001891","BOVA00406","2.0000","0.0000","0.0000","2.0000","0.0000"
"100001891","BOVA00404","2.0000","0.0000","0.0000","2.0000","0.0000"
"100001892","BOVE00547","1.0000","1.0000","1.0000","0.0000","0.0000"
"100001893","BOVE00482","2.0000","2.0000","2.0000","0.0000","0.0000"
"100001894","ME00C127","1.0000","1.0000","1.0000","0.0000","0.0000"
"100001895","BOVA01214","2.0000","2.0000","2.0000","0.0000","0.0000"
"100001896","BOAL00222","2.0000","2.0000","2.0000","0.0000","0.0000"
"100001896","BOAL00264","1.0000","1.0000","1.0000","0.0000","1.0000"
"100001896","BOAL00208","1.0000","1.0000","1.0000","0.0000","1.0000"
"100001897","ME00271","1.0000","1.0000","1.0000","0.0000","0.0000"
"100001898","ME00C127","1.0000","1.0000","1.0000","0.0000","0.0000"
"100001899","BOAL01387-BOAL00208-BOAL00264-BOAL00222","2.0000","2.0000","2.0000","0.0000","0.0000"
"100001899","BOAL00208","2.0000","1.0000","1.0000","0.0000","0.0000"
"100001899","BOAL00264","2.0000","1.0000","1.0000","0.0000","0.0000"
"100001899","BOAL00222","2.0000","1.0000","1.0000","0.0000","0.0000"
"100001900","BOAL00348","1.0000","1.0000","1.0000","0.0000","0.0000"
"100001901","BOVE00378","1.0000","0.0000","0.0000","1.0000","0.0000"
"100001901","BOVA01186","1.0000","0.0000","0.0000","1.0000","0.0000"
"100001901","BOVA01188","1.0000","0.0000","0.0000","1.0000","0.0000"
"100001901","BOBB00088","1.0000","0.0000","0.0000","1.0000","0.0000"
"100001901","BOBB00096","1.0000","0.0000","0.0000","1.0000","0.0000"
"100001901","BOVE00351","1.0000","0.0000","0.0000","1.0000","0.0000"
"100001901","BOCI00753","2.0000","0.0000","0.0000","2.0000","0.0000"
"100001901","BOCI00717","1.0000","0.0000","0.0000","1.0000","0.0000"
"100001901","BOCI00730","1.0000","0.0000","0.0000","1.0000","0.0000"
"100001901","BOCI00784","1.0000","0.0000","0.0000","1.0000","0.0000"
"100001901","BOCI00756","1.0000","0.0000","0.0000","1.0000","0.0000"
"100001901","BOCI00758","1.0000","0.0000","0.0000","1.0000","0.0000"
"100001901","BOCI00795","1.0000","0.0000","0.0000","1.0000","0.0000"
"100001901","BOCI00301","1.0000","0.0000","0.0000","1.0000","0.0000"
"100001901","BOCI00302","1.0000","0.0000","0.0000","1.0000","0.0000"
"100001901","BOCI00381","1.0000","0.0000","0.0000","1.0000","0.0000"
"100001901","BOAL01503","1.0000","0.0000","0.0000","1.0000","0.0000"
"100001902","BOAL00701","1.0000","1.0000","1.0000","0.0000","0.0000"
"100001902","BOAL00744","1.0000","1.0000","1.0000","0.0000","0.0000"
"100001903","BOVE00547","1.0000","1.0000","1.0000","0.0000","0.0000"
"100001904","BOVE00374","3.0000","3.0000","3.0000","0.0000","3.0000"
"100001904","BOVE00225","2.0000","2.0000","2.0000","0.0000","2.0000"
"100001905","BOVE00282","1.0000","1.0000","1.0000","0.0000","0.0000"
"100001906","CCS0010012","2.0000","2.0000","2.0000","0.0000","0.0000"
"100001907","BBR0010002","2.0000","0.0000","0.0000","2.0000","0.0000"
"100001908","BOVE00547","1.0000","1.0000","1.0000","0.0000","0.0000"
"100001908","BOVE00518","1.0000","1.0000","1.0000","0.0000","0.0000"
"100001909","SRC-PDT","1.0000","1.0000","1.0000","0.0000","0.0000"
"100001910","ME00296-ME00295","1.0000","1.0000","1.0000","0.0000","0.0000"
"100001910","ME00295","6.0000","1.0000","1.0000","0.0000","0.0000"
"100001910","ME00278-ME00277","1.0000","1.0000","1.0000","0.0000","0.0000"
"100001910","ME00277","6.0000","1.0000","1.0000","0.0000","0.0000"
"100001910","ME00220","1.0000","1.0000","1.0000","0.0000","0.0000"
"100001910","ME00242","1.0000","1.0000","1.0000","0.0000","0.0000"
"100001911","ME00C127","3.0000","3.0000","0.0000","0.0000","3.0000"
"100001912","BNN0010001","1.0000","1.0000","1.0000","0.0000","0.0000"
"100001913","BOVE00359","1.0000","1.0000","1.0000","0.0000","0.0000"
"100001914","BOAL00725","1.0000","0.0000","0.0000","1.0000","0.0000"
"100001915","BOAL00725","1.0000","1.0000","1.0000","0.0000","0.0000"
"100001916","CCS0010002","1.0000","1.0000","1.0000","0.0000","0.0000"
"100001916","CCS0010005","1.0000","1.0000","1.0000","0.0000","0.0000"
"100001916","CCS0010014","1.0000","1.0000","1.0000","0.0000","0.0000"
"100001917","EME0010003","1.0000","1.0000","1.0000","0.0000","0.0000"
"100001918","BOVE00321","1.0000","0.0000","0.0000","1.0000","0.0000"
"100001919","BOVE00321","1.0000","1.0000","1.0000","0.0000","0.0000"
"100001920","BOVE00374","2.0000","2.0000","2.0000","0.0000","0.0000"
"100001921","CCS0010002","1.0000","1.0000","1.0000","0.0000","0.0000"
"100001921","CCS0010010","1.0000","1.0000","1.0000","0.0000","0.0000"
"100001921","BOVE00419","1.0000","1.0000","1.0000","0.0000","0.0000"
"100001922","BOVE00204","1.0000","1.0000","1.0000","0.0000","0.0000"
"100001923","BOVA00731","1.0000","0.0000","0.0000","1.0000","0.0000"
"100001924","BOCI00611","1.0000","1.0000","1.0000","0.0000","0.0000"
"100001925","BBR0010002","2.0000","2.0000","2.0000","0.0000","0.0000"
"100001926","BOVE00446","1.0000","1.0000","1.0000","0.0000","0.0000"
"100001927","BOVE00536","3.0000","3.0000","3.0000","0.0000","0.0000"
"100001928","BAM0040002","4.0000","4.0000","4.0000","0.0000","0.0000"
"100001929","BOVE00469","1.0000","1.0000","1.0000","0.0000","0.0000"
"100001930","BOVE00555","2.0000","2.0000","2.0000","0.0000","0.0000"
"100001931","BOAL01515","2.0000","2.0000","2.0000","0.0000","0.0000"
"100001931","BOAL01516","2.0000","2.0000","2.0000","0.0000","0.0000"
"100001932","BOBB00038","2.0000","2.0000","2.0000","0.0000","0.0000"
"100001933","BOAL01433-BOAL00209-BOAL00262-BOAL00220-BOAL00239","1.0000","1.0000","1.0000","0.0000","0.0000"
"100001933","BOAL00209","2.0000","1.0000","1.0000","0.0000","0.0000"
"100001933","BOAL00262","2.0000","1.0000","1.0000","0.0000","0.0000"
"100001933","BOAL00220","2.0000","1.0000","1.0000","0.0000","0.0000"
"100001933","BOAL00239","2.0000","1.0000","1.0000","0.0000","0.0000"
"100001933","BOAL00188","2.0000","2.0000","2.0000","0.0000","0.0000"
"100001933","BOAL00246","2.0000","2.0000","2.0000","0.0000","0.0000"
"100001934","BOAL01226-BOAL00398-BOAL00403-BOAL00404-BOAL00406","1.0000","1.0000","1.0000","0.0000","0.0000"
"100001934","BOAL00398","2.0000","1.0000","1.0000","0.0000","0.0000"
"100001934","BOAL00403","2.0000","1.0000","1.0000","0.0000","0.0000"
"100001934","BOAL00404","2.0000","1.0000","1.0000","0.0000","0.0000"
"100001934","BOAL00406","2.0000","1.0000","1.0000","0.0000","0.0000"
"100001935","BOBB00288","1.0000","1.0000","1.0000","0.0000","0.0000"
"100001936","BOBB00026","2.0000","2.0000","2.0000","0.0000","0.0000"
"100001936","BOVE00767","5.0000","5.0000","5.0000","0.0000","0.0000"
"100001937","BOVE00764","3.0000","0.0000","0.0000","3.0000","0.0000"
"100001937","BOVE00768","4.0000","0.0000","0.0000","4.0000","0.0000"
"100001938","BOBB00057","1.0000","1.0000","1.0000","0.0000","0.0000"
"100001938","BOBB00062","1.0000","1.0000","1.0000","0.0000","0.0000"
"100001939","BOVE00074","3.0000","3.0000","3.0000","0.0000","0.0000"
"100001940","CBR0030002","2.0000","0.0000","0.0000","2.0000","0.0000"
"100001940","CBR0030001","2.0000","0.0000","0.0000","2.0000","0.0000"
"100001941","BOVE00311","1.0000","1.0000","1.0000","0.0000","0.0000"
"100001942","BOVE00547","1.0000","0.0000","0.0000","1.0000","0.0000"
"100001943","BOVE00547","1.0000","0.0000","0.0000","1.0000","0.0000"
"100001944","BOVE00547","1.0000","1.0000","1.0000","0.0000","0.0000"
"100001945","ME00C127","1.0000","1.0000","1.0000","0.0000","0.0000"
"100001946","BOCI00361","1.0000","1.0000","1.0000","0.0000","0.0000"
"100001946","BOCI00590","1.0000","1.0000","1.0000","0.0000","0.0000"
"100001946","BOCI00293","1.0000","1.0000","1.0000","0.0000","0.0000"
"100001946","BOCI00376","1.0000","1.0000","1.0000","0.0000","0.0000"
"100001946","BOVE00749","1.0000","1.0000","1.0000","0.0000","0.0000"
"100001946","BOVE00387","2.0000","2.0000","2.0000","0.0000","0.0000"
"100001947","BOCI00503","4.0000","4.0000","4.0000","0.0000","0.0000"
"100001948","ME00C127","1.0000","1.0000","1.0000","0.0000","0.0000"
"100001949","BOBB00270","2.0000","2.0000","2.0000","0.0000","0.0000"
"100001950","ME00C127","3.0000","3.0000","3.0000","0.0000","0.0000"
"100001951","ME00C113","1.0000","1.0000","1.0000","0.0000","0.0000"
"100001952","ME00C113","1.0000","1.0000","1.0000","0.0000","0.0000"
"100001953","BOAL01457-BOAL00656-BOAL00661-BOAL00662-BOAL00663","1.0000","1.0000","0.0000","0.0000","1.0000"
"100001953","BOAL00656","2.0000","1.0000","0.0000","0.0000","2.0000"
"100001953","BOAL00661","2.0000","1.0000","0.0000","0.0000","2.0000"
"100001953","BOAL00662","2.0000","1.0000","0.0000","0.0000","2.0000"
"100001953","BOAL00663","2.0000","1.0000","0.0000","0.0000","2.0000"
"100001954","BOVE00286","1.0000","1.0000","1.0000","0.0000","0.0000"
"100001954","BOVE00513","2.0000","2.0000","2.0000","0.0000","0.0000"
"100001955","BOVE00501","1.0000","1.0000","1.0000","0.0000","0.0000"
"100001956","BOCI00655","1.0000","1.0000","1.0000","0.0000","0.0000"
"100001957","BOAL01457-BOAL00656-BOAL00661-BOAL00662-BOAL00663","1.0000","1.0000","1.0000","0.0000","0.0000"
"100001957","BOAL00656","2.0000","1.0000","1.0000","0.0000","0.0000"
"100001957","BOAL00661","2.0000","1.0000","1.0000","0.0000","0.0000"
"100001957","BOAL00662","2.0000","1.0000","1.0000","0.0000","0.0000"
"100001957","BOAL00663","2.0000","1.0000","1.0000","0.0000","0.0000"
"100001958","BCO0020019","2.0000","0.0000","0.0000","2.0000","0.0000"
"100001958","BCO0020024","2.0000","0.0000","0.0000","2.0000","0.0000"
"100001959","BCO0020019","2.0000","2.0000","2.0000","0.0000","0.0000"
"100001959","BCO0020024","2.0000","2.0000","2.0000","0.0000","0.0000"
"100001960","BOBB00236","1.0000","1.0000","1.0000","0.0000","0.0000"
"100001960","BOBB00238","1.0000","1.0000","1.0000","0.0000","0.0000"
"100001961","BOVE00309","2.0000","2.0000","2.0000","0.0000","0.0000"
"100001961","BOVE00308","2.0000","2.0000","2.0000","0.0000","0.0000"
"100001961","BOVE00445","1.0000","1.0000","1.0000","0.0000","0.0000"
"100001962","ME00C51","1.0000","0.0000","0.0000","1.0000","0.0000"
"100001963","BOCI00642","2.0000","2.0000","2.0000","0.0000","0.0000"
"100001964","BOBB00050","1.0000","1.0000","1.0000","0.0000","0.0000"
"100001965","BOAL00222","1.0000","1.0000","1.0000","0.0000","0.0000"
"100001966","BOVE00373","1.0000","1.0000","1.0000","0.0000","0.0000"
"100001967","BCO0020024","1.0000","1.0000","1.0000","0.0000","0.0000"
"100001968","BCO0020023","1.0000","1.0000","1.0000","0.0000","0.0000"
"100001969","BOVE00537","1.0000","1.0000","1.0000","0.0000","0.0000"
"100001969","BOVE00520","1.0000","1.0000","1.0000","0.0000","0.0000"
"100001969","BOVE00521","1.0000","1.0000","1.0000","0.0000","0.0000"
"100001969","BOVE00530","1.0000","1.0000","1.0000","0.0000","0.0000"
"100001969","BOBB00270","1.0000","1.0000","1.0000","0.0000","0.0000"
"100001970","BET0110003-BOAL00607-BOAL00613-BOAL00615-BOAL00609","1.0000","0.0000","0.0000","1.0000","0.0000"
"100001970","BOAL00607","2.0000","0.0000","0.0000","0.0000","0.0000"
"100001970","BOAL00613","2.0000","0.0000","0.0000","0.0000","0.0000"
"100001970","BOAL00615","2.0000","0.0000","0.0000","0.0000","0.0000"
"100001970","BOAL00609","2.0000","0.0000","0.0000","0.0000","0.0000"
"100001971","BOAL00385","1.0000","1.0000","1.0000","0.0000","0.0000"
"100001972","BOVE00559","2.0000","2.0000","2.0000","0.0000","0.0000"
"100001973","BOAL00712","10.0000","10.0000","10.0000","0.0000","0.0000"
"100001973","BOAL00713","10.0000","10.0000","10.0000","0.0000","0.0000"
"100001973","BOAL00763","20.0000","20.0000","20.0000","0.0000","0.0000"
"100001974","BOAL00698","2.0000","2.0000","2.0000","0.0000","0.0000"
"100001975","CCS0010002","2.0000","0.0000","0.0000","2.0000","0.0000"
"100001976","BOVA01188","4.0000","0.0000","0.0000","4.0000","0.0000"
"100001976","BOVA01204","4.0000","0.0000","0.0000","4.0000","0.0000"
"100001976","BOAL00668","5.0000","0.0000","0.0000","5.0000","0.0000"
"100001976","BOAL00664","4.0000","0.0000","0.0000","4.0000","0.0000"
"100001976","BOAL00321","5.0000","0.0000","0.0000","5.0000","0.0000"
"100001976","BOVA01408","6.0000","0.0000","0.0000","6.0000","0.0000"
"100001976","BOVA01385","3.0000","0.0000","0.0000","3.0000","0.0000"
"100001976","BOVA01391","3.0000","0.0000","0.0000","3.0000","0.0000"
"100001976","BOVA01176","6.0000","0.0000","0.0000","6.0000","0.0000"
"100001976","BOVA01418","6.0000","0.0000","0.0000","6.0000","0.0000"
"100001977","BOVA01188","1.0000","0.0000","0.0000","1.0000","0.0000"
"100001977","BOVA01204","2.0000","0.0000","0.0000","2.0000","0.0000"
"100001977","BOAL00668","3.0000","0.0000","0.0000","3.0000","0.0000"
"100001977","BOAL00664","1.0000","0.0000","0.0000","1.0000","0.0000"
"100001977","BOAL00321","3.0000","0.0000","0.0000","3.0000","0.0000"
"100001977","BOVA01408","5.0000","0.0000","0.0000","5.0000","0.0000"
"100001977","BOUU00042","2.0000","0.0000","0.0000","2.0000","0.0000"
"100001977","BOUU00081","2.0000","0.0000","0.0000","2.0000","0.0000"
"100001977","BOUU00013","1.0000","0.0000","0.0000","1.0000","0.0000"
"100001977","BOVA01385","3.0000","0.0000","0.0000","3.0000","0.0000"
"100001977","BOVA01391","3.0000","0.0000","0.0000","3.0000","0.0000"
"100001977","BOVA01176","3.0000","0.0000","0.0000","3.0000","0.0000"
"100001977","BOVA01418","2.0000","0.0000","0.0000","2.0000","0.0000"
"100001977","BOVE00422","1.0000","0.0000","0.0000","1.0000","0.0000"
"100001978","BOUU00017","1.0000","1.0000","1.0000","0.0000","0.0000"
"100001979","CCS0010002","2.0000","2.0000","2.0000","0.0000","0.0000"
"100001980","CCS0010011","3.0000","3.0000","3.0000","0.0000","0.0000"
"100001981","BOVA01417","2.0000","2.0000","2.0000","0.0000","0.0000"
"100001982","BOVE00623","2.0000","2.0000","2.0000","0.0000","0.0000"
"100001983","BOVE00117","1.0000","1.0000","1.0000","0.0000","0.0000"
"100001984","BOAL00698","1.0000","1.0000","1.0000","0.0000","0.0000"
"100001985","BOVE00717","1.0000","1.0000","1.0000","0.0000","0.0000"
"100001986","BNN0010007","1.0000","1.0000","1.0000","0.0000","0.0000"
"100001986","BOVE00793","2.0000","2.0000","2.0000","0.0000","0.0000"
"100001987","BOVE00520","1.0000","1.0000","1.0000","0.0000","0.0000"
"100001988","BOVE00114","1.0000","1.0000","1.0000","0.0000","0.0000"
"100001989","KRIS00001","1.0000","1.0000","1.0000","0.0000","0.0000"
"100001990","BOVA01214","1.0000","1.0000","1.0000","0.0000","0.0000"
"100001991","BA00041","1.0000","1.0000","1.0000","0.0000","0.0000"
"100001991","BOAL00796","1.0000","1.0000","1.0000","0.0000","0.0000"
"100001991","BOCI00403","1.0000","1.0000","1.0000","0.0000","0.0000"
"100001992","BOVE00296","1.0000","1.0000","1.0000","0.0000","0.0000"
"100001993","BOAL00340","1.0000","0.0000","0.0000","1.0000","0.0000"
"100001993","BOAL00343","1.0000","0.0000","0.0000","1.0000","0.0000"
"100001993","BOAL00222","2.0000","0.0000","0.0000","2.0000","0.0000"
"100001993","BOAL00190","1.0000","0.0000","0.0000","1.0000","0.0000"
"100001994","CCS0010014","1.0000","1.0000","1.0000","0.0000","0.0000"
"100001994","CCS0030005","2.0000","2.0000","2.0000","0.0000","0.0000"
"100001994","BOVA01180","1.0000","1.0000","1.0000","0.0000","0.0000"
"100001995","CCS0010002","2.0000","0.0000","0.0000","2.0000","0.0000"
"100001996","CCS0010014","1.0000","1.0000","1.0000","0.0000","0.0000"
"100001996","CCS0010002","1.0000","1.0000","1.0000","0.0000","0.0000"
"100001996","CCS0010012","1.0000","1.0000","1.0000","0.0000","0.0000"
"100001996","CCS0010005","1.0000","1.0000","1.0000","0.0000","0.0000"
"100001997","BOVE00635","1.0000","0.0000","0.0000","1.0000","0.0000"
"100001998","BOVE00635","1.0000","1.0000","1.0000","0.0000","0.0000"
"100001999","BOVA01472","6.0000","6.0000","6.0000","0.0000","0.0000"
"100002000","ME00C113","1.0000","1.0000","1.0000","0.0000","0.0000"
"100002001","CLRCRA0004","1.0000","1.0000","1.0000","0.0000","0.0000"
"100002002","BOAL00343","1.0000","1.0000","1.0000","0.0000","0.0000"
"100002003","BOVE00557","2.0000","2.0000","2.0000","0.0000","0.0000"
"100002004","CCS0010002","1.0000","0.0000","0.0000","1.0000","0.0000"
"100002005","CCS0010002","1.0000","1.0000","1.0000","0.0000","0.0000"
"100002006","BOAL01185-BOAL00340-BOAL00343-BOAL00347-BOAL00349","1.0000","1.0000","1.0000","0.0000","0.0000"
"100002006","BOAL00340","1.0000","1.0000","1.0000","0.0000","0.0000"
"100002006","BOAL00343","1.0000","1.0000","1.0000","0.0000","0.0000"
"100002006","BOAL00347","1.0000","1.0000","1.0000","0.0000","0.0000"
"100002006","BOAL00349","1.0000","1.0000","1.0000","0.0000","0.0000"
"100002007","CCS0010013","1.0000","1.0000","1.0000","0.0000","0.0000"
"100002007","CCS0010003","1.0000","1.0000","1.0000","0.0000","0.0000"
"100002008","BOVE00446","1.0000","1.0000","1.0000","0.0000","0.0000"
"100002009","CAR0030001","1.0000","1.0000","1.0000","0.0000","0.0000"
"100002010","BOBB00055","1.0000","1.0000","1.0000","0.0000","0.0000"
"100002011","BOVE00422","1.0000","1.0000","1.0000","0.0000","0.0000"
"100002011","BOVE00423","1.0000","1.0000","1.0000","0.0000","0.0000"
"100002012","BOAL00710","15.0000","15.0000","15.0000","0.0000","0.0000"
"100002012","BOAL00796","1.0000","1.0000","1.0000","0.0000","0.0000"
"100002012","BOBB00096","5.0000","5.0000","5.0000","0.0000","0.0000"
"100002012","BOVE00679","10.0000","10.0000","10.0000","0.0000","0.0000"
"100002012","BOVE00680","6.0000","6.0000","6.0000","0.0000","0.0000"
"100002012","BOBB00026","1.0000","1.0000","1.0000","0.0000","0.0000"
"100002012","SDO0011059","1.0000","1.0000","1.0000","0.0000","0.0000"
"100002013","ME00C127","1.0000","1.0000","1.0000","0.0000","0.0000"
"100002014","BOVE00372","1.0000","1.0000","1.0000","0.0000","0.0000"
"100002014","BOVE00373","1.0000","1.0000","1.0000","0.0000","0.0000"
"100002015","BOVE00749","1.0000","1.0000","1.0000","0.0000","0.0000"
"100002016","BOVE00477","3.0000","3.0000","3.0000","0.0000","0.0000"
"100002017","BOAL00340","1.0000","1.0000","1.0000","0.0000","0.0000"
"100002017","BOAL00343","1.0000","1.0000","1.0000","0.0000","0.0000"
"100002017","BOAL00347","2.0000","2.0000","2.0000","0.0000","0.0000"
"100002017","BOAL00341","1.0000","1.0000","1.0000","0.0000","0.0000"
"100002018","BOVA01241","1.0000","1.0000","1.0000","0.0000","0.0000"
"100002019","BOAL01186-BOAL00340-BOAL00343-BOAL00347-BOAL00349","1.0000","1.0000","1.0000","0.0000","0.0000"
"100002019","BOAL00340","2.0000","1.0000","1.0000","0.0000","0.0000"
"100002019","BOAL00343","2.0000","1.0000","1.0000","0.0000","0.0000"
"100002019","BOAL00347","2.0000","1.0000","1.0000","0.0000","0.0000"
"100002019","BOAL00349","2.0000","1.0000","1.0000","0.0000","0.0000"
"100002019","BOAL00198","1.0000","1.0000","1.0000","0.0000","0.0000"
"100002020","BOAL01387-BOAL00208-BOAL00264-BOAL00222","1.0000","1.0000","1.0000","0.0000","0.0000"
"100002020","BOAL00208","1.0000","1.0000","1.0000","0.0000","0.0000"
"100002020","BOAL00264","1.0000","1.0000","1.0000","0.0000","0.0000"
"100002020","BOAL00222","1.0000","1.0000","1.0000","0.0000","0.0000"
"100002020","BOAL00229","2.0000","2.0000","2.0000","0.0000","0.0000"
"100002021","BOVE00764","5.0000","5.0000","5.0000","0.0000","0.0000"
"100002022","BOUU00017","1.0000","1.0000","1.0000","0.0000","0.0000"
"100002023","BOVA01459","1.0000","1.0000","1.0000","0.0000","0.0000"
"100002024","BOVE00374","1.0000","1.0000","1.0000","0.0000","0.0000"
"100002025","BOVA00429","6.0000","6.0000","6.0000","0.0000","0.0000"
"100002026","BOBB00058","1.0000","1.0000","1.0000","0.0000","0.0000"
"100002027","BOVE00060","2.0000","2.0000","2.0000","0.0000","0.0000"
"100002028","BOAL01242-BOAL00428-BOAL00433-BOAL00434","2.0000","2.0000","2.0000","0.0000","0.0000"
"100002028","BOAL00428","2.0000","1.0000","1.0000","0.0000","0.0000"
"100002028","BOAL00433","2.0000","1.0000","1.0000","0.0000","0.0000"
"100002028","BOAL00434","2.0000","1.0000","1.0000","0.0000","0.0000"
"100002029","BOBB00019","1.0000","1.0000","1.0000","0.0000","0.0000"
"100002029","BOBB00018","1.0000","1.0000","1.0000","0.0000","0.0000"
"100002030","CCS0010003","1.0000","1.0000","1.0000","0.0000","0.0000"
"100002031","BOVA01261","4.0000","4.0000","4.0000","0.0000","0.0000"
"100002031","BOVA01235","2.0000","2.0000","2.0000","0.0000","0.0000"
"100002031","BOVA01231","2.0000","2.0000","2.0000","0.0000","0.0000"
"100002031","BOVA01247","1.0000","1.0000","1.0000","0.0000","0.0000"
"100002031","BOVA01268","12.0000","12.0000","12.0000","0.0000","0.0000"
"100002032","BOAL00720","1.0000","1.0000","1.0000","0.0000","0.0000"
"100002033","BOVE00287","7.0000","7.0000","7.0000","0.0000","0.0000"
"100002034","BOVE00516","2.0000","0.0000","0.0000","2.0000","0.0000"
"100002035","BOAL00923","6.0000","6.0000","6.0000","0.0000","0.0000"
"200000008","BOVE00343","1.0000","1.0000","1.0000","0.0000","0.0000"
"100002036","BOBB00116","1.0000","1.0000","1.0000","0.0000","0.0000"
"100002037","VOL00048","5.0000","5.0000","5.0000","0.0000","0.0000"
"100002038","BOVA01201","8.0000","8.0000","8.0000","0.0000","0.0000"
"100002039","BOBB00038","1.0000","1.0000","1.0000","0.0000","0.0000"
"100002040","BOAL00954","2.0000","2.0000","2.0000","0.0000","0.0000"
"100002040","BOAL00941","2.0000","2.0000","2.0000","0.0000","0.0000"
"100002040","BOAL00955","2.0000","2.0000","2.0000","0.0000","0.0000"
"100002040","BOAL00764","2.0000","2.0000","2.0000","0.0000","0.0000"
"100002041","BOVE00374","2.0000","2.0000","2.0000","0.0000","0.0000"
"100002042","BAM0010002","1.0000","1.0000","1.0000","0.0000","0.0000"
"100002042","BAM0010004","2.0000","2.0000","2.0000","0.0000","0.0000"
"100002042","BAM0010003","1.0000","1.0000","1.0000","0.0000","0.0000"
"100002043","ME00C51","1.0000","1.0000","0.0000","0.0000","1.0000"
"100002044","BOAL01391S-BOAL00264-BOAL00198-BOAL00241-BOAL00222","1.0000","0.0000","0.0000","1.0000","0.0000"
"100002044","BOAL00264","2.0000","0.0000","0.0000","0.0000","0.0000"
"100002044","BOAL00198","2.0000","0.0000","0.0000","0.0000","0.0000"
"100002044","BOAL00241","2.0000","0.0000","0.0000","0.0000","0.0000"
"100002044","BOAL00222","2.0000","0.0000","0.0000","0.0000","0.0000"
"100002045","BOBB00038","1.0000","1.0000","1.0000","0.0000","0.0000"
"100002046","BOAL01183-BOAL00327-BOAL00328-BOAL00329-BOAL00330","1.0000","1.0000","1.0000","0.0000","0.0000"
"100002046","BOAL00327","2.0000","1.0000","1.0000","0.0000","0.0000"
"100002046","BOAL00328","2.0000","1.0000","1.0000","0.0000","0.0000"
"100002046","BOAL00329","2.0000","1.0000","1.0000","0.0000","0.0000"
"100002046","BOAL00330","2.0000","1.0000","1.0000","0.0000","0.0000"
"100002047","ME00C127","1.0000","0.0000","0.0000","1.0000","0.0000"
"100002048","BOBB00038","2.0000","2.0000","2.0000","0.0000","0.0000"
"100002049","BOAL00721","2.0000","2.0000","2.0000","0.0000","0.0000"
"100002050","BOCI00505","20.0000","20.0000","20.0000","0.0000","0.0000"
"200000009","CPRSTY0002","408.0000","408.0000","408.0000","0.0000","0.0000"
"200000009","CPRSTY0001","408.0000","408.0000","408.0000","0.0000","0.0000"
"200000009","CSA0010002","400.0000","400.0000","400.0000","0.0000","0.0000"
"200000009","CSA0010001","100.0000","100.0000","100.0000","0.0000","0.0000"
"200000009","CPRSTY0003","408.0000","408.0000","408.0000","0.0000","0.0000"
"200000009","BOVE00679","20.0000","20.0000","20.0000","0.0000","0.0000"
"200000009","BOVE00724","60.0000","60.0000","60.0000","0.0000","0.0000"
"200000009","ME00217","20.0000","20.0000","20.0000","0.0000","0.0000"
"200000009","BOVA01526","350.0000","350.0000","350.0000","0.0000","0.0000"
"200000009","BOVA00486","50.0000","50.0000","50.0000","0.0000","0.0000"
"200000009","BOVA00521","20.0000","20.0000","20.0000","0.0000","0.0000"
"200000009","BOVE00558","18.0000","18.0000","18.0000","0.0000","0.0000"
"200000009","BOVE00283","59.0000","59.0000","59.0000","0.0000","0.0000"
"100002051","BOAL01174C-BOAL00317-BOAL00321-BOAL00323-BOAL00325","1.0000","0.0000","0.0000","1.0000","0.0000"
"100002051","BOAL00317","2.0000","0.0000","0.0000","0.0000","0.0000"
"100002051","BOAL00321","2.0000","0.0000","0.0000","0.0000","0.0000"
"100002051","BOAL00323","2.0000","0.0000","0.0000","0.0000","0.0000"
"100002051","BOAL00325","2.0000","0.0000","0.0000","0.0000","0.0000"
"100002052","BOAL01174C-BOAL00317-BOAL00321-BOAL00323-BOAL00325","1.0000","0.0000","0.0000","1.0000","0.0000"
"100002052","BOAL00317","2.0000","0.0000","0.0000","0.0000","0.0000"
"100002052","BOAL00321","2.0000","0.0000","0.0000","0.0000","0.0000"
"100002052","BOAL00323","2.0000","0.0000","0.0000","0.0000","0.0000"
"100002052","BOAL00325","2.0000","0.0000","0.0000","0.0000","0.0000"
"100002053","BOAL01174C-BOAL00317-BOAL00321-BOAL00323-BOAL00325","1.0000","0.0000","0.0000","1.0000","0.0000"
"100002053","BOAL00317","2.0000","0.0000","0.0000","0.0000","0.0000"
"100002053","BOAL00321","2.0000","0.0000","0.0000","0.0000","0.0000"
"100002053","BOAL00323","2.0000","0.0000","0.0000","0.0000","0.0000"
"100002053","BOAL00325","2.0000","0.0000","0.0000","0.0000","0.0000"
"100002054","ME00C127","1.0000","0.0000","0.0000","1.0000","0.0000"
"100002055","ME00C127","1.0000","1.0000","1.0000","0.0000","0.0000"
"100002056","BOVE00467","1.0000","1.0000","1.0000","0.0000","0.0000"
"100002057","ME00C127","1.0000","1.0000","1.0000","0.0000","0.0000"
"100002058","BOAL00411","2.0000","2.0000","2.0000","0.0000","0.0000"
"100002058","BOAL00409","2.0000","2.0000","2.0000","0.0000","0.0000"
"100002058","BOAL00454","1.0000","1.0000","1.0000","0.0000","0.0000"
"100002058","BOAL00417","1.0000","1.0000","1.0000","0.0000","0.0000"
"100002059","BOVE00756","1.0000","1.0000","1.0000","0.0000","0.0000"
"100002059","BOVE00138","1.0000","1.0000","1.0000","0.0000","0.0000"
"100002059","BOVE00139","1.0000","1.0000","1.0000","0.0000","0.0000"
"100002060","CCS0010002","2.0000","2.0000","2.0000","0.0000","0.0000"
"100002060","CCS0010015","2.0000","2.0000","2.0000","0.0000","0.0000"
"100002060","CCS0010013","1.0000","1.0000","1.0000","0.0000","0.0000"
"100002061","CCS0010003","1.0000","1.0000","1.0000","0.0000","0.0000"
"100002062","ME00C127","1.0000","1.0000","1.0000","0.0000","0.0000"
"100002063","ME00C113","1.0000","1.0000","1.0000","0.0000","0.0000"
"100002063","ME00C24","2.0000","2.0000","2.0000","0.0000","0.0000"
"100002063","BOCI00741","1.0000","1.0000","1.0000","0.0000","0.0000"
"100002064","BOAL01502","2.0000","2.0000","2.0000","0.0000","0.0000"
"100002065","CCS0010011","2.0000","2.0000","2.0000","0.0000","0.0000"
"100002065","CCS0010013","2.0000","2.0000","2.0000","0.0000","0.0000"
"100002065","CCS0010005","2.0000","2.0000","2.0000","0.0000","0.0000"
"100002065","CCS0010001","1.0000","1.0000","1.0000","0.0000","0.0000"
"100002066","BOVA01086","6.0000","6.0000","6.0000","0.0000","0.0000"
"100002066","BOVE00420","1.0000","1.0000","1.0000","0.0000","0.0000"
"100002066","BOVE00422","1.0000","1.0000","1.0000","0.0000","0.0000"
"100002067","BOVE00111","6.0000","6.0000","6.0000","0.0000","0.0000"
"100002067","BOUU00027","2.0000","2.0000","2.0000","0.0000","0.0000"
"100002067","BOBB00074","1.0000","1.0000","1.0000","0.0000","0.0000"
"100002067","BOCI00800","1.0000","1.0000","1.0000","0.0000","0.0000"
"100002068","BOVE00374","3.0000","3.0000","3.0000","0.0000","0.0000"
"100002069","CCS0010002","2.0000","2.0000","2.0000","0.0000","0.0000"
"100002070","BOCI00628","4.0000","4.0000","4.0000","0.0000","0.0000"
"100002071","BOVA01199","14.0000","14.0000","14.0000","0.0000","0.0000"
"100002072","BOAL00222","2.0000","2.0000","2.0000","0.0000","0.0000"
"100002072","BOAL00231","2.0000","2.0000","2.0000","0.0000","0.0000"
"100002073","BOAL00768","1.0000","1.0000","1.0000","0.0000","0.0000"
"100002074","BOVE00444","1.0000","1.0000","1.0000","0.0000","0.0000"
"100002075","BOCI00639","1.0000","1.0000","1.0000","0.0000","0.0000"
"100002076","CAR0010002","2.0000","2.0000","2.0000","0.0000","0.0000"
"100002077","BOVA00535","6.0000","0.0000","0.0000","6.0000","0.0000"
"100002078","BOVE00017","1.0000","1.0000","1.0000","0.0000","0.0000"
"100002079","BOVE00391","2.0000","2.0000","2.0000","0.0000","0.0000"
"100002080","BOAL00713","20.0000","20.0000","20.0000","0.0000","0.0000"
"100002081","BOVE00557","2.0000","2.0000","2.0000","0.0000","0.0000"
"100002082","BOAL01507","2.0000","2.0000","2.0000","0.0000","0.0000"
"100002082","BOAL01508","2.0000","2.0000","2.0000","0.0000","0.0000"
"100002083","BOVE00482","2.0000","2.0000","2.0000","0.0000","0.0000"
"100002083","BOVE00483","1.0000","1.0000","1.0000","0.0000","0.0000"
"100002084","BOVE00013","1.0000","1.0000","1.0000","0.0000","0.0000"
"100002085","BOBB00266","1.0000","1.0000","1.0000","0.0000","0.0000"
"100002085","BOBB00265","1.0000","1.0000","1.0000","0.0000","0.0000"
"100002086","FFE0010002","1.0000","1.0000","1.0000","0.0000","0.0000"
"100002086","BOAL01182-BOAL00327-BOAL00328-BOAL00329-BOAL00330","1.0000","1.0000","1.0000","0.0000","0.0000"
"100002086","BOAL00327","1.0000","1.0000","1.0000","0.0000","0.0000"
"100002086","BOAL00328","1.0000","1.0000","1.0000","0.0000","0.0000"
"100002086","BOAL00329","1.0000","1.0000","1.0000","0.0000","0.0000"
"100002086","BOAL00330","1.0000","1.0000","1.0000","0.0000","0.0000"
"100002087","BOCI00446","1.0000","1.0000","1.0000","0.0000","0.0000"
"100002088","BOVE00160","1.0000","1.0000","1.0000","0.0000","0.0000"
"100002088","BOVE00654","1.0000","1.0000","1.0000","0.0000","0.0000"
"100002089","CCS0010014","3.0000","3.0000","3.0000","0.0000","0.0000"
"100002089","FFE0010003","1.0000","1.0000","1.0000","0.0000","0.0000"
"100002090","BOAL00711","1.0000","1.0000","1.0000","0.0000","0.0000"
"100002090","CNN0050002","1.0000","1.0000","1.0000","0.0000","0.0000"
"100002091","BOVE00521","1.0000","1.0000","1.0000","0.0000","0.0000"
"100002092","BOVE00615","2.0000","2.0000","2.0000","0.0000","0.0000"
"100002093","CCS0010002","2.0000","2.0000","2.0000","0.0000","0.0000"
"100002093","CCS0010011","2.0000","2.0000","2.0000","0.0000","0.0000"
"100002093","CCS0010001","2.0000","2.0000","2.0000","0.0000","0.0000"
"100002094","CCS0010005","2.0000","0.0000","0.0000","2.0000","0.0000"
"100002094","CCS0010001","1.0000","0.0000","0.0000","1.0000","0.0000"
"100002094","CCS0010003","1.0000","0.0000","0.0000","1.0000","0.0000"
"100002095","BOCI00398","1.0000","1.0000","1.0000","0.0000","0.0000"
"100002096","CCS0010008","1.0000","1.0000","1.0000","0.0000","0.0000"
"100002097","LLW0010001","1.0000","1.0000","1.0000","0.0000","0.0000"
"100002098","BOCI00544","1.0000","1.0000","1.0000","0.0000","0.0000"
"100002099","CCS0010005","2.0000","2.0000","2.0000","0.0000","0.0000"
"100002099","CCS0010001","1.0000","1.0000","1.0000","0.0000","0.0000"
"100002099","CCS0010003","1.0000","1.0000","1.0000","0.0000","0.0000"
"100002100","BOVE00224","2.0000","2.0000","2.0000","0.0000","0.0000"
"100002101","LLW0010002","1.0000","1.0000","1.0000","0.0000","0.0000"
"100002102","BOVE00283","1.0000","1.0000","1.0000","0.0000","0.0000"
"100002103","BOCI00605","3.0000","3.0000","3.0000","0.0000","0.0000"
"100002104","BOCI00792","1.0000","1.0000","1.0000","0.0000","0.0000"
"100002105","BOVE00250","1.0000","1.0000","1.0000","0.0000","0.0000"
"100002106","BOVE00503","1.0000","1.0000","1.0000","0.0000","0.0000"
"100002107","BOVE00108","2.0000","2.0000","2.0000","0.0000","0.0000"
"100002108","CBRBAV0001","1.0000","0.0000","0.0000","1.0000","0.0000"
"100002109","CBRBAV0001","1.0000","0.0000","0.0000","1.0000","0.0000"
"100002110","CBRBAV0001","1.0000","1.0000","1.0000","0.0000","0.0000"
"100002111","BOVE00374","2.0000","2.0000","2.0000","0.0000","0.0000"
"100002112","BOBB00187","1.0000","1.0000","1.0000","0.0000","0.0000"
"100002113","BOVE00117","3.0000","3.0000","3.0000","0.0000","0.0000"
"400000004","BOVE00797-BOVE00796-BOVE00795-BOVE00794","9.0000","9.0000","9.0000","0.0000","0.0000"
"400000004","BOVE00796","9.0000","1.0000","1.0000","0.0000","0.0000"
"400000004","BOVE00795","9.0000","1.0000","1.0000","0.0000","0.0000"
"400000004","BOVE00794","9.0000","1.0000","1.0000","0.0000","0.0000"
"100002114","CCS0010001","3.0000","3.0000","3.0000","0.0000","0.0000"
"100002114","CCS0010003","2.0000","2.0000","2.0000","0.0000","0.0000"
"100002115","BOVE00446","1.0000","1.0000","1.0000","0.0000","0.0000"
"100002116","BOCI00644","1.0000","1.0000","1.0000","0.0000","0.0000"
"100002117","BOVE00324","2.0000","2.0000","2.0000","0.0000","0.0000"
"100002118","ME00C127","1.0000","1.0000","1.0000","0.0000","0.0000"
"100002118","BOVE00638","1.0000","1.0000","1.0000","0.0000","0.0000"
"100002118","BOVE00639","1.0000","1.0000","1.0000","0.0000","0.0000"
"100002119","BOVE00313","2.0000","2.0000","2.0000","0.0000","0.0000"
"100002120","SDO0011059","1.0000","1.0000","1.0000","0.0000","0.0000"
"100002120","BOVE00387","1.0000","1.0000","1.0000","0.0000","0.0000"
"100002121","CBR0050001","1.0000","1.0000","1.0000","0.0000","0.0000"
"100002122","BOVE00086","1.0000","1.0000","1.0000","0.0000","0.0000"
"100002123","BOCI00488","1.0000","1.0000","1.0000","0.0000","0.0000"
"100002123","CFU0010006","1.0000","1.0000","1.0000","0.0000","0.0000"
"100002123","BOCI00455","1.0000","1.0000","1.0000","0.0000","0.0000"
"100002123","BOCI00459","1.0000","1.0000","1.0000","0.0000","0.0000"
"100002123","BOCI00340","1.0000","1.0000","1.0000","0.0000","0.0000"
"100002123","BOCI00356","1.0000","1.0000","1.0000","0.0000","0.0000"
"100002123","BOCI00306","1.0000","1.0000","1.0000","0.0000","0.0000"
"100002123","BOCI00413","1.0000","1.0000","1.0000","0.0000","0.0000"
"100002123","BOCI00291","1.0000","1.0000","1.0000","0.0000","0.0000"
"100002123","BOCI00360","1.0000","1.0000","1.0000","0.0000","0.0000"
"100002123","BOCI00661","1.0000","1.0000","1.0000","0.0000","0.0000"
"100002123","BOCI00577","1.0000","1.0000","1.0000","0.0000","0.0000"
"300000011","BOVA01334","1.0000","0.0000","0.0000","1.0000","0.0000"
"100002124","BOVE00307","1.0000","0.0000","0.0000","1.0000","0.0000"
"100002125","BOCI00398","1.0000","1.0000","1.0000","0.0000","0.0000"
"100002126","BOVE00149","3.0000","3.0000","3.0000","0.0000","0.0000"
"100002127","CAR0010002","1.0000","1.0000","1.0000","0.0000","0.0000"
"100002128","BOVE00307","1.0000","0.0000","0.0000","1.0000","0.0000"
"100002129","BBR0010002","1.0000","1.0000","1.0000","0.0000","0.0000"
"100002130","BOVE00386","1.0000","1.0000","1.0000","0.0000","0.0000"
"100002131","CCS0010005","2.0000","2.0000","2.0000","0.0000","0.0000"
"100002131","CCS0010011","2.0000","2.0000","2.0000","0.0000","0.0000"
"100002131","CCS0010012","1.0000","1.0000","1.0000","0.0000","0.0000"
"100002131","BOVE00615","1.0000","1.0000","1.0000","0.0000","0.0000"
"100002131","BOBB00018","1.0000","1.0000","1.0000","0.0000","0.0000"
"100002132","BOVE00307","1.0000","0.0000","0.0000","1.0000","0.0000"
"100002133","BOVE00307","1.0000","1.0000","1.0000","0.0000","0.0000"
"100002134","CCS0030005","3.0000","0.0000","0.0000","3.0000","0.0000"
"100002135","BOVE00110","1.0000","1.0000","1.0000","0.0000","0.0000"
"100002136","CFU0010006","2.0000","2.0000","2.0000","0.0000","0.0000"
"100002137","BOVA01164","2.0000","2.0000","2.0000","0.0000","0.0000"
"100002138","CBR0030002","1.0000","1.0000","1.0000","0.0000","0.0000"
"100002138","ME00061","1.0000","1.0000","1.0000","0.0000","1.0000"
"100002139","ME00C127","1.0000","1.0000","1.0000","0.0000","0.0000"
"100002140","BOBB00192","1.0000","1.0000","1.0000","0.0000","0.0000"
"100002141","BOBB00034","1.0000","0.0000","0.0000","1.0000","0.0000"
"100002142","BBR0010002","1.0000","1.0000","1.0000","0.0000","0.0000"
"100002143","BOVA01184","6.0000","6.0000","6.0000","0.0000","0.0000"
"100002144","BOVE00505","3.0000","3.0000","3.0000","0.0000","0.0000"
"100002144","BOVA01081","8.0000","8.0000","8.0000","0.0000","0.0000"
"100002145","BOVE00101","2.0000","0.0000","0.0000","2.0000","0.0000"
"100002145","CCS0010011","2.0000","0.0000","0.0000","2.0000","0.0000"
"100002145","BOVE00203","2.0000","0.0000","0.0000","2.0000","0.0000"
"100002146","BOVE00101","2.0000","2.0000","2.0000","0.0000","0.0000"
"100002146","CCS0010011","2.0000","2.0000","2.0000","0.0000","0.0000"
"100002146","BOVE00203","2.0000","2.0000","2.0000","0.0000","0.0000"
"100002147","BOVE00200","1.0000","1.0000","1.0000","0.0000","0.0000"
"100002148","CCS0030005","3.0000","3.0000","3.0000","0.0000","0.0000"
"100002149","BAR0120001","2.0000","2.0000","2.0000","0.0000","0.0000"
"100002150","CCS0010012","3.0000","0.0000","0.0000","3.0000","0.0000"
"100002151","BOVE00351","1.0000","0.0000","0.0000","1.0000","0.0000"
"100002152","CCS0010012","3.0000","3.0000","3.0000","0.0000","0.0000"
"100002153","BOVE00351","1.0000","1.0000","1.0000","0.0000","0.0000"
"100002154","BOAL00719","4.0000","4.0000","4.0000","0.0000","0.0000"
"100002155","BOVE00445","1.0000","1.0000","1.0000","0.0000","0.0000"
"100002156","BOVE00797-BOVE00796-BOVE00795-BOVE00794","4.0000","4.0000","4.0000","0.0000","0.0000"
"100002156","BOVE00796","4.0000","1.0000","1.0000","0.0000","0.0000"
"100002156","BOVE00795","4.0000","1.0000","1.0000","0.0000","0.0000"
"100002156","BOVE00794","4.0000","1.0000","1.0000","0.0000","0.0000"
"100002157","BOCI00316","1.0000","1.0000","1.0000","0.0000","0.0000"
"100002158","BOCI00749","2.0000","2.0000","2.0000","0.0000","0.0000"
"100002159","BOCI00544","1.0000","0.0000","0.0000","1.0000","0.0000"
"100002160","BOCI00544","1.0000","1.0000","1.0000","0.0000","0.0000"
"100002161","BOAL00220","2.0000","2.0000","2.0000","0.0000","0.0000"
"100002161","BOAL00246","1.0000","1.0000","1.0000","0.0000","0.0000"
"100002162","BA00024","2.0000","2.0000","2.0000","0.0000","0.0000"
"100002163","BOCI00360","1.0000","1.0000","1.0000","0.0000","0.0000"
"100002164","BOVE00363","5.0000","5.0000","5.0000","0.0000","0.0000"
"400000005","CAR0080002","3.0000","3.0000","3.0000","0.0000","0.0000"
"100002165","BOVE00503","1.0000","1.0000","1.0000","0.0000","0.0000"
"100002166","BOAL00716","2.0000","2.0000","2.0000","0.0000","0.0000"
"100002167","BOVE00077","2.0000","2.0000","2.0000","0.0000","0.0000"
"100002168","BOVE00511","1.0000","0.0000","0.0000","1.0000","0.0000"
"100002169","BOAL01174-BOAL00317-BOAL00321-BOAL00323-BOAL00325","1.0000","1.0000","1.0000","0.0000","0.0000"
"100002169","BOAL00317","2.0000","1.0000","1.0000","0.0000","0.0000"
"100002169","BOAL00321","2.0000","1.0000","1.0000","0.0000","0.0000"
"100002169","BOAL00323","2.0000","1.0000","1.0000","0.0000","0.0000"
"100002169","BOAL00325","2.0000","1.0000","1.0000","0.0000","0.0000"
"100002170","BOBB00047","1.0000","1.0000","1.0000","0.0000","0.0000"
"100002171","BOAL00726","2.0000","2.0000","2.0000","0.0000","0.0000"
"100002171","BOAL00728","1.0000","1.0000","1.0000","0.0000","0.0000"
"100002172","BOAL01510","3.0000","3.0000","3.0000","0.0000","0.0000"
"100002173","BOBB00098","1.0000","1.0000","1.0000","0.0000","0.0000"
"100002174","BOVE00108","1.0000","0.0000","0.0000","1.0000","0.0000"
"100002175","BOVE00108","1.0000","0.0000","0.0000","1.0000","0.0000"
"100002176","BOVE00108","1.0000","0.0000","0.0000","1.0000","0.0000"
"100002177","BOVE00296","1.0000","1.0000","1.0000","0.0000","0.0000"
"100002178","BOVE00110","1.0000","1.0000","1.0000","0.0000","0.0000"
"100002178","BOVE00109","1.0000","1.0000","1.0000","0.0000","0.0000"
"100002179","BOVE00535","2.0000","2.0000","2.0000","0.0000","0.0000"
"100002179","CDU0010001","2.0000","2.0000","2.0000","0.0000","0.0000"
"100002179","BOVE00523","3.0000","3.0000","3.0000","0.0000","0.0000"
"100002179","BOVE00521","2.0000","2.0000","2.0000","0.0000","0.0000"
"100002180","BOAL00954","1.0000","1.0000","1.0000","0.0000","0.0000"
"100002181","BOAL00664","1.0000","1.0000","1.0000","0.0000","0.0000"
"100002181","BOAL00665","1.0000","1.0000","1.0000","0.0000","0.0000"
"100002181","BOAL00668","1.0000","1.0000","1.0000","0.0000","0.0000"
"100002182","BOVE00588","1.0000","1.0000","1.0000","0.0000","0.0000"
"100002183","BOVE00108","1.0000","0.0000","0.0000","1.0000","0.0000"
"100002184","BOVE00797-BOVE00796-BOVE00795-BOVE00794","2.0000","2.0000","2.0000","0.0000","0.0000"
"100002184","BOVE00796","2.0000","1.0000","1.0000","0.0000","0.0000"
"100002184","BOVE00795","2.0000","1.0000","1.0000","0.0000","0.0000"
"100002184","BOVE00794","2.0000","1.0000","1.0000","0.0000","0.0000"
"100002185","BOVE00797-BOVE00796-BOVE00795-BOVE00794","6.0000","6.0000","6.0000","0.0000","0.0000"
"100002185","BOVE00796","6.0000","1.0000","1.0000","0.0000","0.0000"
"100002185","BOVE00795","6.0000","1.0000","1.0000","0.0000","0.0000"
"100002185","BOVE00794","6.0000","1.0000","1.0000","0.0000","0.0000"
"100002186","CCS0010011","1.0000","1.0000","1.0000","0.0000","0.0000"
"100002187","BOVE00422","1.0000","1.0000","1.0000","0.0000","0.0000"
"100002188","BOVE00114","2.0000","2.0000","2.0000","0.0000","0.0000"
"100002189","BOVE00224","3.0000","0.0000","0.0000","3.0000","0.0000"
"100002190","BOVE00147","1.0000","1.0000","1.0000","0.0000","0.0000"
"100002190","BOVE00149","1.0000","1.0000","1.0000","0.0000","0.0000"
"100002190","BOVE00005","1.0000","1.0000","1.0000","0.0000","0.0000"
"100002190","BOVE00556","1.0000","1.0000","1.0000","0.0000","0.0000"
"100002191","BOVE00313","1.0000","1.0000","1.0000","0.0000","0.0000"
"100002192","BOVA01217","1.0000","0.0000","0.0000","1.0000","0.0000"
"100002193","BOVA01217","1.0000","1.0000","1.0000","0.0000","0.0000"
"100002194","ME00C127","1.0000","1.0000","1.0000","0.0000","0.0000"
"100002194","BOCI00590","1.0000","1.0000","1.0000","0.0000","0.0000"
"100002194","BOVA01240","1.0000","1.0000","1.0000","0.0000","0.0000"
"100002194","BOAL00923","2.0000","2.0000","2.0000","0.0000","0.0000"
"100002195","BOVE00658","1.0000","0.0000","0.0000","1.0000","0.0000"
"100002196","BOVE00658","1.0000","1.0000","1.0000","0.0000","0.0000"
"100002197","BOVE00454","2.0000","2.0000","2.0000","0.0000","0.0000"
"100002198","BOUU00020","2.0000","2.0000","2.0000","0.0000","0.0000"
"100002199","BOVA00762","2.0000","2.0000","2.0000","0.0000","0.0000"
"100002200","BOVE00224","1.0000","0.0000","0.0000","1.0000","0.0000"
"100002201","BOVE00224","1.0000","1.0000","1.0000","0.0000","0.0000"
"100002202","BBR0010002","1.0000","1.0000","1.0000","0.0000","0.0000"
"100002203","ME00C127","1.0000","1.0000","1.0000","0.0000","0.0000"
"100002204","BOCI00784","20.0000","20.0000","20.0000","0.0000","0.0000"
"100002205","BOVE00403","2.0000","2.0000","2.0000","0.0000","0.0000"
"100002206","BOVE00108","1.0000","1.0000","1.0000","0.0000","0.0000"
"100002207","BOAL00031","2.0000","2.0000","2.0000","0.0000","0.0000"
"100002208","BOVE00224","2.0000","2.0000","2.0000","0.0000","0.0000"
"100002209","BOAL00662","1.0000","1.0000","1.0000","0.0000","0.0000"
"100002209","BOAL00663","1.0000","1.0000","1.0000","0.0000","0.0000"
"100002209","BOAL00656","1.0000","1.0000","1.0000","0.0000","0.0000"
"100002209","BOAL00661","1.0000","1.0000","1.0000","0.0000","0.0000"
"100002210","BOVA01214","1.0000","0.0000","0.0000","1.0000","0.0000"
"100002211","BOVA01214","1.0000","0.0000","0.0000","1.0000","0.0000"
"100002212","BOVA01214","1.0000","0.0000","0.0000","1.0000","0.0000"
"100002213","BOVA01214","2.0000","0.0000","0.0000","2.0000","0.0000"
"100002214","BOVA01214","2.0000","2.0000","2.0000","0.0000","0.0000"
"100002215","BOVA01086","7.0000","0.0000","0.0000","7.0000","0.0000"
"100002216","BOVE00797-BOVE00796-BOVE00795-BOVE00794","12.0000","12.0000","12.0000","0.0000","0.0000"
"100002216","BOVE00796","12.0000","1.0000","1.0000","0.0000","0.0000"
"100002216","BOVE00795","12.0000","1.0000","1.0000","0.0000","0.0000"
"100002216","BOVE00794","12.0000","1.0000","1.0000","0.0000","0.0000"
"100002217","BOCI00705","1.0000","1.0000","1.0000","0.0000","0.0000"
"100002218","BOBB00038","1.0000","1.0000","1.0000","0.0000","0.0000"
"100002219","BOVE00084","1.0000","1.0000","1.0000","0.0000","0.0000"
"100002220","CAR0060001","1.0000","0.0000","0.0000","1.0000","0.0000"
"100002221","CAR0060001","1.0000","1.0000","1.0000","0.0000","0.0000"
"100002222","BOCI00573","1.0000","0.0000","0.0000","1.0000","0.0000"
"100002223","BOVE00359","1.0000","1.0000","1.0000","0.0000","0.0000"
"100002223","BOBB00270","1.0000","1.0000","1.0000","0.0000","0.0000"
"100002224","ME00C24","2.0000","2.0000","2.0000","0.0000","0.0000"
"100002225","BOVE00503","1.0000","1.0000","1.0000","0.0000","0.0000"
"100002226","BOVE00113","1.0000","1.0000","1.0000","0.0000","0.0000"
"100002227","BOVE00113","1.0000","1.0000","1.0000","0.0000","0.0000"
"100002228","BOVA01286","10.0000","10.0000","10.0000","0.0000","0.0000"
"100002229","CLBATE0001","1.0000","1.0000","1.0000","0.0000","0.0000"
"100002230","BOAL00347","2.0000","2.0000","2.0000","0.0000","0.0000"
"100002230","BOAL00343","1.0000","1.0000","1.0000","0.0000","0.0000"
"100002231","BOBB00270","1.0000","1.0000","1.0000","0.0000","0.0000"
"100002231","BOBB00035","1.0000","1.0000","1.0000","0.0000","0.0000"
"100002232","BOVA01386","6.0000","6.0000","6.0000","0.0000","0.0000"
"100002232","BOVA01385","6.0000","6.0000","6.0000","0.0000","0.0000"
"100002233","BOVE00380","25.0000","25.0000","25.0000","0.0000","0.0000"
"100002234","BOBB00058","1.0000","1.0000","1.0000","0.0000","0.0000"
"100002234","BOBB00069","1.0000","1.0000","1.0000","0.0000","0.0000"
"100002234","SDO0011059","1.0000","1.0000","1.0000","0.0000","0.0000"
"100002235","CBRBAV0002","1.0000","1.0000","1.0000","0.0000","0.0000"
"100002236","BOCI00822","1.0000","1.0000","1.0000","0.0000","0.0000"
"100002237","CBR0010003","2.0000","2.0000","2.0000","0.0000","0.0000"
"100002238","BOVE00537","1.0000","1.0000","1.0000","0.0000","0.0000"
"100002238","BOBB00266","1.0000","1.0000","1.0000","0.0000","0.0000"
"100002239","BOAL01173-BOAL00317-BOAL00321-BOAL00323-BOAL00325","1.0000","1.0000","1.0000","0.0000","0.0000"
"100002239","BOAL00317","1.0000","1.0000","1.0000","0.0000","0.0000"
"100002239","BOAL00321","1.0000","1.0000","1.0000","0.0000","0.0000"
"100002239","BOAL00323","1.0000","1.0000","1.0000","0.0000","0.0000"
"100002239","BOAL00325","1.0000","1.0000","1.0000","0.0000","0.0000"
"100002240","BOCI00645","1.0000","1.0000","1.0000","0.0000","0.0000"
"100002240","BOCI00581","1.0000","1.0000","1.0000","0.0000","0.0000"
"100002241","BOVE00444","1.0000","1.0000","1.0000","0.0000","0.0000"
"100002242","ME00077","1.0000","1.0000","1.0000","0.0000","0.0000"
"100002243","BOVE00512","1.0000","1.0000","1.0000","0.0000","0.0000"
"100002244","CCS0010002","1.0000","0.0000","0.0000","1.0000","0.0000"
"100002245","CCS0010002","1.0000","1.0000","1.0000","0.0000","0.0000"
"100002246","CBR0020001","1.0000","1.0000","1.0000","0.0000","0.0000"
"100002247","BOVA01402","6.0000","6.0000","6.0000","0.0000","0.0000"
"100002248","BOBB00086","1.0000","1.0000","1.0000","0.0000","0.0000"
"100002249","BOVE00444","1.0000","0.0000","0.0000","1.0000","0.0000"
"100002250","BOVE00444","1.0000","1.0000","1.0000","0.0000","0.0000"
"100002251","ME00C151","1.0000","1.0000","1.0000","0.0000","0.0000"
"100002252","BOAL00393","1.0000","1.0000","1.0000","0.0000","0.0000"
"100002253","BOVE00099","1.0000","1.0000","1.0000","0.0000","0.0000"
"100002254","BOCI00399","2.0000","2.0000","2.0000","0.0000","0.0000"
"100002255","BOVE00777","2.0000","2.0000","2.0000","0.0000","0.0000"
"100002256","BOVE00626","2.0000","2.0000","2.0000","0.0000","0.0000"
"100002257","BOVE00797-BOVE00796-BOVE00795-BOVE00794","24.0000","24.0000","24.0000","0.0000","0.0000"
"100002257","BOVE00796","24.0000","1.0000","1.0000","0.0000","0.0000"
"100002257","BOVE00795","24.0000","1.0000","1.0000","0.0000","0.0000"
"100002257","BOVE00794","24.0000","1.0000","1.0000","0.0000","0.0000"
"100002258","CCS0010004","2.0000","2.0000","2.0000","0.0000","0.0000"
"100002259","BOVA00740","6.0000","0.0000","0.0000","6.0000","0.0000"
"100002260","BOAL00712","10.0000","10.0000","10.0000","0.0000","0.0000"
"100002260","BOVE00630","8.0000","8.0000","8.0000","0.0000","0.0000"
"100002260","BOCI00590","2.0000","2.0000","2.0000","0.0000","0.0000"
"100002260","BOBB00082","1.0000","1.0000","1.0000","0.0000","0.0000"
"100002260","BOBB00009","2.0000","2.0000","2.0000","0.0000","0.0000"
"100002260","BOAL00797","3.0000","3.0000","3.0000","0.0000","0.0000"
"100002261","BOVE00313","4.0000","4.0000","4.0000","0.0000","0.0000"
"100002262","BOVE00295","1.0000","1.0000","1.0000","0.0000","0.0000"
"100002263","BOUU00034","1.0000","0.0000","0.0000","1.0000","0.0000"
"100002264","BOAL00107","1.0000","1.0000","1.0000","0.0000","0.0000"
"100002265","BOBB00063","1.0000","1.0000","1.0000","0.0000","0.0000"
"100002265","BOBB00292","1.0000","1.0000","1.0000","0.0000","0.0000"
"100002265","BOBB00059","1.0000","1.0000","1.0000","0.0000","0.0000"
"100002265","BOBB00062","1.0000","1.0000","1.0000","0.0000","0.0000"
"100002266","BOVE00224","1.0000","0.0000","0.0000","1.0000","0.0000"
"100002267","BOVE00503","1.0000","1.0000","1.0000","0.0000","0.0000"
"100002268","BOVE00378","5.0000","5.0000","5.0000","0.0000","0.0000"
"100002269","CAR0030001","1.0000","1.0000","1.0000","0.0000","0.0000"
"100002269","BOVE00278","1.0000","1.0000","1.0000","0.0000","0.0000"
"100002269","BOVE00116","2.0000","2.0000","2.0000","0.0000","0.0000"
"400000006","BOAL01187-BOAL00340-BOAL00343-BOAL00347-BOAL00349-BOAL00341-BOAL00345-BOAL00348","3.0000","3.0000","3.0000","0.0000","0.0000"
"400000006","BOAL00340","3.0000","1.0000","1.0000","0.0000","0.0000"
"400000006","BOAL00343","3.0000","1.0000","1.0000","0.0000","0.0000"
"400000006","BOAL00347","3.0000","1.0000","1.0000","0.0000","0.0000"
"400000006","BOAL00349","3.0000","1.0000","1.0000","0.0000","0.0000"
"400000006","BOAL00341","3.0000","1.0000","1.0000","0.0000","0.0000"
"400000006","BOAL00345","3.0000","1.0000","1.0000","0.0000","0.0000"
"400000006","BOAL00348","3.0000","1.0000","1.0000","0.0000","0.0000"
"100002270","BOVE00007","1.0000","1.0000","1.0000","0.0000","0.0000"
"100002271","BOCI00587","1.0000","1.0000","1.0000","0.0000","0.0000"
"100002272","BOAL01521","1.0000","0.0000","0.0000","1.0000","0.0000"
"100002273","BNN0010004","1.0000","1.0000","1.0000","0.0000","0.0000"
"100002274","BOVE00078","1.0000","1.0000","1.0000","0.0000","0.0000"
"100002274","BOVE00076","1.0000","1.0000","1.0000","0.0000","0.0000"
"100002275","BRE0010002","4.0000","4.0000","4.0000","0.0000","0.0000"
"100002276","CAR0010002","1.0000","1.0000","1.0000","0.0000","0.0000"
"100002277","BOCI00864","1.0000","1.0000","1.0000","0.0000","0.0000"
"100002277","BOAL01376-BOAL00206-BOAL00261-BOAL00219-BOAL00238-BOAL00187-BOAL00245","1.0000","1.0000","1.0000","0.0000","0.0000"
"100002277","BOAL00206","2.0000","1.0000","1.0000","0.0000","0.0000"
"100002277","BOAL00261","2.0000","1.0000","1.0000","0.0000","0.0000"
"100002277","BOAL00219","2.0000","1.0000","1.0000","0.0000","0.0000"
"100002277","BOAL00238","2.0000","1.0000","1.0000","0.0000","0.0000"
"100002277","BOAL00187","2.0000","1.0000","1.0000","0.0000","0.0000"
"100002277","BOAL00245","2.0000","1.0000","1.0000","0.0000","0.0000"
"100002278","BOVE00114","1.0000","1.0000","1.0000","0.0000","0.0000"
"100002279","BOCI00461","1.0000","1.0000","1.0000","0.0000","0.0000"
"100002280","BOCI00860","8.0000","8.0000","8.0000","0.0000","0.0000"
"100002281","BOAL00528","2.0000","0.0000","0.0000","2.0000","0.0000"
"100002282","BOAL00782","2.0000","2.0000","2.0000","0.0000","0.0000"
"100002283","CCS0010003","1.0000","1.0000","1.0000","0.0000","0.0000"
"100002284","BOVA01245","1.0000","1.0000","1.0000","0.0000","0.0000"
"100002284","BOVA01246","4.0000","4.0000","4.0000","0.0000","0.0000"
"100002284","BOVA00670","2.0000","2.0000","2.0000","0.0000","0.0000"
"100002285","CCS0010015","2.0000","2.0000","2.0000","0.0000","0.0000"
"100002286","ME00C113","1.0000","1.0000","1.0000","0.0000","0.0000"
"100002287","CARESS0002","10.0000","10.0000","0.0000","0.0000","10.0000"
"100002287","CARESS0001","10.0000","10.0000","10.0000","0.0000","0.0000"
"100002287","BOAL00796","7.0000","7.0000","7.0000","0.0000","0.0000"
"100002287","BOAL00784","5.0000","5.0000","5.0000","0.0000","0.0000"
"100002287","BOAL00785","5.0000","5.0000","5.0000","0.0000","0.0000"
"100002287","BOVE00108","2.0000","2.0000","2.0000","0.0000","0.0000"
"100002287","BOVE00284","2.0000","2.0000","2.0000","0.0000","0.0000"
"100002288","VOL00048","10.0000","10.0000","10.0000","0.0000","0.0000"
"100002289","BOVE00510","1.0000","1.0000","1.0000","0.0000","0.0000"
"100002290","ME00263","1.0000","1.0000","1.0000","0.0000","0.0000"
"100002290","ME00274","1.0000","1.0000","1.0000","0.0000","0.0000"
"100002290","ME00186","1.0000","1.0000","1.0000","0.0000","0.0000"
"100002291","CCS0010001","2.0000","2.0000","2.0000","0.0000","0.0000"
"100002292","BOVE00225","2.0000","2.0000","2.0000","0.0000","0.0000"
"100002293","BOVA00336","4.0000","4.0000","4.0000","0.0000","0.0000"
"100002294","ME00C127","1.0000","1.0000","1.0000","0.0000","0.0000"
"100002295","BOVE00445","1.0000","1.0000","1.0000","0.0000","0.0000"
"100002296","CCS0010013","2.0000","2.0000","2.0000","0.0000","0.0000"
"100002296","BOVE00325","2.0000","2.0000","2.0000","0.0000","0.0000"
"100002296","CCS0030005","2.0000","2.0000","2.0000","0.0000","0.0000"
"100002296","BOBB00018","1.0000","1.0000","1.0000","0.0000","0.0000"
"100002297","BOVA01427","2.0000","2.0000","2.0000","0.0000","0.0000"
"100002298","BOVE00606","2.0000","2.0000","2.0000","0.0000","0.0000"
"100002299","LLRKUB0066","1.0000","0.0000","0.0000","1.0000","0.0000"
"100002299","FFE0050007","1.0000","0.0000","0.0000","1.0000","0.0000"
"100002300","BOVA01250","1.0000","0.0000","0.0000","1.0000","0.0000"
"100002300","BOAL00257","1.0000","0.0000","0.0000","1.0000","0.0000"
"100002300","FFE0050008","1.0000","0.0000","0.0000","1.0000","0.0000"
"100002300","FFE0050007","1.0000","0.0000","0.0000","1.0000","0.0000"
"100002301","BOVA01250","1.0000","0.0000","0.0000","1.0000","0.0000"
"100002301","BOAL00257","1.0000","0.0000","0.0000","1.0000","0.0000"
"100002301","FFE0050008","1.0000","0.0000","0.0000","1.0000","0.0000"
"100002301","FFE0050007","1.0000","0.0000","0.0000","1.0000","0.0000"
"100002302","FFE0050007","1.0000","0.0000","0.0000","1.0000","0.0000"
"100002302","FFE0050008","1.0000","0.0000","0.0000","1.0000","0.0000"
"100002303","FFE0050007","1.0000","0.0000","0.0000","1.0000","0.0000"
"100002303","FFE0050008","1.0000","0.0000","0.0000","1.0000","0.0000"
"100002304","BOVE00281","2.0000","2.0000","2.0000","0.0000","0.0000"
"100002304","BOVE00485","4.0000","4.0000","4.0000","0.0000","0.0000"
"100002305","BOVE00348","2.0000","2.0000","2.0000","0.0000","0.0000"
"100002306","BOCI00300","1.0000","1.0000","1.0000","0.0000","0.0000"
"100002307","BOCI00777","1.0000","1.0000","1.0000","0.0000","0.0000"
"100002308","BOAL00959","1.0000","1.0000","1.0000","0.0000","0.0000"
"100002308","BOAL00952","3.0000","3.0000","3.0000","0.0000","0.0000"
"100002309","BOCI00544","1.0000","1.0000","1.0000","0.0000","0.0000"
"100002309","BOVE00042","2.0000","2.0000","2.0000","0.0000","0.0000"
"100002310","BOAL01524-BOAL01508-BOAL01509-BOAL01507-BOAL01510","1.0000","1.0000","1.0000","0.0000","0.0000"
"100002310","BOAL01508","2.0000","1.0000","1.0000","0.0000","0.0000"
"100002310","BOAL01509","2.0000","1.0000","1.0000","0.0000","0.0000"
"100002310","BOAL01507","2.0000","1.0000","1.0000","0.0000","0.0000"
"100002310","BOAL01510","2.0000","1.0000","1.0000","0.0000","0.0000"
"100002311","BOVE00659","1.0000","1.0000","1.0000","0.0000","0.0000"
"100002312","BOVE00117","1.0000","1.0000","1.0000","0.0000","0.0000"
"100002313","BOAL00696","3.0000","3.0000","3.0000","0.0000","0.0000"
"100002314","BOVA01271","1.0000","1.0000","1.0000","0.0000","0.0000"
"100002314","BOVA01385","1.0000","1.0000","1.0000","0.0000","0.0000"
"100002314","BOVA01386","1.0000","1.0000","1.0000","0.0000","0.0000"
"100002314","BOVE00391IB","1.0000","1.0000","1.0000","0.0000","0.0000"
"100002314","BOVA01240","1.0000","1.0000","1.0000","0.0000","0.0000"
"100002314","BOCI00488","1.0000","1.0000","1.0000","0.0000","0.0000"
"100002315","BOVE00313","1.0000","1.0000","1.0000","0.0000","0.0000"
"100002316","BET0110003-BOAL00607-BOAL00613-BOAL00615-BOAL00609","1.0000","1.0000","1.0000","0.0000","0.0000"
"100002316","BOAL00607","2.0000","1.0000","1.0000","0.0000","0.0000"
"100002316","BOAL00613","2.0000","1.0000","1.0000","0.0000","0.0000"
"100002316","BOAL00615","2.0000","1.0000","1.0000","0.0000","0.0000"
"100002316","BOAL00609","2.0000","1.0000","1.0000","0.0000","0.0000"
"100002317","BOCI00782","1.0000","1.0000","1.0000","0.0000","0.0000"
"100002317","BOCI00776","1.0000","1.0000","1.0000","0.0000","0.0000"
"100002317","BOCI00774","1.0000","1.0000","1.0000","0.0000","0.0000"
"100002318","BOVE00555","1.0000","1.0000","1.0000","0.0000","0.0000"
"100002318","BOVE00554","1.0000","1.0000","1.0000","0.0000","0.0000"
"100002319","BOAL01270-BOAL00478-BOAL00482-BOAL00484-BOAL00486","1.0000","1.0000","1.0000","0.0000","0.0000"
"100002319","BOAL00484","1.0000","1.0000","1.0000","0.0000","0.0000"
"100002320","BOBB00294","3.0000","3.0000","3.0000","0.0000","0.0000"
"100002321","BOCI00583","1.0000","1.0000","1.0000","0.0000","0.0000"
"100002322","CCS0010015","1.0000","0.0000","0.0000","1.0000","0.0000"
"100002323","CCS0010015","1.0000","1.0000","1.0000","0.0000","0.0000"
"100002324","BOVE00169","1.0000","1.0000","0.0000","0.0000","1.0000"
"100002324","BOVE00171","1.0000","1.0000","1.0000","0.0000","0.0000"
"100002324","BOVE00263","1.0000","1.0000","1.0000","0.0000","0.0000"
"100002325","BOUU00034","1.0000","0.0000","0.0000","1.0000","0.0000"
"100002326","ME00C113","1.0000","0.0000","0.0000","1.0000","0.0000"
"100002326","LLW0010001","1.0000","0.0000","0.0000","1.0000","0.0000"
"100002327","ME00C113","1.0000","1.0000","1.0000","0.0000","0.0000"
"100002327","LLW0010001","1.0000","1.0000","1.0000","0.0000","0.0000"
"100002328","BOVE00767","2.0000","2.0000","2.0000","0.0000","0.0000"
"100002328","BOVE00764","2.0000","2.0000","2.0000","0.0000","0.0000"
"100002328","BOVA01176","1.0000","1.0000","1.0000","0.0000","0.0000"
"100002328","BOVE00658","1.0000","1.0000","1.0000","0.0000","0.0000"
"100002328","BOCI00294","1.0000","1.0000","1.0000","0.0000","0.0000"
"100002329","BOVE00119","2.0000","2.0000","2.0000","0.0000","0.0000"
"100002330","BOVE00485","3.0000","0.0000","0.0000","3.0000","0.0000"
"100002331","BOVE00485","3.0000","0.0000","0.0000","3.0000","0.0000"
"100002332","BOAL01182-BOAL00327-BOAL00328-BOAL00329-BOAL00330","1.0000","1.0000","1.0000","0.0000","0.0000"
"100002332","BOAL00327","1.0000","1.0000","1.0000","0.0000","0.0000"
"100002332","BOAL00328","1.0000","1.0000","1.0000","0.0000","0.0000"
"100002332","BOAL00329","1.0000","1.0000","1.0000","0.0000","0.0000"
"100002332","BOAL00330","1.0000","1.0000","1.0000","0.0000","0.0000"
"100002333","BOAL00427","2.0000","2.0000","2.0000","0.0000","0.0000"
"100002334","BOVE00537","1.0000","1.0000","1.0000","0.0000","0.0000"
"100002335","BOAL00921","1.0000","1.0000","1.0000","0.0000","0.0000"
"100002336","BOAL00390","1.0000","1.0000","1.0000","0.0000","0.0000"
"100002336","BOAL00392","1.0000","1.0000","1.0000","0.0000","0.0000"
"100002336","BOAL00394","1.0000","1.0000","1.0000","0.0000","0.0000"
"100002337","BOVE00113","1.0000","0.0000","0.0000","1.0000","0.0000"
"100002338","BOVE00113","1.0000","0.0000","0.0000","1.0000","0.0000"
"100002339","BOVE00113","1.0000","0.0000","0.0000","1.0000","0.0000"
"100002340","BOVE00113","1.0000","0.0000","0.0000","1.0000","0.0000"
"100002341","BOVE00056","1.0000","1.0000","1.0000","0.0000","0.0000"
"100002342","BOVE00113","1.0000","0.0000","0.0000","1.0000","0.0000"
"100002343","BOVE00113","1.0000","0.0000","0.0000","1.0000","0.0000"
"100002344","CBR0050001","1.0000","1.0000","1.0000","0.0000","0.0000"
"100002344","BOVE00452","1.0000","1.0000","1.0000","0.0000","0.0000"
"100002344","BOVE00348","1.0000","1.0000","1.0000","0.0000","0.0000"
"100002344","BOVE00389","1.0000","1.0000","1.0000","0.0000","0.0000"
"100002345","CCS0010014","1.0000","1.0000","1.0000","0.0000","0.0000"
"100002346","CCS0010011","2.0000","2.0000","2.0000","0.0000","0.0000"
"200000010","BOVA01526","54.0000","54.0000","54.0000","0.0000","0.0000"
"100002347","BOBB00038","1.0000","0.0000","0.0000","1.0000","0.0000"
"100002348","BOVE00169","1.0000","0.0000","0.0000","1.0000","0.0000"
"100002348","BOVA01156","1.0000","0.0000","0.0000","1.0000","0.0000"
"100002349","BOVE00169","1.0000","1.0000","1.0000","0.0000","0.0000"
"100002349","BOVA01156","1.0000","1.0000","1.0000","0.0000","0.0000"
"100002350","BOAL00318","2.0000","2.0000","2.0000","0.0000","0.0000"
"100002350","BOAL00320","2.0000","2.0000","2.0000","0.0000","0.0000"
"100002351","BOVE00485","1.0000","0.0000","0.0000","1.0000","0.0000"
"100002352","BOVE00485","1.0000","1.0000","1.0000","0.0000","0.0000"
"100002353","BOAL00318","2.0000","2.0000","2.0000","0.0000","0.0000"
"100002353","BOAL00320","2.0000","2.0000","2.0000","0.0000","0.0000"
"100002353","BOAL00322","2.0000","2.0000","2.0000","0.0000","0.0000"
"100002353","BOAL00324","2.0000","2.0000","2.0000","0.0000","0.0000"
"100002353","BOAL00319","2.0000","2.0000","2.0000","0.0000","0.0000"
"100002354","BOVE00271","1.0000","1.0000","1.0000","0.0000","0.0000"
"100002354","BOVE00202","1.0000","1.0000","1.0000","0.0000","0.0000"
"200000011","BOVE00454","1.0000","1.0000","1.0000","0.0000","0.0000"
"200000011","BOVE00501","1.0000","1.0000","1.0000","0.0000","0.0000"
"100002355","BOVE00113","1.0000","1.0000","1.0000","0.0000","0.0000"
"100002356","BOBB00046","1.0000","1.0000","1.0000","0.0000","0.0000"
"100002357","BOAL01175-BOAL00317-BOAL00321-BOAL00323-BOAL00325-BOAL00319-BOAL00322-BOAL00324","1.0000","1.0000","1.0000","0.0000","0.0000"
"100002357","BOAL00317","1.0000","1.0000","1.0000","0.0000","0.0000"
"100002357","BOAL00321","1.0000","1.0000","1.0000","0.0000","0.0000"
"100002357","BOAL00323","1.0000","1.0000","1.0000","0.0000","0.0000"
"100002357","BOAL00325","1.0000","1.0000","1.0000","0.0000","0.0000"
"100002357","BOAL00319","1.0000","1.0000","1.0000","0.0000","0.0000"
"100002357","BOAL00322","1.0000","1.0000","1.0000","0.0000","0.0000"
"100002357","BOAL00324","1.0000","1.0000","1.0000","0.0000","0.0000"
"100002357","BOVE00378","1.0000","1.0000","1.0000","0.0000","0.0000"
"100002358","BOCI00544","1.0000","1.0000","1.0000","0.0000","0.0000"
"100002359","BOVE00296","1.0000","1.0000","1.0000","0.0000","0.0000"
"100002360","BOVE00349","1.0000","1.0000","1.0000","0.0000","0.0000"
"100002360","BOVE00351","3.0000","3.0000","3.0000","0.0000","0.0000"
"100002360","BOVE00348","1.0000","1.0000","1.0000","0.0000","0.0000"
"100002361","BOVE00658","1.0000","1.0000","1.0000","0.0000","0.0000"
"100002361","BOVE00389","1.0000","1.0000","1.0000","0.0000","0.0000"
"100002362","ME00C51","1.0000","1.0000","1.0000","0.0000","0.0000"
"100002363","BOVE00341","1.0000","1.0000","1.0000","0.0000","0.0000"
"100002364","BOCI00332","1.0000","1.0000","1.0000","0.0000","0.0000"
"100002365","BOVE00759","1.0000","1.0000","1.0000","0.0000","0.0000"
"100002366","BOAL00713","18.0000","18.0000","18.0000","0.0000","0.0000"
"100002367","BOCI00583","1.0000","1.0000","1.0000","0.0000","0.0000"
"100002368","BOCI00647","1.0000","1.0000","1.0000","0.0000","0.0000"
"100002368","BOVE00556","2.0000","2.0000","2.0000","0.0000","0.0000"
"100002369","CBR0010003","4.0000","4.0000","4.0000","0.0000","0.0000"
"100002370","CLP0010005","1.0000","1.0000","1.0000","0.0000","0.0000"
"100002371","BET0110003-BOAL00607-BOAL00613-BOAL00615-BOAL00609","1.0000","1.0000","1.0000","0.0000","0.0000"
"100002371","BOAL00607","2.0000","1.0000","1.0000","0.0000","0.0000"
"100002371","BOAL00613","2.0000","1.0000","1.0000","0.0000","0.0000"
"100002371","BOAL00615","2.0000","1.0000","1.0000","0.0000","0.0000"
"100002371","BOAL00609","2.0000","1.0000","1.0000","0.0000","0.0000"
"100002372","BOVE00281","1.0000","1.0000","1.0000","0.0000","0.0000"
"100002373","BOVE00116","2.0000","2.0000","2.0000","0.0000","2.0000"
"100002374","BOAL01180-BOAL00317-BOAL00321-BOAL00323-BOAL00325-BOAL00319-BOAL00322-BOAL00326-BOAL00324-BOAL00318-BOAL00320","1.0000","1.0000","1.0000","0.0000","0.0000"
"100002374","BOAL00317","2.0000","1.0000","1.0000","0.0000","0.0000"
"100002374","BOAL00321","2.0000","1.0000","1.0000","0.0000","0.0000"
"100002374","BOAL00323","2.0000","1.0000","1.0000","0.0000","0.0000"
"100002374","BOAL00325","2.0000","1.0000","1.0000","0.0000","0.0000"
"100002374","BOAL00319","2.0000","1.0000","1.0000","0.0000","0.0000"
"100002374","BOAL00322","2.0000","1.0000","1.0000","0.0000","0.0000"
"100002374","BOAL00326","2.0000","1.0000","1.0000","0.0000","0.0000"
"100002374","BOAL00324","2.0000","1.0000","1.0000","0.0000","0.0000"
"100002374","BOAL00318","2.0000","1.0000","1.0000","0.0000","0.0000"
"100002374","BOAL00320","2.0000","1.0000","1.0000","0.0000","0.0000"
"100002374","BOAL00701","1.0000","1.0000","1.0000","0.0000","0.0000"
"100002375","CCS0010002","3.0000","3.0000","3.0000","0.0000","0.0000"
"100002376","BOVE00789","2.0000","0.0000","0.0000","2.0000","0.0000"
"100002376","BOVE00114","2.0000","0.0000","0.0000","2.0000","0.0000"
"100002377","BOVE00114","2.0000","2.0000","2.0000","0.0000","0.0000"
"100002378","BOVA01428","20.0000","20.0000","20.0000","0.0000","0.0000"
"100002378","BOVA01433","20.0000","20.0000","20.0000","0.0000","0.0000"
"100002378","BOVA01429","20.0000","20.0000","20.0000","0.0000","0.0000"
"100002378","BOVA01435","20.0000","20.0000","20.0000","0.0000","0.0000"
"100002378","BAM0010004","4.0000","4.0000","4.0000","0.0000","0.0000"
"100002379","BOVA01187","1.0000","1.0000","1.0000","0.0000","0.0000"
"100002379","BOVA01186","1.0000","1.0000","1.0000","0.0000","0.0000"
"100002379","BOVA01188","1.0000","1.0000","1.0000","0.0000","0.0000"
"100002379","BOVA01193","1.0000","1.0000","1.0000","0.0000","0.0000"
"100002379","BOVA01201","1.0000","1.0000","1.0000","0.0000","0.0000"
"100002379","BOVA01213","1.0000","1.0000","1.0000","0.0000","0.0000"
"100002380","BOAL00433","3.0000","3.0000","3.0000","0.0000","0.0000"
"100002380","BOAL00428","3.0000","3.0000","3.0000","0.0000","0.0000"
"100002380","BOAL00431","1.0000","1.0000","1.0000","0.0000","0.0000"
"100002381","BOAL00435","2.0000","2.0000","2.0000","0.0000","0.0000"
"100002381","BOAL00432","2.0000","2.0000","2.0000","0.0000","0.0000"
"100002382","BOAL00437","3.0000","3.0000","3.0000","0.0000","0.0000"
"100002382","BOAL00430","2.0000","2.0000","2.0000","0.0000","0.0000"
"100002383","BOAL00485","2.0000","2.0000","2.0000","0.0000","0.0000"
"100002384","BOAL00662","2.0000","2.0000","2.0000","0.0000","0.0000"
"100002385","BOCI00322","10.0000","10.0000","10.0000","0.0000","0.0000"
"100002386","CBR0050001","2.0000","2.0000","2.0000","0.0000","0.0000"
"100002387","BOVE00286","1.0000","1.0000","1.0000","0.0000","0.0000"
"100002387","BOVE00386","1.0000","1.0000","1.0000","0.0000","0.0000"
"100002387","BOVE00284","1.0000","1.0000","1.0000","0.0000","0.0000"
"100002388","BOVA00864","4.0000","0.0000","0.0000","4.0000","0.0000"
"100002388","BOVA00865","4.0000","0.0000","0.0000","4.0000","0.0000"
"100002388","BOVA00867","1.0000","0.0000","0.0000","1.0000","0.0000"
"100002388","BOVA00070","1.0000","0.0000","0.0000","1.0000","0.0000"
"100002388","BOVA00863","4.0000","0.0000","0.0000","4.0000","0.0000"
"100002388","BOVE00313","1.0000","0.0000","0.0000","1.0000","0.0000"
"100002388","LLRBEU0025","1.0000","0.0000","0.0000","1.0000","0.0000"
"100002388","LLRBEU0053","1.0000","0.0000","0.0000","1.0000","0.0000"
"100002389","ME00102","1.0000","1.0000","1.0000","0.0000","0.0000"
"100002390","LLRMEL0122","1.0000","0.0000","0.0000","1.0000","0.0000"
"100002391","CCS0010003","1.0000","1.0000","1.0000","0.0000","0.0000"
"100002392","LLRFLE0120","1.0000","0.0000","0.0000","1.0000","0.0000"
"100002393","LLRFLE0120","1.0000","0.0000","0.0000","1.0000","0.0000"
"100002394","BOCI00588","1.0000","0.0000","0.0000","1.0000","0.0000"
"100002395","BOCI00588","1.0000","1.0000","1.0000","0.0000","0.0000"
"100002396","BOVE00255","1.0000","1.0000","1.0000","0.0000","0.0000"
"100002396","BOVE00326","1.0000","1.0000","1.0000","0.0000","0.0000"
"100002396","BOVE00339","1.0000","1.0000","1.0000","0.0000","0.0000"
"100002396","BOVE00349","1.0000","1.0000","1.0000","0.0000","0.0000"
"100002396","BOVE00359","1.0000","1.0000","1.0000","0.0000","0.0000"
"100002396","BOVE00455","1.0000","1.0000","1.0000","0.0000","0.0000"
"100002396","BOVE00537","1.0000","1.0000","1.0000","0.0000","0.0000"
"100002397","BOCI00578","1.0000","1.0000","1.0000","0.0000","0.0000"
"100002398","BOAL00759","1.0000","1.0000","1.0000","0.0000","0.0000"
"100002399","BOVE00379","1.0000","1.0000","1.0000","0.0000","0.0000"
"100002399","BOVE00381","1.0000","1.0000","1.0000","0.0000","0.0000"
"100002399","BOVE00380","1.0000","1.0000","1.0000","0.0000","0.0000"
"100002400","BOVE00389","2.0000","2.0000","2.0000","0.0000","0.0000"
"100002401","BOBB00259","1.0000","1.0000","1.0000","0.0000","0.0000"
"100002401","BOBB00004","1.0000","1.0000","1.0000","0.0000","0.0000"
"100002401","CCS0010003","2.0000","2.0000","2.0000","0.0000","0.0000"
"100002402","BOAL01194-BOAL00350-BOAL00355-BOAL00356-BOAL00358","3.0000","0.0000","0.0000","3.0000","0.0000"
"100002402","BOAL00350","3.0000","0.0000","0.0000","0.0000","0.0000"
"100002402","BOAL00355","3.0000","0.0000","0.0000","0.0000","0.0000"
"100002402","BOAL00356","3.0000","0.0000","0.0000","0.0000","0.0000"
"100002402","BOAL00358","3.0000","0.0000","0.0000","0.0000","0.0000"
"100002403","BOAL01194-BOAL00350-BOAL00355-BOAL00356-BOAL00358","3.0000","0.0000","0.0000","3.0000","0.0000"
"100002403","BOAL00350","3.0000","0.0000","0.0000","0.0000","0.0000"
"100002403","BOAL00355","3.0000","0.0000","0.0000","0.0000","0.0000"
"100002403","BOAL00356","3.0000","0.0000","0.0000","0.0000","0.0000"
"100002403","BOAL00358","3.0000","0.0000","0.0000","0.0000","0.0000"
"100002404","BOAL01194-BOAL00350-BOAL00355-BOAL00356-BOAL00358","1.0000","0.0000","0.0000","1.0000","0.0000"
"100002404","BOAL00350","1.0000","0.0000","0.0000","0.0000","0.0000"
"100002404","BOAL00355","1.0000","0.0000","0.0000","0.0000","0.0000"
"100002404","BOAL00356","1.0000","0.0000","0.0000","0.0000","0.0000"
"100002404","BOAL00358","1.0000","0.0000","0.0000","0.0000","0.0000"
"100002405","BOAL01194-BOAL00350-BOAL00355-BOAL00356-BOAL00358","1.0000","0.0000","0.0000","1.0000","0.0000"
"100002405","BOAL00350","1.0000","0.0000","0.0000","0.0000","0.0000"
"100002405","BOAL00355","1.0000","0.0000","0.0000","0.0000","0.0000"
"100002405","BOAL00356","1.0000","0.0000","0.0000","0.0000","0.0000"
"100002405","BOAL00358","1.0000","0.0000","0.0000","0.0000","0.0000"
"100002406","BOAL01194-BOAL00350-BOAL00355-BOAL00356-BOAL00358","1.0000","0.0000","0.0000","1.0000","0.0000"
"100002406","BOAL00350","1.0000","0.0000","0.0000","0.0000","0.0000"
"100002406","BOAL00355","1.0000","0.0000","0.0000","0.0000","0.0000"
"100002406","BOAL00356","1.0000","0.0000","0.0000","0.0000","0.0000"
"100002406","BOAL00358","1.0000","0.0000","0.0000","0.0000","0.0000"
"100002407","BOAL01194-BOAL00350-BOAL00355-BOAL00356-BOAL00358","1.0000","0.0000","0.0000","1.0000","0.0000"
"100002407","BOAL00350","1.0000","0.0000","0.0000","0.0000","0.0000"
"100002407","BOAL00355","1.0000","0.0000","0.0000","0.0000","0.0000"
"100002407","BOAL00356","1.0000","0.0000","0.0000","0.0000","0.0000"
"100002407","BOAL00358","1.0000","0.0000","0.0000","0.0000","0.0000"
"100002408","BOAL01194-BOAL00350-BOAL00355-BOAL00356-BOAL00358","1.0000","0.0000","0.0000","1.0000","0.0000"
"100002408","BOAL00350","1.0000","0.0000","0.0000","0.0000","0.0000"
"100002408","BOAL00355","1.0000","0.0000","0.0000","0.0000","0.0000"
"100002408","BOAL00356","1.0000","0.0000","0.0000","0.0000","0.0000"
"100002408","BOAL00358","1.0000","0.0000","0.0000","0.0000","0.0000"
"100002409","BOAL01194-BOAL00350-BOAL00355-BOAL00356-BOAL00358","1.0000","0.0000","0.0000","1.0000","0.0000"
"100002409","BOAL00350","1.0000","0.0000","0.0000","0.0000","0.0000"
"100002409","BOAL00355","1.0000","0.0000","0.0000","0.0000","0.0000"
"100002409","BOAL00356","1.0000","0.0000","0.0000","0.0000","0.0000"
"100002409","BOAL00358","1.0000","0.0000","0.0000","0.0000","0.0000"
"100002410","BOAL01194-BOAL00350-BOAL00355-BOAL00356-BOAL00358","3.0000","3.0000","3.0000","0.0000","0.0000"
"100002410","BOAL00350","3.0000","1.0000","1.0000","0.0000","0.0000"
"100002410","BOAL00355","3.0000","1.0000","1.0000","0.0000","0.0000"
"100002410","BOAL00356","3.0000","1.0000","1.0000","0.0000","0.0000"
"100002410","BOAL00358","3.0000","1.0000","1.0000","0.0000","0.0000"
"100002411","BOAL01186-BOAL00340-BOAL00343-BOAL00347-BOAL00349","1.0000","1.0000","1.0000","0.0000","0.0000"
"100002411","BOAL00340","2.0000","1.0000","1.0000","0.0000","0.0000"
"100002411","BOAL00343","2.0000","1.0000","1.0000","0.0000","0.0000"
"100002411","BOAL00347","2.0000","1.0000","1.0000","0.0000","0.0000"
"100002411","BOAL00349","2.0000","1.0000","1.0000","0.0000","0.0000"
"100002411","BOVE00584","1.0000","1.0000","1.0000","0.0000","0.0000"
"100002411","BOVE00201","1.0000","1.0000","1.0000","0.0000","0.0000"
"100002411","BOCI00822","1.0000","1.0000","1.0000","0.0000","0.0000"
"100002411","ME00164","1.0000","1.0000","1.0000","0.0000","0.0000"
"100002412","BOBB00298","1.0000","1.0000","1.0000","0.0000","0.0000"
"100002412","BOBB00230","1.0000","1.0000","1.0000","0.0000","0.0000"
"100002413","BOVE00381","1.0000","1.0000","1.0000","0.0000","0.0000"
"100002414","BOVE00380","1.0000","0.0000","0.0000","1.0000","0.0000"
"100002415","BOVE00296","1.0000","1.0000","1.0000","0.0000","0.0000"
"100002416","CCS0010009","1.0000","1.0000","1.0000","0.0000","0.0000"
"100002417","BOVE00797-BOVE00796-BOVE00795-BOVE00794","8.0000","8.0000","8.0000","0.0000","0.0000"
"100002417","BOVE00796","8.0000","1.0000","1.0000","0.0000","0.0000"
"100002417","BOVE00795","8.0000","1.0000","1.0000","0.0000","0.0000"
"100002417","BOVE00794","8.0000","1.0000","1.0000","0.0000","0.0000"
"100002417","BOVE00556","1.0000","1.0000","1.0000","0.0000","0.0000"
"100002417","VOL00024","1.0000","1.0000","1.0000","0.0000","0.0000"
"100002417","VOL00030","2.0000","2.0000","2.0000","0.0000","0.0000"
"100002417","BOVE00713","6.0000","6.0000","6.0000","0.0000","0.0000"
"100002417","CBRVIV0001","1.0000","1.0000","1.0000","0.0000","0.0000"
"100002417","SDO0032865","1.0000","1.0000","1.0000","0.0000","0.0000"
"100002417","BOVE00149","1.0000","1.0000","1.0000","0.0000","0.0000"
"100002418","BOVE00485","3.0000","3.0000","3.0000","0.0000","0.0000"
"100002419","CCS0010010","2.0000","2.0000","2.0000","0.0000","0.0000"
"100002420","BOVA00553","10.0000","10.0000","10.0000","0.0000","0.0000"
"100002421","ME00C24","1.0000","1.0000","1.0000","0.0000","0.0000"
"100002422","BOUU00075","1.0000","1.0000","1.0000","0.0000","0.0000"
"100002423","BA00042","1.0000","1.0000","1.0000","0.0000","0.0000"
"100002424","BOVE00296","1.0000","1.0000","1.0000","0.0000","0.0000"
"100002424","BOAL00797","1.0000","1.0000","1.0000","0.0000","0.0000"
"100002425","BOCI00445","2.0000","0.0000","0.0000","2.0000","0.0000"
"100002426","BOCI00445","2.0000","2.0000","2.0000","0.0000","0.0000"
"100002427","BOAL01174-BOAL00317-BOAL00321-BOAL00323-BOAL00325","2.0000","2.0000","2.0000","0.0000","0.0000"
"100002427","BOAL00317","4.0000","1.0000","1.0000","0.0000","0.0000"
"100002427","BOAL00321","4.0000","1.0000","1.0000","0.0000","0.0000"
"100002427","BOAL00323","4.0000","1.0000","1.0000","0.0000","0.0000"
"100002427","BOAL00325","4.0000","1.0000","1.0000","0.0000","0.0000"
"100002428","CCS0010002","2.0000","0.0000","0.0000","2.0000","0.0000"
"100002429","CCS0010002","2.0000","2.0000","2.0000","0.0000","0.0000"
"100002430","CCS0010005","3.0000","3.0000","3.0000","0.0000","0.0000"
"100002430","CCS0010011","2.0000","2.0000","2.0000","0.0000","0.0000"
"100002430","CCS0010015","1.0000","1.0000","1.0000","0.0000","0.0000"
"100002431","BOVA01192","1.0000","1.0000","1.0000","0.0000","0.0000"
"100002431","BOVA01191","1.0000","1.0000","1.0000","0.0000","0.0000"
"100002431","BOVA01190","1.0000","1.0000","1.0000","0.0000","0.0000"
"100002431","BOVA01189","1.0000","1.0000","1.0000","0.0000","0.0000"
"100002432","BOVE00114","1.0000","0.0000","0.0000","1.0000","0.0000"
"100002433","BOVA00536","1.0000","1.0000","1.0000","0.0000","0.0000"
"100002434","BOVE00100","1.0000","1.0000","1.0000","0.0000","0.0000"
"100002435","BOAL01226-BOAL00398-BOAL00403-BOAL00404-BOAL00406","1.0000","1.0000","1.0000","0.0000","0.0000"
"100002435","BOAL00398","2.0000","1.0000","1.0000","0.0000","0.0000"
"100002435","BOAL00403","2.0000","1.0000","1.0000","0.0000","0.0000"
"100002435","BOAL00404","2.0000","1.0000","1.0000","0.0000","0.0000"
"100002435","BOAL00406","2.0000","1.0000","1.0000","0.0000","0.0000"
"100002436","BAM0030002","2.0000","2.0000","2.0000","0.0000","0.0000"
"100002436","BAM0030004","2.0000","2.0000","2.0000","0.0000","0.0000"
"100002437","BOAL00713","190.0000","190.0000","190.0000","0.0000","0.0000"
"100002438","BOVE00341","1.0000","1.0000","1.0000","0.0000","0.0000"
"100002438","BOVE00790","1.0000","1.0000","1.0000","0.0000","1.0000"
"100002438","BOVE00540","1.0000","1.0000","1.0000","0.0000","0.0000"
"100002438","BOVE00255","1.0000","1.0000","1.0000","0.0000","0.0000"
"100002439","BOCI00329","2.0000","2.0000","2.0000","0.0000","0.0000"
"100002440","BOVE00215","2.0000","2.0000","2.0000","0.0000","0.0000"
"100002440","CBR0020002","1.0000","1.0000","1.0000","0.0000","0.0000"
"100002440","CBR0020001","1.0000","1.0000","1.0000","0.0000","0.0000"
"100002440","BOVE00007","1.0000","1.0000","1.0000","0.0000","0.0000"
"100002440","BOVE00033","2.0000","2.0000","2.0000","0.0000","0.0000"
"100002440","BOVE00006","1.0000","1.0000","1.0000","0.0000","0.0000"
"100002441","CCS0010003","1.0000","1.0000","1.0000","0.0000","0.0000"
"100002442","BOVE00422","1.0000","1.0000","1.0000","0.0000","0.0000"
"100002443","BOVE00782","1.0000","1.0000","1.0000","0.0000","0.0000"
"100002444","BOVA00694","1.0000","1.0000","1.0000","0.0000","0.0000"
"100002444","BOVA00544","1.0000","1.0000","1.0000","0.0000","0.0000"
"100002444","BOVE00389","1.0000","1.0000","1.0000","0.0000","0.0000"
"100002444","BOVE00288","2.0000","2.0000","2.0000","0.0000","0.0000"
"100002445","BOVE00511","1.0000","0.0000","0.0000","1.0000","0.0000"
"100002446","BOVE00792","4.0000","4.0000","4.0000","0.0000","0.0000"
"100002446","BOVE00791","6.0000","6.0000","6.0000","0.0000","0.0000"
"100002446","BOVE00793","4.0000","4.0000","4.0000","0.0000","0.0000"
"100002447","EME0020005","1.0000","1.0000","1.0000","0.0000","0.0000"
"100002447","CBR0020002","1.0000","1.0000","1.0000","0.0000","0.0000"
"100002447","BOCI00396","1.0000","1.0000","1.0000","0.0000","0.0000"
"100002448","BOAL00229","2.0000","2.0000","2.0000","0.0000","0.0000"
"100002449","BOVA01096","1.0000","1.0000","1.0000","0.0000","0.0000"
"100002449","BOCI00693","1.0000","1.0000","1.0000","0.0000","0.0000"
"100002450","BOAL01401-BOAL00208-BOAL00264-BOAL00222-BOAL00241-BOAL00190-BOAL00248-BOAL00231-BOAL00229","1.0000","1.0000","1.0000","0.0000","1.0000"
"100002451","BOVE00225","2.0000","2.0000","2.0000","0.0000","0.0000"
"100002452","BOVE00117","1.0000","1.0000","1.0000","0.0000","0.0000"
"100002453","BOAL00721","3.0000","3.0000","3.0000","0.0000","0.0000"
"100002454","BET0110002-BOAL00607-BOAL00613-BOAL00615-BOAL00609","1.0000","1.0000","1.0000","0.0000","0.0000"
"100002454","BOAL00607","1.0000","1.0000","1.0000","0.0000","0.0000"
"100002454","BOAL00613","1.0000","1.0000","1.0000","0.0000","0.0000"
"100002454","BOAL00615","1.0000","1.0000","1.0000","0.0000","0.0000"
"100002454","BOAL00609","1.0000","1.0000","1.0000","0.0000","0.0000"
"100002455","BOVE00386","1.0000","1.0000","1.0000","0.0000","0.0000"
"100002456","CBRVIV0001","1.0000","1.0000","1.0000","0.0000","0.0000"
"100002457","BOVE00326","2.0000","2.0000","2.0000","0.0000","0.0000"
"100002458","CCS0010003","1.0000","1.0000","1.0000","0.0000","0.0000"
"100002458","BOVE00006","2.0000","2.0000","2.0000","0.0000","0.0000"
"100002458","BOVE00577","2.0000","2.0000","2.0000","0.0000","0.0000"
"100002458","CCS0010005","2.0000","2.0000","2.0000","0.0000","0.0000"
"100002459","BOCI00859","1.0000","1.0000","1.0000","0.0000","0.0000"
"100002460","BOCI00589","1.0000","1.0000","1.0000","0.0000","0.0000"
"100002461","BOAL00628","1.0000","1.0000","1.0000","0.0000","0.0000"
"100002461","BOAL00633","1.0000","1.0000","1.0000","0.0000","0.0000"
"100002461","BOAL00629","2.0000","2.0000","2.0000","0.0000","0.0000"
"100002462","BOVE00287","2.0000","2.0000","2.0000","0.0000","0.0000"
"100002462","BOVE00284","2.0000","2.0000","2.0000","0.0000","0.0000"
"100002462","BOBB00010","1.0000","1.0000","1.0000","0.0000","0.0000"
"100002463","BOCI00292","1.0000","1.0000","1.0000","0.0000","0.0000"
"100002464","BOAL01234-BOAL00408-BOAL00412-BOAL00414-BOAL00416","3.0000","3.0000","3.0000","0.0000","0.0000"
"100002464","BOAL00408","3.0000","1.0000","1.0000","0.0000","0.0000"
"100002464","BOAL00412","3.0000","1.0000","1.0000","0.0000","0.0000"
"100002464","BOAL00414","3.0000","1.0000","1.0000","0.0000","0.0000"
"100002464","BOAL00416","3.0000","1.0000","1.0000","0.0000","0.0000"
"100002465","BOBB00098","1.0000","1.0000","1.0000","0.0000","0.0000"
"100002466","BOBB00038","1.0000","1.0000","1.0000","0.0000","0.0000"
"100002467","BOVE00626","2.0000","2.0000","2.0000","0.0000","0.0000"
"100002468","BOAL01524C-BOAL01508-BOAL01509-BOAL01507-BOAL01510-ME00C51","1.0000","1.0000","1.0000","0.0000","0.0000"
"100002468","BOAL01508","2.0000","1.0000","1.0000","0.0000","0.0000"
"100002468","BOAL01509","2.0000","1.0000","1.0000","0.0000","0.0000"
"100002468","BOAL01507","2.0000","1.0000","1.0000","0.0000","0.0000"
"100002468","BOAL01510","2.0000","1.0000","1.0000","0.0000","0.0000"
"100002468","ME00C51","1.0000","1.0000","1.0000","0.0000","0.0000"
"100002469","BOBB00058","1.0000","1.0000","1.0000","0.0000","0.0000"
"100002469","CNN0030001","1.0000","1.0000","1.0000","0.0000","0.0000"
"100002469","BOBB00131","1.0000","1.0000","1.0000","0.0000","0.0000"
"100002469","BOBB00061","1.0000","1.0000","1.0000","0.0000","0.0000"
"100002470","CCS0010003","1.0000","1.0000","1.0000","0.0000","0.0000"
"100002471","BOVE00524","1.0000","1.0000","1.0000","0.0000","0.0000"
"100002472","BOCI00301","1.0000","1.0000","1.0000","0.0000","0.0000"
"100002472","BOCI00302","1.0000","1.0000","1.0000","0.0000","0.0000"
"100002472","BOCI00304","1.0000","1.0000","1.0000","0.0000","0.0000"
"100002473","BOVE00255","3.0000","3.0000","3.0000","0.0000","0.0000"
"100002474","BOVE00113","1.0000","1.0000","1.0000","0.0000","0.0000"
"100002475","BOAL01457-BOAL00656-BOAL00661-BOAL00662-BOAL00663","1.0000","1.0000","1.0000","0.0000","0.0000"
"100002476","BOCI00789","1.0000","1.0000","1.0000","0.0000","0.0000"
"100002477","BOVE00380","16.0000","16.0000","16.0000","0.0000","0.0000"
"100002477","BOVE00379","5.0000","5.0000","5.0000","0.0000","0.0000"
"100002477","BOCI00672","1.0000","1.0000","1.0000","0.0000","0.0000"
"100002477","SDO0032865","1.0000","1.0000","1.0000","0.0000","0.0000"
"100002478","BOVE00156","1.0000","1.0000","1.0000","0.0000","0.0000"
"100002479","BOVE00478","1.0000","1.0000","1.0000","0.0000","0.0000"
"100002480","BOAL00693","1.0000","1.0000","1.0000","0.0000","0.0000"
"100002481","BOAL01173C-BOAL00317-BOAL00321-BOAL00323-BOAL00325-ME00C24","1.0000","1.0000","1.0000","0.0000","0.0000"
"100002481","BOAL00317","1.0000","1.0000","1.0000","0.0000","0.0000"
"100002481","BOAL00321","1.0000","1.0000","1.0000","0.0000","0.0000"
"100002481","BOAL00323","1.0000","1.0000","1.0000","0.0000","0.0000"
"100002481","BOAL00325","1.0000","1.0000","1.0000","0.0000","0.0000"
"100002481","ME00C24","1.0000","1.0000","1.0000","0.0000","0.0000"
"100002482","BOVE00767","2.0000","2.0000","2.0000","0.0000","0.0000"
"100002483","BOVE00018","2.0000","2.0000","2.0000","0.0000","0.0000"
"100002484","BBR0010001","1.0000","1.0000","1.0000","0.0000","0.0000"
"100002485","BOVE00074","1.0000","1.0000","1.0000","0.0000","0.0000"
"100002486","ME00150","2.0000","0.0000","0.0000","2.0000","0.0000"
"100002486","BOVE00249","2.0000","0.0000","0.0000","2.0000","0.0000"
"100002486","BOVE00781","2.0000","0.0000","0.0000","2.0000","0.0000"
"100002487","BOVE00507","1.0000","1.0000","1.0000","0.0000","0.0000"
"100002488","BOCI00589","1.0000","1.0000","1.0000","0.0000","0.0000"
"100002489","BOVE00588","1.0000","1.0000","1.0000","0.0000","0.0000"
"100002490","BOVE00540","1.0000","1.0000","1.0000","0.0000","0.0000"
"100002490","BOVE00547","1.0000","1.0000","1.0000","0.0000","0.0000"
"100002491","BOBB00205","1.0000","1.0000","1.0000","0.0000","0.0000"
"100002491","BOCI00810","1.0000","1.0000","1.0000","0.0000","0.0000"
"100002491","BOBB00209","1.0000","1.0000","1.0000","0.0000","0.0000"
"100002492","CCS0010002","2.0000","2.0000","2.0000","0.0000","0.0000"
"100002492","CCS0010005","2.0000","2.0000","2.0000","0.0000","0.0000"
"100002492","CCS0010010","2.0000","2.0000","2.0000","0.0000","0.0000"
"100002493","BOCI00718","5.0000","5.0000","5.0000","0.0000","0.0000"
"100002494","ME00C127","1.0000","1.0000","1.0000","0.0000","0.0000"
"100002495","BOVE00571","1.0000","1.0000","1.0000","0.0000","0.0000"
"100002496","BOVE00507","2.0000","2.0000","2.0000","0.0000","0.0000"
"100002497","ME00C113","1.0000","1.0000","1.0000","0.0000","0.0000"
"100002497","BOBB00026","1.0000","1.0000","1.0000","0.0000","0.0000"
"100002498","BOAL00938","3.0000","3.0000","3.0000","0.0000","0.0000"
"100002499","BOVE00387","1.0000","1.0000","1.0000","0.0000","0.0000"
"100002500","BOAL00724","1.0000","0.0000","0.0000","1.0000","0.0000"
"100002501","BOVE00070","1.0000","1.0000","1.0000","0.0000","0.0000"
"100002501","BOVE00071","1.0000","1.0000","1.0000","0.0000","0.0000"
"100002501","BOVE00072","1.0000","1.0000","1.0000","0.0000","0.0000"
"100002502","BOAL00404","1.0000","1.0000","1.0000","0.0000","0.0000"
"100002503","ME00C51","1.0000","1.0000","1.0000","0.0000","0.0000"
"100002504","BOVE00359","1.0000","1.0000","1.0000","0.0000","0.0000"
"100002505","BOVE00281","1.0000","1.0000","1.0000","0.0000","0.0000"
"100002505","BOBB00055","1.0000","1.0000","1.0000","0.0000","0.0000"
"100002506","BOCI00581","1.0000","1.0000","1.0000","0.0000","0.0000"
"100002507","BOVE00374","3.0000","3.0000","3.0000","0.0000","0.0000"
"100002508","BOVE00060","2.0000","2.0000","2.0000","0.0000","0.0000"
"100002509","BOVE00121","1.0000","1.0000","1.0000","0.0000","0.0000"
"100002510","BOAL00723","2.0000","2.0000","2.0000","0.0000","0.0000"
"100002511","BOVE00296","1.0000","1.0000","1.0000","0.0000","0.0000"
"100002512","BOCI00734","4.0000","4.0000","4.0000","0.0000","0.0000"
"100002513","BOAL00764","1.0000","1.0000","1.0000","0.0000","0.0000"
"100002514","CCS0010015","1.0000","1.0000","1.0000","0.0000","0.0000"
"100002514","CCS0010013","1.0000","1.0000","1.0000","0.0000","0.0000"
"100002515","BOBB00099","20.0000","20.0000","20.0000","0.0000","0.0000"
"100002516","BOAL01183-BOAL00327-BOAL00328-BOAL00329-BOAL00330","1.0000","1.0000","1.0000","0.0000","0.0000"
"100002516","BOAL00327","2.0000","1.0000","1.0000","0.0000","0.0000"
"100002516","BOAL00328","2.0000","1.0000","1.0000","0.0000","0.0000"
"100002516","BOAL00329","2.0000","1.0000","1.0000","0.0000","0.0000"
"100002516","BOAL00330","2.0000","1.0000","1.0000","0.0000","0.0000"
"100002517","BOCI00744","1.0000","1.0000","1.0000","0.0000","0.0000"
"100002518","BOVE00296","1.0000","1.0000","1.0000","0.0000","0.0000"
"100002519","BOVE00296","2.0000","2.0000","2.0000","0.0000","0.0000"
"100002520","BOCI00587","1.0000","1.0000","1.0000","0.0000","0.0000"
"100002521","ME00C127","1.0000","1.0000","1.0000","0.0000","0.0000"
"100002522","BGD0010005","2.0000","2.0000","2.0000","0.0000","0.0000"
"100002523","BOVE00556","2.0000","2.0000","2.0000","0.0000","0.0000"
"100002524","BOVE00281","8.0000","0.0000","0.0000","8.0000","0.0000"
"100002525","BOVE00215","2.0000","2.0000","2.0000","0.0000","0.0000"
"100002526","BOAL01508","2.0000","2.0000","2.0000","0.0000","0.0000"
"100002526","BOAL01510","2.0000","2.0000","2.0000","0.0000","0.0000"
"100002527","LLRABE0007","1.0000","0.0000","0.0000","1.0000","0.0000"
"100002528","BOVE00040","1.0000","1.0000","1.0000","0.0000","0.0000"
"100002528","BOAL00729","1.0000","1.0000","1.0000","0.0000","0.0000"
"100002529","BOVE00445","1.0000","1.0000","1.0000","0.0000","0.0000"
"100002530","CCS0010010","2.0000","2.0000","2.0000","0.0000","0.0000"
"100002530","CCS0010005","2.0000","2.0000","2.0000","0.0000","0.0000"
"100002530","CCS0010002","2.0000","2.0000","2.0000","0.0000","0.0000"
"100002531","BOBB00038","1.0000","0.0000","0.0000","1.0000","0.0000"
"100002532","BOBB00055","1.0000","1.0000","1.0000","0.0000","0.0000"
"100002533","LLRSWE0096","1.0000","1.0000","1.0000","0.0000","0.0000"
"100002533","LLRSWE0097","1.0000","1.0000","1.0000","0.0000","0.0000"
"100002533","LLRSWE0098","1.0000","1.0000","1.0000","0.0000","0.0000"
"100002533","LLRLEA0121","1.0000","1.0000","1.0000","0.0000","0.0000"
"100002534","BOVE00394","2.0000","2.0000","2.0000","0.0000","0.0000"
"100002535","BOVE00296","1.0000","1.0000","1.0000","0.0000","0.0000"
"100002536","CCS0010011","1.0000","1.0000","1.0000","0.0000","0.0000"
"100002537","BOVE00615","1.0000","0.0000","0.0000","1.0000","0.0000"
"100002538","BOVE00615","1.0000","1.0000","1.0000","0.0000","0.0000"
"100002539","BOVE00478","1.0000","1.0000","1.0000","0.0000","0.0000"
"100002540","CCS0010002","2.0000","2.0000","2.0000","0.0000","0.0000"
"100002542","LLRABE0006","1.0000","1.0000","1.0000","0.0000","0.0000"
"200000012","BOCI00570","1.0000","1.0000","1.0000","0.0000","0.0000"
"100002543","BOVE00262","1.0000","1.0000","1.0000","0.0000","0.0000"
"100002544","CCS0010007","1.0000","1.0000","1.0000","0.0000","0.0000"
"100002545","BOVE00018","2.0000","2.0000","2.0000","0.0000","0.0000"
"100002546","BOAL00636","2.0000","0.0000","0.0000","2.0000","0.0000"
"100002547","BOAL00636","2.0000","2.0000","2.0000","0.0000","0.0000"
"100002548","ME00480","2.0000","2.0000","2.0000","0.0000","2.0000"
"100002549","BOVE00070","1.0000","1.0000","1.0000","0.0000","0.0000"
"100002550","BOVA01285","1.0000","1.0000","1.0000","0.0000","0.0000"
"100002551","BOCI00479","1.0000","0.0000","0.0000","1.0000","0.0000"
"100002551","BOCI00464","1.0000","0.0000","0.0000","1.0000","0.0000"
"100002554","CCS0010002","3.0000","3.0000","3.0000","0.0000","0.0000"
"100002554","CCS0010011","3.0000","3.0000","3.0000","0.0000","0.0000"
"100002554","CCS0010013","3.0000","3.0000","3.0000","0.0000","0.0000"
"100002554","CCS0010003","1.0000","1.0000","1.0000","0.0000","0.0000"
"100002555","LLRABE0014","1.0000","1.0000","1.0000","0.0000","0.0000"
"100002556","BOVE00296","1.0000","1.0000","1.0000","0.0000","1.0000"
"100002557","ME00480","2.0000","2.0000","2.0000","0.0000","0.0000"
"100002558","BOVE00149","2.0000","2.0000","2.0000","0.0000","0.0000"
"100002559","BOVE00478","2.0000","2.0000","2.0000","0.0000","0.0000"
"300000012","BOVE00243","1.0000","1.0000","1.0000","0.0000","0.0000"
"300000012","BOVE00763","1.0000","1.0000","1.0000","0.0000","0.0000"
"100002560","BOAL01495-BOAL01492-BOAL00422-BOAL00424-BOAL00426","1.0000","1.0000","1.0000","0.0000","0.0000"
"100002560","BOAL01492","2.0000","1.0000","1.0000","0.0000","0.0000"
"100002560","BOAL00422","2.0000","1.0000","1.0000","0.0000","0.0000"
"100002560","BOAL00424","2.0000","1.0000","1.0000","0.0000","0.0000"
"100002560","BOAL00426","2.0000","1.0000","1.0000","0.0000","0.0000"
"100002560","BOAL00425","2.0000","2.0000","2.0000","0.0000","0.0000"
"100002561","BPISOL0008","2.0000","2.0000","2.0000","0.0000","0.0000"
"100002562","BPISOL0008","2.0000","2.0000","2.0000","0.0000","0.0000"
"100002562","BOVA01093","1.0000","1.0000","1.0000","0.0000","0.0000"
"100002563","BOVE00114","1.0000","1.0000","1.0000","0.0000","0.0000"
"100002564","BOAL01173-BOAL00317-BOAL00321-BOAL00323-BOAL00325","1.0000","1.0000","1.0000","0.0000","0.0000"
"100002564","BOAL00317","1.0000","1.0000","1.0000","0.0000","0.0000"
"100002564","BOAL00321","1.0000","1.0000","1.0000","0.0000","0.0000"
"100002564","BOAL00323","1.0000","1.0000","1.0000","0.0000","0.0000"
"100002564","BOAL00325","1.0000","1.0000","1.0000","0.0000","0.0000"
"100002564","BOCI00451","1.0000","1.0000","1.0000","0.0000","0.0000"
"100002565","ME00C127","1.0000","1.0000","1.0000","0.0000","0.0000"
"100002566","BOVE00108","1.0000","1.0000","1.0000","0.0000","0.0000"
"100002567","LLRFID0106","1.0000","1.0000","1.0000","0.0000","0.0000"
"100002568","BOVE00562","1.0000","1.0000","1.0000","0.0000","0.0000"
"100002568","BOVE00636","2.0000","2.0000","2.0000","0.0000","0.0000"
"100002569","BOVE00113","1.0000","1.0000","1.0000","0.0000","0.0000"
"100002570","FFE0020001","1.0000","1.0000","1.0000","0.0000","0.0000"
"100002571","BOVE00788","2.0000","2.0000","2.0000","0.0000","0.0000"
"100002572","BRE0010003","6.0000","6.0000","6.0000","0.0000","0.0000"
"100002573","LLRGRA0052-LLRGRA0052-1-LLRGRA0052-2","1.0000","1.0000","1.0000","0.0000","0.0000"
"100002573","LLRGRA0052-1","1.0000","1.0000","1.0000","0.0000","0.0000"
"100002573","LLRGRA0052-2","1.0000","1.0000","1.0000","0.0000","0.0000"
"100002574","BOCI00583","1.0000","1.0000","1.0000","0.0000","0.0000"
"100002575","CCS0010001","2.0000","2.0000","2.0000","0.0000","0.0000"
"100002576","BOVE00520","1.0000","1.0000","1.0000","0.0000","0.0000"
"100002577","CCSEXP0017","6.0000","0.0000","0.0000","6.0000","0.0000"
"100002577","BOVE00684","12.0000","0.0000","0.0000","12.0000","0.0000"
"100002578","CCSEXP0017","6.0000","6.0000","6.0000","0.0000","0.0000"
"100002578","BOVE00684","12.0000","12.0000","12.0000","0.0000","0.0000"
"100002579","ME00C51","1.0000","1.0000","1.0000","0.0000","0.0000"
"100002580","BPISOL0008","1.0000","1.0000","1.0000","0.0000","0.0000"
"100002581","BOVE00113","1.0000","1.0000","1.0000","0.0000","0.0000"
"100002582","BPISOL0008","2.0000","2.0000","2.0000","0.0000","0.0000"
"100002583","SDO0028012","1.0000","1.0000","1.0000","0.0000","0.0000"
"100002583","SDO0028010","1.0000","1.0000","1.0000","0.0000","0.0000"
"100002583","SDO0028017","1.0000","1.0000","1.0000","0.0000","0.0000"
"300000013","BOBB00038","8.0000","8.0000","8.0000","0.0000","0.0000"
"100002584","BOAL00318","1.0000","1.0000","1.0000","0.0000","0.0000"
"100002584","BOAL00320","1.0000","1.0000","1.0000","0.0000","0.0000"
"100002585","BOAL01457-BOAL00656-BOAL00661-BOAL00662-BOAL00663","1.0000","1.0000","1.0000","0.0000","0.0000"
"100002585","BOAL00656","2.0000","1.0000","1.0000","0.0000","0.0000"
"100002585","BOAL00661","2.0000","1.0000","1.0000","0.0000","0.0000"
"100002585","BOAL00662","2.0000","1.0000","1.0000","0.0000","0.0000"
"100002585","BOAL00663","2.0000","1.0000","1.0000","0.0000","0.0000"
"100002586","BOVE00386","2.0000","2.0000","2.0000","0.0000","0.0000"
"100002586","BOVE00101","2.0000","2.0000","2.0000","0.0000","0.0000"
"100002587","BOVE00242","2.0000","2.0000","2.0000","0.0000","0.0000"
"100002588","BOCI00583","1.0000","1.0000","1.0000","0.0000","0.0000"
"100002589","BOVE00339","2.0000","2.0000","2.0000","0.0000","0.0000"
"100002590","BOAL01457-BOAL00656-BOAL00661-BOAL00662-BOAL00663","1.0000","1.0000","1.0000","0.0000","0.0000"
"100002590","BOAL00656","2.0000","1.0000","1.0000","0.0000","0.0000"
"100002590","BOAL00661","2.0000","1.0000","1.0000","0.0000","0.0000"
"100002590","BOAL00662","2.0000","1.0000","1.0000","0.0000","0.0000"
"100002590","BOAL00663","2.0000","1.0000","1.0000","0.0000","0.0000"
"100002591","BBR0010001","1.0000","1.0000","1.0000","0.0000","0.0000"
"100002592","ME00C127","1.0000","1.0000","1.0000","0.0000","0.0000"
"100002593","BOCI00637","1.0000","1.0000","1.0000","0.0000","0.0000"
"100002593","BOVE00537","1.0000","1.0000","1.0000","0.0000","0.0000"
"100002593","BOVE00547","1.0000","1.0000","1.0000","0.0000","0.0000"
"100002594","BOVE00505","2.0000","0.0000","0.0000","2.0000","0.0000"
"100002595","BOCI00411","1.0000","1.0000","1.0000","0.0000","0.0000"
"100002595","BOCI00513","1.0000","1.0000","1.0000","0.0000","0.0000"
"100002596","ME00011-ME00007-ME00008-ME00009-ME00010","1.0000","1.0000","1.0000","0.0000","0.0000"
"100002596","ME00007","1.0000","1.0000","1.0000","0.0000","0.0000"
"100002596","ME00008","1.0000","1.0000","1.0000","0.0000","0.0000"
"100002596","ME00009","1.0000","1.0000","1.0000","0.0000","0.0000"
"100002596","ME00010","1.0000","1.0000","1.0000","0.0000","0.0000"
"100002597","CCS0010003","1.0000","1.0000","1.0000","0.0000","0.0000"
"100002598","ME00C127","1.0000","1.0000","1.0000","0.0000","0.0000"
"100002599","CCS0020001","1.0000","1.0000","1.0000","0.0000","0.0000"
"100002600","BOVE00291","1.0000","1.0000","1.0000","0.0000","0.0000"
"100002601","BOBB00227","1.0000","1.0000","1.0000","0.0000","0.0000"
"100002602","BOVE00600","2.0000","2.0000","2.0000","0.0000","0.0000"
"100002603","BOVE00029","1.0000","1.0000","1.0000","0.0000","0.0000"
"100002604","BOVE00578","2.0000","2.0000","2.0000","0.0000","2.0000"
"100002604","LLRBUB0095","2.0000","2.0000","2.0000","0.0000","0.0000"
"300000014","BOVE00010","3.0000","3.0000","3.0000","0.0000","0.0000"
"100002605","CCS0030005","2.0000","2.0000","2.0000","0.0000","0.0000"
"100002606","BOVA01081","12.0000","12.0000","12.0000","0.0000","0.0000"
"100002606","BOVA01080","12.0000","12.0000","12.0000","0.0000","0.0000"
"100002607","BOAL00229","2.0000","0.0000","0.0000","2.0000","0.0000"
"100002608","BOAL00229","2.0000","0.0000","0.0000","2.0000","0.0000"
"100002609","BOAL00229","2.0000","2.0000","2.0000","0.0000","0.0000"
"100002610","BOAL00710","100.0000","100.0000","100.0000","0.0000","0.0000"
"100002611","BOVE00281","8.0000","0.0000","0.0000","8.0000","0.0000"
"100002612","BOVE00281","8.0000","8.0000","8.0000","0.0000","0.0000"
"100002613","BOVE00076","1.0000","1.0000","1.0000","0.0000","0.0000"
"100002614","BOAL00324","2.0000","2.0000","2.0000","0.0000","0.0000"
"100002614","BOAL00322","2.0000","2.0000","2.0000","0.0000","0.0000"
"100002615","BOVE00224","2.0000","2.0000","2.0000","0.0000","0.0000"
"100002616","BET0120003-BOAL00617-BOAL00623-BOAL00625-BOAL00619","1.0000","0.0000","0.0000","1.0000","0.0000"
"100002616","BOAL00617","2.0000","0.0000","0.0000","0.0000","0.0000"
"100002616","BOAL00623","2.0000","0.0000","0.0000","0.0000","0.0000"
"100002616","BOAL00625","2.0000","0.0000","0.0000","0.0000","0.0000"
"100002616","BOAL00619","2.0000","0.0000","0.0000","0.0000","0.0000"
"100002617","BET0120003-BOAL00617-BOAL00623-BOAL00625-BOAL00619","1.0000","1.0000","1.0000","0.0000","0.0000"
"100002617","BOAL00617","2.0000","1.0000","1.0000","0.0000","0.0000"
"100002617","BOAL00623","2.0000","1.0000","1.0000","0.0000","0.0000"
"100002617","BOAL00625","2.0000","1.0000","1.0000","0.0000","0.0000"
"100002617","BOAL00619","2.0000","1.0000","1.0000","0.0000","0.0000"
"100002618","BOAL00931","2.0000","2.0000","2.0000","0.0000","0.0000"
"100002619","BOAL00759","2.0000","2.0000","2.0000","0.0000","0.0000"
"100002620","BOVE00503","1.0000","1.0000","1.0000","0.0000","0.0000"
"100002621","ME00C127","1.0000","0.0000","0.0000","1.0000","0.0000"
"100002622","ME00C127","1.0000","1.0000","1.0000","0.0000","0.0000"
"100002623","BOAL00727","6.0000","6.0000","6.0000","0.0000","0.0000"
"100002624","BOVE00513","1.0000","1.0000","1.0000","0.0000","0.0000"
"100002625","BOVE00116","2.0000","2.0000","2.0000","0.0000","2.0000"
"100002626","CCS0010011","3.0000","3.0000","3.0000","0.0000","0.0000"
"100002627","CCS0010011","1.0000","1.0000","1.0000","0.0000","0.0000"
"100002627","CCS0010002","3.0000","3.0000","3.0000","0.0000","0.0000"
"100002628","BOVA01196","1.0000","1.0000","1.0000","0.0000","0.0000"
"100002628","BOVA01198","1.0000","1.0000","1.0000","0.0000","0.0000"
"100002628","BOVA01201","1.0000","1.0000","1.0000","0.0000","0.0000"
"100002628","BOVA01092","1.0000","1.0000","1.0000","0.0000","0.0000"
"100002628","BOVE00630","1.0000","1.0000","1.0000","0.0000","0.0000"
"100002628","BOVA01122","1.0000","1.0000","1.0000","0.0000","0.0000"
"100002628","BOBB00015","1.0000","1.0000","1.0000","0.0000","0.0000"
"100002629","BOVE00309","1.0000","1.0000","1.0000","0.0000","0.0000"
"100002629","BOVE00344","1.0000","1.0000","1.0000","0.0000","0.0000"
"100002629","BOVE00091","1.0000","1.0000","1.0000","0.0000","0.0000"
"100002630","BOBB00099","6.0000","6.0000","6.0000","0.0000","0.0000"
"100002631","BOAL01182-BOAL00327-BOAL00328-BOAL00329-BOAL00330","1.0000","1.0000","1.0000","0.0000","0.0000"
"100002631","BOAL00327","1.0000","1.0000","1.0000","0.0000","0.0000"
"100002631","BOAL00328","1.0000","1.0000","1.0000","0.0000","0.0000"
"100002631","BOAL00329","1.0000","1.0000","1.0000","0.0000","0.0000"
"100002631","BOAL00330","1.0000","1.0000","1.0000","0.0000","0.0000"
"100002632","BOAL01186-BOAL00340-BOAL00343-BOAL00347-BOAL00349","1.0000","0.0000","0.0000","1.0000","0.0000"
"100002632","BOAL00340","2.0000","0.0000","0.0000","0.0000","0.0000"
"100002632","BOAL00343","2.0000","0.0000","0.0000","0.0000","0.0000"
"100002632","BOAL00347","2.0000","0.0000","0.0000","0.0000","0.0000"
"100002632","BOAL00349","2.0000","0.0000","0.0000","0.0000","0.0000"
"100002632","BOAL00195","1.0000","0.0000","0.0000","1.0000","0.0000"
"100002633","BOAL01186-BOAL00340-BOAL00343-BOAL00347-BOAL00349","1.0000","0.0000","0.0000","1.0000","0.0000"
"100002633","BOAL00340","2.0000","0.0000","0.0000","0.0000","0.0000"
"100002633","BOAL00343","2.0000","0.0000","0.0000","0.0000","0.0000"
"100002633","BOAL00347","2.0000","0.0000","0.0000","0.0000","0.0000"
"100002633","BOAL00349","2.0000","0.0000","0.0000","0.0000","0.0000"
"100002633","BOAL00195","1.0000","0.0000","0.0000","1.0000","0.0000"
"100002634","BOAL01186-BOAL00340-BOAL00343-BOAL00347-BOAL00349","1.0000","0.0000","0.0000","1.0000","0.0000"
"100002634","BOAL00340","2.0000","0.0000","0.0000","0.0000","0.0000"
"100002634","BOAL00343","2.0000","0.0000","0.0000","0.0000","0.0000"
"100002634","BOAL00347","2.0000","0.0000","0.0000","0.0000","0.0000"
"100002634","BOAL00349","2.0000","0.0000","0.0000","0.0000","0.0000"
"100002634","BOAL00195","1.0000","0.0000","0.0000","1.0000","0.0000"
"100002637","CCS0010013","3.0000","3.0000","3.0000","0.0000","0.0000"
"100002638","ME00284","1.0000","1.0000","1.0000","0.0000","0.0000"
"100002639","BOAL00717","5.0000","0.0000","0.0000","5.0000","0.0000"
"100002640","BOAL00717","5.0000","5.0000","5.0000","0.0000","0.0000"
"200000013","EME0010004","1.0000","1.0000","1.0000","0.0000","0.0000"
"100002641","BET0170002-BOAL00656-BOAL00661-BOAL00663-BOAL00658-BOAL00660-BOAL00662-BOAL01503","1.0000","1.0000","1.0000","0.0000","0.0000"
"100002641","BOAL00656","2.0000","1.0000","1.0000","0.0000","0.0000"
"100002641","BOAL00661","2.0000","1.0000","1.0000","0.0000","0.0000"
"100002641","BOAL00663","2.0000","1.0000","1.0000","0.0000","0.0000"
"100002641","BOAL00658","2.0000","1.0000","1.0000","0.0000","0.0000"
"100002641","BOAL00660","2.0000","1.0000","1.0000","0.0000","0.0000"
"100002641","BOAL00662","2.0000","1.0000","1.0000","0.0000","0.0000"
"100002641","BOAL01503","2.0000","1.0000","1.0000","0.0000","0.0000"
"100002641","BOAL00657","2.0000","2.0000","2.0000","0.0000","0.0000"
"100002642","BOVE00348","2.0000","2.0000","2.0000","0.0000","0.0000"
"100002643","BOVE00513","2.0000","2.0000","2.0000","0.0000","0.0000"
"100002644","BOVE00469","1.0000","1.0000","1.0000","0.0000","0.0000"
"100002645","ME00296-ME00295","1.0000","1.0000","1.0000","0.0000","1.0000"
"100002645","ME00295","6.0000","1.0000","1.0000","0.0000","6.0000"
"100002646","BOUU00085","1.0000","1.0000","1.0000","0.0000","0.0000"
"100002647","BOVE00372","2.0000","2.0000","2.0000","0.0000","0.0000"
"100002648","CCS0010008","1.0000","1.0000","1.0000","0.0000","0.0000"
"100002649","CCS0010002","3.0000","0.0000","0.0000","3.0000","0.0000"
"100002649","BOBB00028","3.0000","0.0000","0.0000","3.0000","0.0000"
"100002649","BOBB00050","1.0000","0.0000","0.0000","1.0000","0.0000"
"100002650","CBRBAV0001","1.0000","1.0000","1.0000","0.0000","0.0000"
"100002651","LLRBOR0119","1.0000","0.0000","0.0000","1.0000","0.0000"
"100002652","BOVE00296","1.0000","1.0000","1.0000","0.0000","0.0000"
"100002653","BOAL01455-BOAL00656-BOAL00661-BOAL00662","3.0000","0.0000","0.0000","3.0000","0.0000"
"100002653","BOAL00656","3.0000","0.0000","0.0000","0.0000","0.0000"
"100002653","BOAL00661","3.0000","0.0000","0.0000","0.0000","0.0000"
"100002653","BOAL00662","3.0000","0.0000","0.0000","0.0000","0.0000"
"100002654","CCS0010005","3.0000","3.0000","3.0000","0.0000","0.0000"
"100002654","CCS0010002","4.0000","4.0000","4.0000","0.0000","0.0000"
"100002655","BOBB00038","1.0000","1.0000","1.0000","0.0000","0.0000"
"100002656","BOUU00011","1.0000","1.0000","1.0000","0.0000","0.0000"
"100002657","BOVE00111","2.0000","2.0000","2.0000","0.0000","0.0000"
"100002657","BOVE00228","2.0000","2.0000","2.0000","0.0000","0.0000"
"100002658","BOVE00156","1.0000","1.0000","1.0000","0.0000","0.0000"
"100002659","ME00C127","1.0000","1.0000","1.0000","0.0000","0.0000"
"100002660","BOVE00010","1.0000","1.0000","1.0000","0.0000","0.0000"
"100002661","CCS0010015","1.0000","0.0000","0.0000","1.0000","0.0000"
"100002662","BOVA01373","4.0000","4.0000","4.0000","0.0000","0.0000"
"100002662","BOVA01375","2.0000","2.0000","2.0000","0.0000","0.0000"
"100002662","BOVA01371","2.0000","2.0000","2.0000","0.0000","0.0000"
"100002663","BET0110003-BOAL00607-BOAL00613-BOAL00615-BOAL00609","1.0000","1.0000","1.0000","0.0000","0.0000"
"100002663","BOAL00607","2.0000","1.0000","1.0000","0.0000","0.0000"
"100002663","BOAL00613","2.0000","1.0000","1.0000","0.0000","0.0000"
"100002663","BOAL00615","2.0000","1.0000","1.0000","0.0000","0.0000"
"100002663","BOAL00609","2.0000","1.0000","1.0000","0.0000","0.0000"
"100002664","BOVE00060","3.0000","3.0000","3.0000","0.0000","0.0000"
"100002664","BOVE00156","3.0000","3.0000","3.0000","0.0000","0.0000"
"100002665","BOVE00521","1.0000","1.0000","1.0000","0.0000","0.0000"
"100002666","BOVE00010","1.0000","1.0000","1.0000","0.0000","0.0000"
"100002667","BOAL00709","1.0000","0.0000","0.0000","1.0000","0.0000"
"100002668","BOAL00709","1.0000","1.0000","1.0000","0.0000","0.0000"
"100002669","BOAL01374-BOAL00206-BOAL00261-BOAL00218-BOAL00238","1.0000","0.0000","0.0000","1.0000","0.0000"
"100002669","BOAL00206","2.0000","0.0000","0.0000","0.0000","0.0000"
"100002669","BOAL00261","2.0000","0.0000","0.0000","0.0000","0.0000"
"100002669","BOAL00218","2.0000","0.0000","0.0000","0.0000","0.0000"
"100002669","BOAL00238","2.0000","0.0000","0.0000","0.0000","0.0000"
"100002670","BOAL01374-BOAL00206-BOAL00261-BOAL00218-BOAL00238","1.0000","1.0000","1.0000","0.0000","0.0000"
"100002670","BOAL00206","2.0000","1.0000","1.0000","0.0000","0.0000"
"100002670","BOAL00261","2.0000","1.0000","1.0000","0.0000","0.0000"
"100002670","BOAL00218","2.0000","1.0000","1.0000","0.0000","0.0000"
"100002670","BOAL00238","2.0000","1.0000","1.0000","0.0000","0.0000"
"100002671","BET0140005-BOAL00648-BOAL00651-BOAL00655-BOAL00646-BOAL00649-BOAL00652-BOAL00654","1.0000","1.0000","1.0000","0.0000","0.0000"
"100002671","BOAL00648","2.0000","1.0000","1.0000","0.0000","0.0000"
"100002671","BOAL00651","2.0000","1.0000","1.0000","0.0000","0.0000"
"100002671","BOAL00655","2.0000","1.0000","1.0000","0.0000","0.0000"
"100002671","BOAL00646","2.0000","1.0000","1.0000","0.0000","0.0000"
"100002671","BOAL00649","2.0000","1.0000","1.0000","0.0000","0.0000"
"100002671","BOAL00652","2.0000","1.0000","1.0000","0.0000","0.0000"
"100002671","BOAL00654","2.0000","1.0000","1.0000","0.0000","0.0000"
"100002671","BOVE00672","1.0000","1.0000","1.0000","0.0000","0.0000"
"100002672","BOAL00729","5.0000","5.0000","5.0000","0.0000","0.0000"
"100002673","ME00C127","1.0000","1.0000","1.0000","0.0000","0.0000"
"100002674","BOVE00469","1.0000","1.0000","1.0000","0.0000","0.0000"
"100002675","CCS0010005","1.0000","1.0000","1.0000","0.0000","0.0000"
"100002675","CCS0010014","1.0000","1.0000","1.0000","0.0000","0.0000"
"100002675","LLW0010002","1.0000","1.0000","1.0000","0.0000","0.0000"
"100002676","BOVE00556","2.0000","2.0000","2.0000","0.0000","0.0000"
"100002676","SDO0032864","1.0000","1.0000","1.0000","0.0000","0.0000"
"100002677","BOAL01186-BOAL00340-BOAL00343-BOAL00347-BOAL00349","1.0000","1.0000","1.0000","0.0000","0.0000"
"100002677","BOAL00340","2.0000","1.0000","1.0000","0.0000","0.0000"
"100002677","BOAL00343","2.0000","1.0000","1.0000","0.0000","0.0000"
"100002677","BOAL00347","2.0000","1.0000","1.0000","0.0000","0.0000"
"100002677","BOAL00349","2.0000","1.0000","1.0000","0.0000","0.0000"
"100002678","BOVE00296","2.0000","2.0000","2.0000","0.0000","0.0000"
"100002679","BOAL00710","10.0000","10.0000","10.0000","0.0000","0.0000"
"100002679","BOAL00784","3.0000","3.0000","3.0000","0.0000","0.0000"
"100002679","BOAL00785","3.0000","3.0000","3.0000","0.0000","0.0000"
"100002680","ME00C127","1.0000","1.0000","1.0000","0.0000","0.0000"
"100002681","CCS0030005","3.0000","3.0000","3.0000","0.0000","0.0000"
"100002682","FFE0060009","1.0000","0.0000","0.0000","1.0000","0.0000"
"100002683","ME00C24","2.0000","2.0000","2.0000","0.0000","0.0000"
"100002684","CCS0010013","3.0000","3.0000","3.0000","0.0000","0.0000"
"100002685","BOVE00113","1.0000","1.0000","1.0000","0.0000","0.0000"
"100002686","BOVE00124","1.0000","1.0000","1.0000","0.0000","0.0000"
"100002686","BOBB00026","1.0000","1.0000","1.0000","0.0000","0.0000"
"100002686","BOBB00045","1.0000","1.0000","1.0000","0.0000","0.0000"
"100002686","VOL00127","1.0000","1.0000","1.0000","0.0000","0.0000"
"100002686","BOBB00039","1.0000","1.0000","1.0000","0.0000","0.0000"
"100002687","CCS0010003","1.0000","1.0000","1.0000","0.0000","0.0000"
"100002688","ME00C127","1.0000","1.0000","1.0000","0.0000","0.0000"
"100002689","BOVE00797","6.0000","6.0000","6.0000","0.0000","0.0000"
"100002690","BOAL01495-BOAL01492-BOAL00422-BOAL00424-BOAL00426","1.0000","1.0000","1.0000","0.0000","0.0000"
"100002690","BOAL01492","2.0000","1.0000","1.0000","0.0000","0.0000"
"100002690","BOAL00422","2.0000","1.0000","1.0000","0.0000","0.0000"
"100002690","BOAL00424","2.0000","1.0000","1.0000","0.0000","0.0000"
"100002690","BOAL00426","2.0000","1.0000","1.0000","0.0000","0.0000"
"100002690","BOAL00418","2.0000","2.0000","2.0000","0.0000","0.0000"
"100002691","CCS0010014","2.0000","2.0000","2.0000","0.0000","0.0000"
"100002691","CCS0010005","2.0000","2.0000","2.0000","0.0000","0.0000"
"100002691","CCS0010002","2.0000","2.0000","2.0000","0.0000","0.0000"
"100002692","BOVE00704","1.0000","1.0000","1.0000","0.0000","0.0000"
"100002693","BOVA01201","1.0000","1.0000","1.0000","0.0000","0.0000"
"100002693","BOVA01203","1.0000","1.0000","1.0000","0.0000","0.0000"
"100002693","BOVA01204","3.0000","3.0000","3.0000","0.0000","0.0000"
"100002694","BOVE00511","1.0000","1.0000","1.0000","0.0000","0.0000"
"100002695","BOCI00452","1.0000","1.0000","1.0000","0.0000","0.0000"
"100002695","BOCI00456","1.0000","1.0000","1.0000","0.0000","0.0000"
"100002695","BOCI00466","1.0000","1.0000","1.0000","0.0000","0.0000"
"100002696","BOAL00776","5.0000","5.0000","5.0000","0.0000","0.0000"
"100002697","BOBB00116","1.0000","1.0000","1.0000","0.0000","0.0000"
"100002698","BOBB00112","1.0000","1.0000","1.0000","0.0000","0.0000"
"100002699","BOVE00007","1.0000","1.0000","1.0000","0.0000","0.0000"
"100002700","FFE0060009","1.0000","1.0000","1.0000","0.0000","0.0000"
"100002701","BOAL00941","1.0000","1.0000","1.0000","0.0000","0.0000"
"100002702","BOVE00336","4.0000","4.0000","4.0000","0.0000","0.0000"
"100002703","BOVE00040","2.0000","2.0000","2.0000","0.0000","0.0000"
"100002704","CBRBAV0001","1.0000","1.0000","1.0000","0.0000","0.0000"
"100002705","BOCI00514","1.0000","1.0000","1.0000","0.0000","0.0000"
"100002706","BOVE00082","1.0000","1.0000","1.0000","0.0000","0.0000"
"100002707","BOVE00675","1.0000","1.0000","1.0000","0.0000","0.0000"
"100002707","BOVE00674","1.0000","1.0000","1.0000","0.0000","0.0000"
"100002708","BOVE00280","1.0000","1.0000","1.0000","0.0000","0.0000"
"100002709","BOVA01371","2.0000","2.0000","2.0000","0.0000","0.0000"
"100002709","BOVA01373","2.0000","2.0000","2.0000","0.0000","0.0000"
"100002710","ME00C113","1.0000","0.0000","0.0000","1.0000","0.0000"
"200000014","LLRBAL0078","10.0000","10.0000","10.0000","0.0000","0.0000"
"200000014","LLRECA0075","3.0000","3.0000","3.0000","0.0000","0.0000"
"200000014","LLRBAL0077","10.0000","10.0000","10.0000","0.0000","0.0000"
"200000014","LLRBAL0076","10.0000","10.0000","10.0000","0.0000","0.0000"
"100002711","CCS0010011","1.0000","1.0000","1.0000","0.0000","0.0000"
"100002711","CCS0010002","1.0000","1.0000","1.0000","0.0000","0.0000"
"100002712","BOVE00456","1.0000","1.0000","1.0000","0.0000","0.0000"
"100002713","BOAL01277-BOAL00478-BOAL00482-BOAL00484-BOAL00486-BOAL00480-BOAL00483-BOAL00485-BOAL00479-BOAL00481-BOAL00487","1.0000","1.0000","1.0000","0.0000","0.0000"
"100002713","BOAL00478","2.0000","1.0000","1.0000","0.0000","0.0000"
"100002713","BOAL00482","2.0000","1.0000","1.0000","0.0000","0.0000"
"100002713","BOAL00484","2.0000","1.0000","1.0000","0.0000","0.0000"
"100002713","BOAL00486","2.0000","1.0000","1.0000","0.0000","0.0000"
"100002713","BOAL00480","2.0000","1.0000","1.0000","0.0000","0.0000"
"100002713","BOAL00483","2.0000","1.0000","1.0000","0.0000","0.0000"
"100002713","BOAL00485","2.0000","1.0000","1.0000","0.0000","0.0000"
"100002713","BOAL00479","2.0000","1.0000","1.0000","0.0000","0.0000"
"100002713","BOAL00481","2.0000","1.0000","1.0000","0.0000","0.0000"
"100002713","BOAL00487","2.0000","1.0000","1.0000","0.0000","0.0000"
"100002714","ME00127","1.0000","1.0000","1.0000","0.0000","0.0000"
"100002715","BOVE00557","1.0000","1.0000","1.0000","0.0000","0.0000"
"100002716","BOVE00444","1.0000","1.0000","1.0000","0.0000","0.0000"
"100002716","BOVE00389","3.0000","3.0000","3.0000","0.0000","0.0000"
"100002716","BOVE00147","3.0000","3.0000","3.0000","0.0000","0.0000"
"100002716","BOVE00568","2.0000","2.0000","2.0000","0.0000","0.0000"
"100002717","BOBB00107","1.0000","1.0000","1.0000","0.0000","0.0000"
"100002717","BOBB00110","1.0000","1.0000","1.0000","0.0000","0.0000"
"100002718","BOVA00945","8.0000","8.0000","8.0000","0.0000","0.0000"
"100002718","BOVA00941","8.0000","8.0000","8.0000","0.0000","0.0000"
"100002718","BOCI00792","1.0000","1.0000","1.0000","0.0000","0.0000"
"100002719","CCS0010003","2.0000","2.0000","2.0000","0.0000","0.0000"
"100002720","CCS0010002","3.0000","0.0000","0.0000","3.0000","0.0000"
"100002721","BOAL01174C-BOAL00317-BOAL00321-BOAL00323-BOAL00325-ME00C51","1.0000","0.0000","0.0000","1.0000","0.0000"
"100002721","BOAL00317","2.0000","0.0000","0.0000","0.0000","0.0000"
"100002721","BOAL00321","2.0000","0.0000","0.0000","0.0000","0.0000"
"100002721","BOAL00323","2.0000","0.0000","0.0000","0.0000","0.0000"
"100002721","BOAL00325","2.0000","0.0000","0.0000","0.0000","0.0000"
"100002721","ME00C51","1.0000","0.0000","0.0000","0.0000","0.0000"
"100002721","BOVE00536","1.0000","0.0000","0.0000","1.0000","0.0000"
"100002721","BOVE00568","1.0000","0.0000","0.0000","1.0000","0.0000"
"100002722","BOCI00499","1.0000","1.0000","1.0000","0.0000","0.0000"
"100002723","BOVA01351","1.0000","1.0000","1.0000","0.0000","0.0000"
"100002724","CCS0010002","2.0000","2.0000","2.0000","0.0000","0.0000"
"100002725","BOVE00209","1.0000","1.0000","1.0000","0.0000","0.0000"
"100002726","BOVE00342","1.0000","1.0000","1.0000","0.0000","0.0000"
"100002726","BOVE00356","1.0000","1.0000","1.0000","0.0000","0.0000"
"100002727","BOVE00557","1.0000","1.0000","1.0000","0.0000","0.0000"
"100002728","LLRVEN0088","1.0000","1.0000","1.0000","0.0000","0.0000"
"100002729","BOVE00724","1.0000","0.0000","0.0000","1.0000","0.0000"
"100002730","CBR0040001","1.0000","1.0000","1.0000","0.0000","0.0000"
"100002730","BOVE00040","1.0000","1.0000","1.0000","0.0000","0.0000"
"100002731","BOUU00011","1.0000","1.0000","1.0000","0.0000","0.0000"
"100002732","BOVE00033","2.0000","2.0000","2.0000","0.0000","0.0000"
"100002733","BOVE00478","1.0000","1.0000","1.0000","0.0000","0.0000"
"100002734","BOAL01172-BOAL00317-BOAL00321-BOAL00323","2.0000","0.0000","0.0000","2.0000","0.0000"
"100002734","BOAL00317","2.0000","0.0000","0.0000","0.0000","0.0000"
"100002734","BOAL00321","2.0000","0.0000","0.0000","0.0000","0.0000"
"100002734","BOAL00323","2.0000","0.0000","0.0000","0.0000","0.0000"
"100002734","BOAL01172-BOAL00317-BOAL00321-BOAL00323","1.0000","0.0000","0.0000","1.0000","0.0000"
"100002735","BOCI00489","1.0000","1.0000","1.0000","0.0000","0.0000"
"100002736","BOVE00777","2.0000","0.0000","0.0000","2.0000","0.0000"
"100002736","BOVE00283","3.0000","0.0000","0.0000","3.0000","0.0000"
"100002737","BOVE00777","2.0000","0.0000","0.0000","2.0000","0.0000"
"100002737","BOVE00283","3.0000","0.0000","0.0000","3.0000","0.0000"
"100002738","CCS0010015","1.0000","1.0000","1.0000","0.0000","0.0000"
"100002739","BOVE00113","1.0000","1.0000","1.0000","0.0000","0.0000"
"100002740","CCS0010002","1.0000","1.0000","1.0000","0.0000","0.0000"
"100002741","BOCI00511","1.0000","1.0000","1.0000","0.0000","0.0000"
"100002742","BOAL00922","1.0000","1.0000","1.0000","0.0000","0.0000"
"100002743","LLRVEG0104","1.0000","1.0000","1.0000","0.0000","0.0000"
"100002744","BBR0010001","1.0000","1.0000","1.0000","0.0000","0.0000"
"100002745","ME00C127","2.0000","2.0000","2.0000","0.0000","0.0000"
"100002746","BOAL00699","2.0000","2.0000","2.0000","0.0000","0.0000"
"100002747","BOVA01197","1.0000","1.0000","1.0000","0.0000","0.0000"
"100002747","BOVA01202","1.0000","1.0000","1.0000","0.0000","0.0000"
"100002747","BOVA01198","2.0000","2.0000","2.0000","0.0000","0.0000"
"100002748","BOBB00260","4.0000","4.0000","4.0000","0.0000","0.0000"
"100002749","BOVE00724","1.0000","0.0000","0.0000","1.0000","0.0000"
"100002750","BOAL01182-BOAL00327-BOAL00328-BOAL00329-BOAL00330","1.0000","1.0000","1.0000","0.0000","0.0000"
"100002750","BOAL00327","1.0000","1.0000","1.0000","0.0000","0.0000"
"100002750","BOAL00328","1.0000","1.0000","1.0000","0.0000","0.0000"
"100002750","BOAL00329","1.0000","1.0000","1.0000","0.0000","0.0000"
"100002750","BOAL00330","1.0000","1.0000","1.0000","0.0000","0.0000"
"100002751","BOAL00719","12.0000","12.0000","12.0000","0.0000","0.0000"
"100002752","CCS0010005","3.0000","3.0000","3.0000","0.0000","0.0000"
"100002753","BOVE00113","1.0000","1.0000","1.0000","0.0000","0.0000"
"100002754","BOVE00618","1.0000","1.0000","1.0000","0.0000","0.0000"
"100002754","BOVE00610","1.0000","1.0000","1.0000","0.0000","0.0000"
"100002755","CCS0010002","3.0000","3.0000","3.0000","0.0000","0.0000"
"100002756","ME00C127","1.0000","1.0000","1.0000","0.0000","0.0000"
"100002757","BOVE00513","1.0000","1.0000","1.0000","0.0000","0.0000"
"100002758","CCS0010002","3.0000","3.0000","3.0000","0.0000","0.0000"
"100002759","BOVE00359","1.0000","1.0000","1.0000","0.0000","0.0000"
"100002759","BOVE00452","1.0000","1.0000","1.0000","0.0000","0.0000"
"100002760","BOVE00270","1.0000","1.0000","1.0000","0.0000","0.0000"
"100002761","CCS0010003","1.0000","1.0000","1.0000","0.0000","0.0000"
"100002762","BOVE00615","1.0000","1.0000","1.0000","0.0000","0.0000"
"100002763","BOVE00797-BOVE00796-BOVE00795-BOVE00794","14.0000","14.0000","14.0000","0.0000","0.0000"
"100002763","BOVE00796","14.0000","1.0000","1.0000","0.0000","0.0000"
"100002763","BOVE00795","14.0000","1.0000","1.0000","0.0000","0.0000"
"100002763","BOVE00794","14.0000","1.0000","1.0000","0.0000","0.0000"
"100002763","BOVE00374","1.0000","1.0000","1.0000","0.0000","0.0000"
"100002763","VOL00109","1.0000","1.0000","1.0000","0.0000","0.0000"
"100002763","VOL00115","1.0000","1.0000","1.0000","0.0000","0.0000"
"100002763","VOL00063","1.0000","1.0000","1.0000","0.0000","0.0000"
"100002763","BNNPOS0008","2.0000","2.0000","2.0000","0.0000","0.0000"
"100002763","BOVE00658","1.0000","1.0000","1.0000","0.0000","0.0000"
"100002763","LLRLEA0121","1.0000","1.0000","1.0000","0.0000","0.0000"
"100002763","BOVE00513","2.0000","2.0000","2.0000","0.0000","0.0000"
"100002763","FFE0050008","1.0000","1.0000","1.0000","0.0000","0.0000"
"100002763","VOL00055","1.0000","1.0000","1.0000","0.0000","0.0000"
"100002764","LLRSOL0032","2.0000","2.0000","2.0000","0.0000","0.0000"
"100002764","BOVA01188","1.0000","1.0000","1.0000","0.0000","0.0000"
"100002764","VOL00089","1.0000","1.0000","1.0000","0.0000","0.0000"
"100002764","VOL00061","1.0000","1.0000","1.0000","0.0000","0.0000"
"100002764","VOL00063","1.0000","1.0000","1.0000","0.0000","0.0000"
"100002764","BOVE00797-BOVE00796-BOVE00795-BOVE00794","2.0000","2.0000","2.0000","0.0000","0.0000"
"100002764","BOVE00796","2.0000","1.0000","1.0000","0.0000","0.0000"
"100002764","BOVE00795","2.0000","1.0000","1.0000","0.0000","0.0000"
"100002764","BOVE00794","2.0000","1.0000","1.0000","0.0000","0.0000"
"100002765","FFE0010002","1.0000","1.0000","1.0000","0.0000","0.0000"
"100002765","ME00451","2.0000","2.0000","2.0000","0.0000","0.0000"
"100002765","LLRABE0026-LLRBEU0025-LLRABE0024","1.0000","1.0000","1.0000","0.0000","0.0000"
"100002765","LLRBEU0025","1.0000","1.0000","1.0000","0.0000","0.0000"
"100002765","LLRABE0024","1.0000","1.0000","1.0000","0.0000","0.0000"
"100002765","BOVA00749","6.0000","6.0000","6.0000","0.0000","0.0000"
"100002765","BOVA01189","1.0000","1.0000","1.0000","0.0000","0.0000"
"100002765","BOVA01191","1.0000","1.0000","1.0000","0.0000","0.0000"
"100002765","BOVE00797-BOVE00796-BOVE00795-BOVE00794","5.0000","5.0000","5.0000","0.0000","0.0000"
"100002765","BOVE00796","5.0000","1.0000","1.0000","0.0000","0.0000"
"100002765","BOVE00795","5.0000","1.0000","1.0000","0.0000","0.0000"
"100002765","BOVE00794","5.0000","1.0000","1.0000","0.0000","0.0000"
"100002765","VOL00063","1.0000","1.0000","1.0000","0.0000","0.0000"
"100002766","BOAL00379","2.0000","2.0000","2.0000","0.0000","0.0000"
"100002766","BOAL00381","2.0000","2.0000","2.0000","0.0000","0.0000"
"100002767","BOCI00515","1.0000","1.0000","1.0000","0.0000","0.0000"
"100002767","BOBB00090","1.0000","1.0000","1.0000","0.0000","0.0000"
"100002767","CARPIC0001","1.0000","1.0000","1.0000","0.0000","0.0000"
"100002767","BOVE00418","1.0000","1.0000","1.0000","0.0000","0.0000"
"100002767","BOVE00422","1.0000","1.0000","1.0000","0.0000","0.0000"
"100002767","BOBB00238","1.0000","1.0000","1.0000","0.0000","0.0000"
"100002768","BOVA01418","2.0000","2.0000","2.0000","0.0000","0.0000"
"100002769","CBR0010004","1.0000","1.0000","1.0000","0.0000","0.0000"
"100002770","BOVE00113","1.0000","0.0000","0.0000","1.0000","0.0000"
"100002771","BOVE00113","1.0000","0.0000","0.0000","1.0000","0.0000"
"100002772","BOVE00040","2.0000","2.0000","2.0000","0.0000","0.0000"
"100002773","BOVE00255","1.0000","1.0000","1.0000","0.0000","0.0000"
"100002774","CCS0010002","1.0000","1.0000","1.0000","0.0000","0.0000"
"100002774","CCS0010013","1.0000","1.0000","1.0000","0.0000","0.0000"
"100002775","BOVE00447","1.0000","1.0000","1.0000","0.0000","0.0000"
"100002776","BOAL00390","2.0000","2.0000","2.0000","0.0000","0.0000"
"100002777","BOAL01183-BOAL00327-BOAL00328-BOAL00329-BOAL00330","1.0000","1.0000","1.0000","0.0000","0.0000"
"100002777","BOAL00327","2.0000","1.0000","1.0000","0.0000","0.0000"
"100002777","BOAL00328","2.0000","1.0000","1.0000","0.0000","0.0000"
"100002777","BOAL00329","2.0000","1.0000","1.0000","0.0000","0.0000"
"100002777","BOAL00330","2.0000","1.0000","1.0000","0.0000","0.0000"
"100002777","BOAL00328","1.0000","1.0000","1.0000","0.0000","0.0000"
"100002777","BOAL00329","1.0000","1.0000","1.0000","0.0000","0.0000"
"100002777","BOAL00327","1.0000","1.0000","1.0000","0.0000","0.0000"
"100002778","CCS0010002","1.0000","1.0000","1.0000","0.0000","0.0000"
"100002778","CCS0010013","1.0000","1.0000","1.0000","0.0000","0.0000"
"100002778","CCS0010011","2.0000","2.0000","2.0000","0.0000","0.0000"
"100002778","CCS0010003","1.0000","1.0000","1.0000","0.0000","0.0000"
"100002779","BOAL00342","1.0000","0.0000","0.0000","1.0000","0.0000"
"100002779","BOAL01186-BOAL00340-BOAL00343-BOAL00347-BOAL00349","1.0000","0.0000","0.0000","1.0000","0.0000"
"100002779","BOAL00340","2.0000","0.0000","0.0000","0.0000","0.0000"
"100002779","BOAL00343","2.0000","0.0000","0.0000","0.0000","0.0000"
"100002779","BOAL00347","2.0000","0.0000","0.0000","0.0000","0.0000"
"100002779","BOAL00349","2.0000","0.0000","0.0000","0.0000","0.0000"
"100002780","BOAL00342","1.0000","1.0000","1.0000","0.0000","0.0000"
"100002780","BOAL01186-BOAL00340-BOAL00343-BOAL00347-BOAL00349","1.0000","1.0000","1.0000","0.0000","0.0000"
"100002780","BOAL00340","2.0000","1.0000","1.0000","0.0000","0.0000"
"100002780","BOAL00343","2.0000","1.0000","1.0000","0.0000","0.0000"
"100002780","BOAL00347","2.0000","1.0000","1.0000","0.0000","0.0000"
"100002780","BOAL00349","2.0000","1.0000","1.0000","0.0000","0.0000"
"100002781","BOVA01396","3.0000","3.0000","3.0000","0.0000","0.0000"
"100002782","BOVA01373","2.0000","0.0000","0.0000","2.0000","0.0000"
"100002782","BOVA01371","2.0000","0.0000","0.0000","2.0000","0.0000"
"100002782","BOVA01376","2.0000","0.0000","0.0000","2.0000","0.0000"
"100002783","ME00C127","1.0000","1.0000","1.0000","0.0000","0.0000"
"100002784","ME00C127","1.0000","1.0000","1.0000","0.0000","0.0000"
"100002785","BBR0010002","2.0000","2.0000","2.0000","0.0000","0.0000"
"100002785","BOVE00444","1.0000","1.0000","1.0000","0.0000","0.0000"
"100002785","CBRBAV0002","2.0000","2.0000","2.0000","0.0000","0.0000"
"100002786","BOAL00643","1.0000","1.0000","1.0000","0.0000","0.0000"
"100002786","BOAL00636","1.0000","1.0000","1.0000","0.0000","0.0000"
"100002787","BOVE00513","1.0000","1.0000","1.0000","0.0000","0.0000"
"100002788","BOVE00513","1.0000","1.0000","1.0000","0.0000","0.0000"
"100002789","BOAL01485","1.0000","1.0000","1.0000","0.0000","0.0000"
"100002790","BOBB00111","1.0000","1.0000","1.0000","0.0000","0.0000"
"100002791","BOAL01208-BOAL00379-BOAL00383-BOAL00385-BOAL00384","1.0000","1.0000","1.0000","0.0000","0.0000"
"100002791","BOAL00379","1.0000","1.0000","1.0000","0.0000","0.0000"
"100002791","BOAL00383","1.0000","1.0000","1.0000","0.0000","0.0000"
"100002791","BOAL00385","1.0000","1.0000","1.0000","0.0000","0.0000"
"100002791","BOAL00384","1.0000","1.0000","1.0000","0.0000","0.0000"
"100002792","BOVE00588","1.0000","1.0000","1.0000","0.0000","0.0000"
"100002793","BOVE00119","1.0000","1.0000","1.0000","0.0000","0.0000"
"100002793","BOCI00569","1.0000","1.0000","1.0000","0.0000","0.0000"
"100002794","BOAL01182-BOAL00327-BOAL00328-BOAL00329-BOAL00330","1.0000","1.0000","1.0000","0.0000","0.0000"
"100002794","BOAL00327","1.0000","1.0000","1.0000","0.0000","0.0000"
"100002794","BOAL00328","1.0000","1.0000","1.0000","0.0000","0.0000"
"100002794","BOAL00329","1.0000","1.0000","1.0000","0.0000","0.0000"
"100002794","BOAL00330","1.0000","1.0000","1.0000","0.0000","0.0000"
"100002794","BOAL00328","1.0000","1.0000","1.0000","0.0000","0.0000"
"100002794","BOAL00329","1.0000","1.0000","1.0000","0.0000","0.0000"
"100002795","BOVE00557","1.0000","1.0000","1.0000","0.0000","0.0000"
"100002796","BOVE00284","1.0000","1.0000","1.0000","0.0000","0.0000"
"100002796","BOVE00344","1.0000","1.0000","1.0000","0.0000","0.0000"
"100002796","BOVE00100","1.0000","1.0000","1.0000","0.0000","0.0000"
"100002797","BOBB00070","1.0000","1.0000","1.0000","0.0000","0.0000"
"100002798","BOVE00387","2.0000","2.0000","2.0000","0.0000","0.0000"
"100002798","BOVE00386","1.0000","1.0000","1.0000","0.0000","0.0000"
"100002799","BET0150003-BOAL00636-BOAL00643-BOAL00645-BOAL00639","1.0000","1.0000","1.0000","0.0000","0.0000"
"100002799","BOAL00636","2.0000","1.0000","1.0000","0.0000","0.0000"
"100002799","BOAL00643","2.0000","1.0000","1.0000","0.0000","0.0000"
"100002799","BOAL00645","2.0000","1.0000","1.0000","0.0000","0.0000"
"100002799","BOAL00639","2.0000","1.0000","1.0000","0.0000","0.0000"
"100002800","CCS0010002","2.0000","0.0000","0.0000","2.0000","0.0000"
"100002801","CCS0010002","2.0000","2.0000","2.0000","0.0000","0.0000"
"100002802","BOAL01182-BOAL00327-BOAL00328-BOAL00329-BOAL00330","1.0000","1.0000","1.0000","0.0000","0.0000"
"100002802","BOAL00327","1.0000","1.0000","1.0000","0.0000","0.0000"
"100002802","BOAL00328","1.0000","1.0000","1.0000","0.0000","0.0000"
"100002802","BOAL00329","1.0000","1.0000","1.0000","0.0000","0.0000"
"100002802","BOAL00330","1.0000","1.0000","1.0000","0.0000","0.0000"
"100002803","CBR0050001","1.0000","1.0000","1.0000","0.0000","0.0000"
"100002803","BOVE00482","1.0000","1.0000","1.0000","0.0000","0.0000"
"100002804","BOVE00114","2.0000","2.0000","2.0000","0.0000","0.0000"
"100002805","BOVE00521","2.0000","2.0000","2.0000","0.0000","0.0000"
"100002806","LLRSOL0031","1.0000","1.0000","1.0000","0.0000","0.0000"
"100002806","LLRSOL0032","1.0000","1.0000","1.0000","0.0000","0.0000"
"100002806","LLW0010001","1.0000","1.0000","1.0000","0.0000","0.0000"
"100002807","BOVE00577","1.0000","1.0000","1.0000","0.0000","0.0000"
"100002808","BOAL00923","2.0000","2.0000","2.0000","0.0000","0.0000"
"100002809","BOVE00379","2.0000","2.0000","2.0000","0.0000","0.0000"
"100002809","BOVE00378","2.0000","2.0000","2.0000","0.0000","0.0000"
"100002809","BOVE00380","2.0000","2.0000","2.0000","0.0000","0.0000"
"100002809","BOVE00381","2.0000","2.0000","2.0000","0.0000","0.0000"
"100002810","CBRLOR0001","1.0000","1.0000","1.0000","0.0000","0.0000"
"100002811","BOVE00003","4.0000","0.0000","0.0000","4.0000","0.0000"
"100002812","BOVE00003","4.0000","4.0000","4.0000","0.0000","0.0000"
"100002813","BOAL00922","1.0000","1.0000","1.0000","0.0000","0.0000"
"100002814","CCS0010002","2.0000","0.0000","0.0000","2.0000","0.0000"
"100002815","CCS0010002","2.0000","2.0000","2.0000","0.0000","0.0000"
"100002816","BOAL01174C-BOAL00317-BOAL00321-BOAL00323-BOAL00325-ME00C51","1.0000","0.0000","0.0000","1.0000","0.0000"
"100002816","BOAL00317","2.0000","0.0000","0.0000","0.0000","0.0000"
"100002816","BOAL00321","2.0000","0.0000","0.0000","0.0000","0.0000"
"100002816","BOAL00323","2.0000","0.0000","0.0000","0.0000","0.0000"
"100002816","BOAL00325","2.0000","0.0000","0.0000","0.0000","0.0000"
"100002816","ME00C51","1.0000","0.0000","0.0000","0.0000","0.0000"
"100002817","BOAL01218-BOAL00388-BOAL00393-BOAL00394-BOAL00396","1.0000","1.0000","1.0000","0.0000","0.0000"
"100002817","BOAL00388","2.0000","1.0000","1.0000","0.0000","0.0000"
"100002817","BOAL00393","2.0000","1.0000","1.0000","0.0000","0.0000"
"100002817","BOAL00394","2.0000","1.0000","1.0000","0.0000","0.0000"
"100002817","BOAL00396","2.0000","1.0000","1.0000","0.0000","0.0000"
"100002817","BOAL00389","2.0000","2.0000","2.0000","0.0000","0.0000"
"100002817","BOAL00391","2.0000","2.0000","2.0000","0.0000","0.0000"
"100002818","BOVE00374","2.0000","2.0000","2.0000","0.0000","0.0000"
"100002819","BOVE00391IB","1.0000","1.0000","1.0000","0.0000","0.0000"
"100002819","BOVE00389IB","1.0000","1.0000","1.0000","0.0000","0.0000"
"100002820","BOBB00055","1.0000","1.0000","1.0000","0.0000","0.0000"
"100002820","BOBB00058","1.0000","1.0000","1.0000","0.0000","0.0000"
"100002820","BOBB00059","1.0000","1.0000","1.0000","0.0000","0.0000"
"100002820","BOBB00069","1.0000","1.0000","1.0000","0.0000","0.0000"
"100002820","BOBB00064","1.0000","1.0000","1.0000","0.0000","0.0000"
"100002821","BOVE00156","1.0000","1.0000","1.0000","0.0000","0.0000"
"100002821","BOVE00158","1.0000","1.0000","1.0000","0.0000","0.0000"
"100002822","BOVE00386","4.0000","4.0000","4.0000","0.0000","0.0000"
"100002823","BOVE00712","1.0000","1.0000","1.0000","0.0000","0.0000"
"100002824","BOAL01495-BOAL01492-BOAL00422-BOAL00424-BOAL00426","1.0000","0.0000","0.0000","1.0000","0.0000"
"100002824","BOAL01492","2.0000","0.0000","0.0000","0.0000","0.0000"
"100002824","BOAL00422","2.0000","0.0000","0.0000","0.0000","0.0000"
"100002824","BOAL00424","2.0000","0.0000","0.0000","0.0000","0.0000"
"100002824","BOAL00426","2.0000","0.0000","0.0000","0.0000","0.0000"
"100002825","BOAL01495-BOAL01492-BOAL00422-BOAL00424-BOAL00426","1.0000","1.0000","1.0000","0.0000","0.0000"
"100002825","BOAL01492","2.0000","1.0000","1.0000","0.0000","0.0000"
"100002825","BOAL00422","2.0000","1.0000","1.0000","0.0000","0.0000"
"100002825","BOAL00424","2.0000","1.0000","1.0000","0.0000","0.0000"
"100002825","BOAL00426","2.0000","1.0000","1.0000","0.0000","0.0000"
"100002826","ME00036","1.0000","1.0000","1.0000","0.0000","0.0000"
"100002827","BOAL01178-BOAL00317-BOAL00321-BOAL00323-BOAL00325-BOAL00319-BOAL00322-BOAL00326","1.0000","1.0000","1.0000","0.0000","0.0000"
"100002827","BOAL00317","2.0000","1.0000","1.0000","0.0000","0.0000"
"100002827","BOAL00321","2.0000","1.0000","1.0000","0.0000","0.0000"
"100002827","BOAL00323","2.0000","1.0000","1.0000","0.0000","0.0000"
"100002827","BOAL00325","2.0000","1.0000","1.0000","0.0000","0.0000"
"100002827","BOAL00319","2.0000","1.0000","1.0000","0.0000","0.0000"
"100002827","BOAL00322","2.0000","1.0000","1.0000","0.0000","0.0000"
"100002827","BOAL00326","2.0000","1.0000","1.0000","0.0000","0.0000"
"100002827","BOCI00341","1.0000","1.0000","1.0000","0.0000","0.0000"
"100002828","BOVE00013","1.0000","1.0000","1.0000","0.0000","0.0000"
"100002828","BOVE00012","1.0000","1.0000","1.0000","0.0000","0.0000"
"100002829","BOVE00215","2.0000","2.0000","2.0000","0.0000","0.0000"
"100002830","BOAL00776","1.0000","1.0000","1.0000","0.0000","0.0000"
"100002830","BOAL00777","1.0000","1.0000","1.0000","0.0000","0.0000"
"100002831","BOVE00113","1.0000","1.0000","1.0000","0.0000","0.0000"
"100002831","BOVE00296","1.0000","1.0000","1.0000","0.0000","0.0000"
"100002832","ME00C127","1.0000","1.0000","1.0000","0.0000","0.0000"
"100002833","CBRYPS0019","2.0000","2.0000","2.0000","0.0000","0.0000"
"100002834","ME00C113","1.0000","1.0000","1.0000","0.0000","0.0000"
"100002835","BOVE00770","4.0000","4.0000","4.0000","0.0000","0.0000"
"100002836","CCS0010002","3.0000","0.0000","0.0000","3.0000","0.0000"
"100002837","LLRJAC0046","1.0000","1.0000","1.0000","0.0000","0.0000"
"100002837","LLRJAC0045","1.0000","1.0000","1.0000","0.0000","0.0000"
"100002838","BOCI00757","6.0000","6.0000","6.0000","0.0000","0.0000"
"100002839","LLRJAC0044","1.0000","1.0000","1.0000","0.0000","0.0000"
"100002840","BOVE00777","1.0000","0.0000","0.0000","1.0000","0.0000"
"100002841","BOVE00777","1.0000","1.0000","1.0000","0.0000","0.0000"
"100002842","CCS0010002","2.0000","2.0000","2.0000","0.0000","0.0000"
"100002843","CBR0050001","10.0000","10.0000","10.0000","0.0000","0.0000"
"100002844","BOAL00327","2.0000","2.0000","2.0000","0.0000","0.0000"
"100002844","BOAL00328","2.0000","2.0000","2.0000","0.0000","0.0000"
"100002844","BOAL00329","2.0000","2.0000","2.0000","0.0000","0.0000"
"100002845","BOBB00106","1.0000","1.0000","1.0000","0.0000","0.0000"
"100002846","CCS0010015","3.0000","3.0000","3.0000","0.0000","0.0000"
"100002846","CCS0010010","3.0000","3.0000","3.0000","0.0000","0.0000"
"100002846","CCS0010005","3.0000","3.0000","3.0000","0.0000","0.0000"
"100002847","BOAL01076-BOAL00109-BOAL00111-BOAL00113-BOAL00116","1.0000","1.0000","1.0000","0.0000","0.0000"
"100002847","BOAL00109","1.0000","1.0000","1.0000","0.0000","0.0000"
"100002847","BOAL00111","1.0000","1.0000","1.0000","0.0000","0.0000"
"100002847","BOAL00113","1.0000","1.0000","1.0000","0.0000","0.0000"
"100002847","BOAL00116","1.0000","1.0000","1.0000","0.0000","0.0000"
"100002848","CCS0010002","3.0000","3.0000","3.0000","0.0000","0.0000"
"100002849","BOAL00714","60.0000","60.0000","60.0000","0.0000","0.0000"
"100002850","BAR0110013","2.0000","2.0000","2.0000","0.0000","0.0000"
"100002850","BAR0110014","2.0000","2.0000","2.0000","0.0000","0.0000"
"100002851","BOAL01455-BOAL00656-BOAL00661-BOAL00662","3.0000","3.0000","3.0000","0.0000","0.0000"
"100002851","BOAL00656","3.0000","1.0000","1.0000","0.0000","0.0000"
"100002851","BOAL00661","3.0000","1.0000","1.0000","0.0000","0.0000"
"100002851","BOAL00662","3.0000","1.0000","1.0000","0.0000","0.0000"
"100002852","BOVE00270","1.0000","1.0000","1.0000","0.0000","0.0000"
"100002853","CAR0010002","1.0000","0.0000","0.0000","1.0000","0.0000"
"100002854","BOBB00112","1.0000","1.0000","1.0000","0.0000","0.0000"
"100002854","BOBB00116","1.0000","1.0000","1.0000","0.0000","0.0000"
"100002855","BOVE00117","1.0000","1.0000","1.0000","0.0000","0.0000"
"100002856","BOVE00391","2.0000","2.0000","2.0000","0.0000","0.0000"
"100002857","CCS0010002","2.0000","2.0000","2.0000","0.0000","0.0000"
"100002858","BOVE00724","1.0000","0.0000","0.0000","1.0000","0.0000"
"100002859","BOVE00374","2.0000","2.0000","2.0000","0.0000","0.0000"
"100002860","BOVE00067","12.0000","0.0000","0.0000","12.0000","0.0000"
"100002861","BOVE00518","1.0000","1.0000","1.0000","0.0000","0.0000"
"100002862","BOVE00296","1.0000","1.0000","1.0000","0.0000","0.0000"
"100002863","BOVE00488","2.0000","2.0000","2.0000","0.0000","0.0000"
"100002864","CCS0010002","3.0000","3.0000","3.0000","0.0000","0.0000"
"100002864","BOBB00028","3.0000","3.0000","3.0000","0.0000","0.0000"
"100002865","BOVE00541","1.0000","1.0000","1.0000","0.0000","0.0000"
"100002866","ME00C51","1.0000","1.0000","1.0000","0.0000","0.0000"
"100002867","BOVE00543","1.0000","1.0000","1.0000","0.0000","0.0000"
"100002867","BOVE00539","1.0000","1.0000","1.0000","0.0000","0.0000"
"100002868","BOBB00270","1.0000","1.0000","1.0000","0.0000","0.0000"
"100002868","BOVE00113","1.0000","1.0000","1.0000","0.0000","0.0000"
"100002869","BOVE00513","2.0000","2.0000","2.0000","0.0000","0.0000"
"100002870","BOVE00198","1.0000","1.0000","1.0000","0.0000","0.0000"
"100002870","BOVE00197","1.0000","1.0000","1.0000","0.0000","0.0000"
"100002871","BOVE00349","1.0000","1.0000","1.0000","0.0000","0.0000"
"100002871","BOVE00350","1.0000","1.0000","1.0000","0.0000","0.0000"
"100002871","BOVE00356","1.0000","1.0000","1.0000","0.0000","0.0000"
"100002872","BBR0010002","1.0000","1.0000","1.0000","0.0000","0.0000"
"100002873","BOVE00452","1.0000","1.0000","1.0000","0.0000","0.0000"
"100002874","BOAL01182-BOAL00327-BOAL00328-BOAL00329-BOAL00330","2.0000","0.0000","0.0000","2.0000","0.0000"
"100002874","BOAL00327","2.0000","0.0000","0.0000","0.0000","0.0000"
"100002874","BOAL00328","2.0000","0.0000","0.0000","0.0000","0.0000"
"100002874","BOAL00329","2.0000","0.0000","0.0000","0.0000","0.0000"
"100002874","BOAL00330","2.0000","0.0000","0.0000","0.0000","0.0000"
"100002875","BOAL01183-BOAL00327-BOAL00328-BOAL00329-BOAL00330","1.0000","1.0000","1.0000","0.0000","0.0000"
"100002875","BOAL00327","2.0000","1.0000","1.0000","0.0000","0.0000"
"100002875","BOAL00328","2.0000","1.0000","1.0000","0.0000","0.0000"
"100002875","BOAL00329","2.0000","1.0000","1.0000","0.0000","0.0000"
"100002875","BOAL00330","2.0000","1.0000","1.0000","0.0000","0.0000"
"100002876","ME00443","3.0000","3.0000","3.0000","0.0000","0.0000"
"100002877","BOAL01173-BOAL00317-BOAL00321-BOAL00323-BOAL00325","1.0000","0.0000","0.0000","1.0000","0.0000"
"100002877","BOAL00317","1.0000","0.0000","0.0000","0.0000","0.0000"
"100002877","BOAL00321","1.0000","0.0000","0.0000","0.0000","0.0000"
"100002877","BOAL00323","1.0000","0.0000","0.0000","0.0000","0.0000"
"100002877","BOAL00325","1.0000","0.0000","0.0000","0.0000","0.0000"
"300000015","BOVE00389IB","3.0000","3.0000","3.0000","0.0000","0.0000"
"100002878","ME00C51","1.0000","1.0000","1.0000","0.0000","0.0000"
"100002879","BOVE00296","1.0000","1.0000","1.0000","0.0000","0.0000"
"100002880","BOAL01182C-BOAL00327-BOAL00328-BOAL00329-BOAL00330-ME00C24","1.0000","1.0000","1.0000","0.0000","0.0000"
"100002880","BOAL00327","1.0000","1.0000","1.0000","0.0000","0.0000"
"100002880","BOAL00328","1.0000","1.0000","1.0000","0.0000","0.0000"
"100002880","BOAL00329","1.0000","1.0000","1.0000","0.0000","0.0000"
"100002880","BOAL00330","1.0000","1.0000","1.0000","0.0000","0.0000"
"100002880","ME00C24","1.0000","1.0000","1.0000","0.0000","0.0000"
"100002880","BOAL01182-BOAL00327-BOAL00328-BOAL00329-BOAL00330","1.0000","1.0000","1.0000","0.0000","0.0000"
"100002880","BOAL00327","1.0000","1.0000","1.0000","0.0000","0.0000"
"100002880","BOAL00328","1.0000","1.0000","1.0000","0.0000","0.0000"
"100002880","BOAL00329","1.0000","1.0000","1.0000","0.0000","0.0000"
"100002880","BOAL00330","1.0000","1.0000","1.0000","0.0000","0.0000"
"100002881","BCO0090013-BCO0090001-BCO0090002-BCO0090003-BCO0090004","1.0000","0.0000","0.0000","1.0000","0.0000"
"100002881","BCO0090001","2.0000","0.0000","0.0000","0.0000","0.0000"
"100002881","BCO0090002","2.0000","0.0000","0.0000","0.0000","0.0000"
"100002881","BCO0090003","2.0000","0.0000","0.0000","0.0000","0.0000"
"100002881","BCO0090004","2.0000","0.0000","0.0000","0.0000","0.0000"
"100002882","BOVE00658","1.0000","1.0000","1.0000","0.0000","0.0000"
"100002883","BOVE00296","1.0000","1.0000","1.0000","0.0000","0.0000"
"100002884","LLRABE0012","1.0000","1.0000","1.0000","0.0000","0.0000"
"100002885","BOVA01193","1.0000","1.0000","1.0000","0.0000","0.0000"
"100002885","BOVA01194","1.0000","1.0000","1.0000","0.0000","0.0000"
"100002885","BOVA01195","1.0000","1.0000","1.0000","0.0000","0.0000"
"100002885","BOVA01196","1.0000","1.0000","1.0000","0.0000","0.0000"
"100002885","BOVA01198","1.0000","1.0000","1.0000","0.0000","0.0000"
"100002885","BOVA01199","1.0000","1.0000","1.0000","0.0000","0.0000"
"100002885","BOVA01201","1.0000","1.0000","1.0000","0.0000","0.0000"
"100002885","BOVA01202","1.0000","1.0000","1.0000","0.0000","0.0000"
"100002885","BOVA01203","1.0000","1.0000","1.0000","0.0000","0.0000"
"100002886","BOVE00568","1.0000","1.0000","1.0000","0.0000","0.0000"
"100002886","BOVE00536","1.0000","1.0000","1.0000","0.0000","0.0000"
"100002886","BOAL01174C-BOAL00317-BOAL00321-BOAL00323-BOAL00325-ME00C51","1.0000","1.0000","1.0000","0.0000","0.0000"
"100002886","BOAL00317","2.0000","1.0000","1.0000","0.0000","0.0000"
"100002886","BOAL00321","2.0000","1.0000","1.0000","0.0000","0.0000"
"100002886","BOAL00323","2.0000","1.0000","1.0000","0.0000","0.0000"
"100002886","BOAL00325","2.0000","1.0000","1.0000","0.0000","0.0000"
"100002886","ME00C51","1.0000","1.0000","1.0000","0.0000","0.0000"
"100002887","BOVE00516","1.0000","1.0000","1.0000","0.0000","0.0000"
"100002888","ME00C24","1.0000","1.0000","1.0000","0.0000","0.0000"
"100002889","BOVE00621","2.0000","2.0000","2.0000","0.0000","0.0000"
"100002890","BOVE00210","1.0000","1.0000","1.0000","0.0000","0.0000"
"100002891","BOBB00109","1.0000","1.0000","1.0000","0.0000","0.0000"
"100002892","BOVE00139","1.0000","1.0000","1.0000","0.0000","0.0000"
"100002892","BOVE00137","1.0000","1.0000","1.0000","0.0000","0.0000"
"100002893","BOAL00759","2.0000","2.0000","2.0000","0.0000","0.0000"
"100002894","BOVE00588","1.0000","1.0000","1.0000","0.0000","0.0000"
"100002895","BOVE00109","1.0000","1.0000","1.0000","0.0000","0.0000"
"100002896","BOVA01137","1.0000","1.0000","1.0000","0.0000","0.0000"
"100002897","BOVE00638","1.0000","1.0000","1.0000","0.0000","0.0000"
"100002898","BET0110003-BOAL00607-BOAL00613-BOAL00615-BOAL00609","1.0000","1.0000","1.0000","0.0000","0.0000"
"100002898","BOAL00607","2.0000","1.0000","1.0000","0.0000","0.0000"
"100002898","BOAL00613","2.0000","1.0000","1.0000","0.0000","0.0000"
"100002898","BOAL00615","2.0000","1.0000","1.0000","0.0000","0.0000"
"100002898","BOAL00609","2.0000","1.0000","1.0000","0.0000","0.0000"
"100002898","BET0110002-BOAL00607-BOAL00613-BOAL00615-BOAL00609","1.0000","1.0000","1.0000","0.0000","0.0000"
"100002898","BOAL00607","1.0000","1.0000","1.0000","0.0000","0.0000"
"100002898","BOAL00613","1.0000","1.0000","1.0000","0.0000","0.0000"
"100002898","BOAL00615","1.0000","1.0000","1.0000","0.0000","0.0000"
"100002898","BOAL00609","1.0000","1.0000","1.0000","0.0000","0.0000"
"100002899","BOAL00428","2.0000","2.0000","2.0000","0.0000","0.0000"
"100002900","CCS0010002","1.0000","1.0000","1.0000","0.0000","0.0000"
"100002901","CARTIV0230","11.0000","11.0000","11.0000","0.0000","0.0000"
"100002902","CAR0080001","2.0000","2.0000","2.0000","0.0000","0.0000"
"100002903","BOVE00013","1.0000","1.0000","1.0000","0.0000","0.0000"
"100002904","BOVE00467","1.0000","1.0000","1.0000","0.0000","0.0000"
"100002905","BOBB00053","1.0000","1.0000","1.0000","0.0000","0.0000"
"100002905","SDO0011059","1.0000","1.0000","1.0000","0.0000","0.0000"
"100002906","BOAL01183-BOAL00327-BOAL00328-BOAL00329-BOAL00330","1.0000","1.0000","1.0000","0.0000","0.0000"
"100002906","BOAL00327","2.0000","1.0000","1.0000","0.0000","0.0000"
"100002906","BOAL00328","2.0000","1.0000","1.0000","0.0000","0.0000"
"100002906","BOAL00329","2.0000","1.0000","1.0000","0.0000","0.0000"
"100002906","BOAL00330","2.0000","1.0000","1.0000","0.0000","0.0000"
"100002907","BOVE00626","2.0000","2.0000","2.0000","0.0000","0.0000"
"100002908","BOAL00317","3.0000","3.0000","3.0000","0.0000","0.0000"
"100002909","BA00014","1.0000","1.0000","1.0000","0.0000","0.0000"
"100002910","BOAL00716","6.0000","6.0000","6.0000","0.0000","0.0000"
"100002911","CCS0010008","3.0000","3.0000","3.0000","0.0000","0.0000"
"100002912","BOVE00339","1.0000","1.0000","1.0000","0.0000","0.0000"
"100002913","BOVE00117","1.0000","1.0000","1.0000","0.0000","0.0000"
"100002914","BOVE00658","1.0000","1.0000","1.0000","0.0000","0.0000"
"100002915","BOAL00757","9.0000","9.0000","9.0000","0.0000","9.0000"
"100002916","BOVE00296","1.0000","1.0000","1.0000","0.0000","0.0000"
"100002917","ME00C113","1.0000","1.0000","1.0000","0.0000","1.0000"
"100002918","BOVE00309","1.0000","0.0000","0.0000","1.0000","0.0000"
"100002919","BOVE00537","1.0000","1.0000","1.0000","0.0000","0.0000"
"100002920","BOVE00309","1.0000","1.0000","1.0000","0.0000","0.0000"
"100002921","BOCI00792","2.0000","2.0000","2.0000","0.0000","0.0000"
"100002922","BOVE00339","1.0000","1.0000","1.0000","0.0000","0.0000"
"100002923","BOVE00511","1.0000","1.0000","1.0000","0.0000","0.0000"
"100002924","ME00C113","1.0000","1.0000","1.0000","0.0000","0.0000"
"100002925","CCS0010003","1.0000","1.0000","1.0000","0.0000","0.0000"
"100002926","BOVE00325","2.0000","2.0000","2.0000","0.0000","0.0000"
"100002927","BOVE00359","1.0000","1.0000","1.0000","0.0000","0.0000"
"100002928","ME00C127","1.0000","1.0000","1.0000","0.0000","0.0000"
"100002929","BOAL00454","1.0000","1.0000","1.0000","0.0000","0.0000"
"100002930","BOVE00111","7.0000","7.0000","7.0000","0.0000","0.0000"
"100002930","BOVE00378","4.0000","4.0000","4.0000","0.0000","0.0000"
"100002931","ME00C127","1.0000","1.0000","1.0000","0.0000","0.0000"
"100002932","CCS0010002","2.0000","2.0000","2.0000","0.0000","0.0000"
"100002933","BOAL01173-BOAL00317-BOAL00321-BOAL00323-BOAL00325","1.0000","1.0000","1.0000","0.0000","0.0000"
"100002933","BOAL00317","1.0000","1.0000","1.0000","0.0000","0.0000"
"100002933","BOAL00321","1.0000","1.0000","1.0000","0.0000","0.0000"
"100002933","BOAL00323","1.0000","1.0000","1.0000","0.0000","0.0000"
"100002933","BOAL00325","1.0000","1.0000","1.0000","0.0000","0.0000"
"100002934","BOVE00117","1.0000","1.0000","1.0000","0.0000","0.0000"
"100002935","BOCI00583","1.0000","1.0000","1.0000","0.0000","0.0000"
"100002936","BOVE00724","1.0000","0.0000","0.0000","1.0000","0.0000"
"100002936","BOAL01172-BOAL00317-BOAL00321-BOAL00323","1.0000","0.0000","0.0000","1.0000","0.0000"
"100002936","BOAL00317","1.0000","0.0000","0.0000","0.0000","0.0000"
"100002936","BOAL00321","1.0000","0.0000","0.0000","0.0000","0.0000"
"100002936","BOAL00323","1.0000","0.0000","0.0000","0.0000","0.0000"
"100002937","BOVE00267","1.0000","1.0000","1.0000","0.0000","0.0000"
"100002937","LLRSOL0028","1.0000","1.0000","1.0000","0.0000","0.0000"
"100002938","BOAL01181-BOAL00327-BOAL00328-BOAL00329","1.0000","0.0000","0.0000","1.0000","0.0000"
"100002938","BOAL00327","1.0000","0.0000","0.0000","0.0000","0.0000"
"100002938","BOAL00328","1.0000","0.0000","0.0000","0.0000","0.0000"
"100002938","BOAL00329","1.0000","0.0000","0.0000","0.0000","0.0000"
"100002939","BOAL01181-BOAL00327-BOAL00328-BOAL00329","1.0000","1.0000","1.0000","0.0000","0.0000"
"100002939","BOAL00327","1.0000","1.0000","1.0000","0.0000","0.0000"
"100002939","BOAL00328","1.0000","1.0000","1.0000","0.0000","0.0000"
"100002939","BOAL00329","1.0000","1.0000","1.0000","0.0000","0.0000"
"100002940","LLRSOL0032","1.0000","1.0000","1.0000","0.0000","0.0000"
"100002941","BAM0040007","1.0000","1.0000","1.0000","0.0000","0.0000"
"100002941","BAM0040008","1.0000","1.0000","1.0000","0.0000","0.0000"
"100002941","BAM0040007","1.0000","1.0000","1.0000","0.0000","0.0000"
"100002941","BAM0040008","1.0000","1.0000","1.0000","0.0000","0.0000"
"100002942","ME00C127","1.0000","1.0000","1.0000","0.0000","0.0000"
"100002943","ME00C127","1.0000","1.0000","1.0000","0.0000","0.0000"
"100002944","BOVE00600","2.0000","2.0000","2.0000","0.0000","0.0000"
"100002944","BOAL00322","2.0000","2.0000","2.0000","0.0000","0.0000"
"100002945","CCS0010003","1.0000","1.0000","1.0000","0.0000","0.0000"
"100002946","BOVE00002","2.0000","2.0000","2.0000","0.0000","0.0000"
"100002946","BOVE00003","2.0000","2.0000","2.0000","0.0000","0.0000"
"100002947","CCS0010002","3.0000","3.0000","3.0000","0.0000","0.0000"
"100002947","BOVE00307","1.0000","1.0000","1.0000","0.0000","0.0000"
"100002948","CCS0010013","2.0000","2.0000","2.0000","0.0000","0.0000"
"100002949","BOVE00387","2.0000","2.0000","2.0000","0.0000","0.0000"
"100002950","BOAL00785","6.0000","6.0000","6.0000","0.0000","0.0000"
"100002951","CCS0010013","2.0000","2.0000","2.0000","0.0000","0.0000"
"100002951","CCS0010015","2.0000","2.0000","2.0000","0.0000","0.0000"
"100002952","BOVE00626","1.0000","1.0000","1.0000","0.0000","0.0000"
"100002953","BOVA01267","1.0000","1.0000","1.0000","0.0000","0.0000"
"100002954","BOVE00341","1.0000","1.0000","1.0000","0.0000","0.0000"
"100002955","BOVE00344","1.0000","0.0000","0.0000","1.0000","0.0000"
"100002956","BCO0090013-BCO0090001-BCO0090002-BCO0090003-BCO0090004","1.0000","0.0000","0.0000","1.0000","0.0000"
"100002956","BCO0090001","2.0000","0.0000","0.0000","0.0000","0.0000"
"100002956","BCO0090002","2.0000","0.0000","0.0000","0.0000","0.0000"
"100002956","BCO0090003","2.0000","0.0000","0.0000","0.0000","0.0000"
"100002956","BCO0090004","2.0000","0.0000","0.0000","0.0000","0.0000"
"100002957","BOCI00476","1.0000","1.0000","1.0000","0.0000","0.0000"
"100002958","BOVE00524","1.0000","1.0000","1.0000","0.0000","0.0000"
"100002959","BOAL00705","2.0000","0.0000","0.0000","2.0000","0.0000"
"100002960","BOVE00506","2.0000","2.0000","2.0000","0.0000","0.0000"
"100002961","BOVE00374","2.0000","2.0000","2.0000","0.0000","0.0000"
"100002962","BOVE00296","1.0000","1.0000","1.0000","0.0000","0.0000"
"100002963","BOVE00359","1.0000","1.0000","1.0000","0.0000","0.0000"
"100002964","BOAL00713","19.0000","19.0000","19.0000","0.0000","0.0000"
"100002965","BOVA01526","6.0000","6.0000","6.0000","0.0000","0.0000"
"100002966","BCO0090013-BCO0090001-BCO0090002-BCO0090003-BCO0090004","1.0000","0.0000","0.0000","1.0000","0.0000"
"100002966","BCO0090001","2.0000","0.0000","0.0000","0.0000","0.0000"
"100002966","BCO0090002","2.0000","0.0000","0.0000","0.0000","0.0000"
"100002966","BCO0090003","2.0000","0.0000","0.0000","0.0000","0.0000"
"100002966","BCO0090004","2.0000","0.0000","0.0000","0.0000","0.0000"
"100002967","BCO0090013-BCO0090001-BCO0090002-BCO0090003-BCO0090004","1.0000","1.0000","1.0000","0.0000","0.0000"
"100002967","BCO0090001","2.0000","1.0000","1.0000","0.0000","0.0000"
"100002967","BCO0090002","2.0000","1.0000","1.0000","0.0000","0.0000"
"100002967","BCO0090003","2.0000","1.0000","1.0000","0.0000","0.0000"
"100002967","BCO0090004","2.0000","1.0000","1.0000","0.0000","0.0000"
"100002968","CIT0010001","1.0000","1.0000","1.0000","0.0000","0.0000"
"100002968","BOBB00238","1.0000","1.0000","1.0000","0.0000","0.0000"
"100002968","BOVA00505","1.0000","1.0000","1.0000","0.0000","0.0000"
"100002969","CCS0010003","2.0000","0.0000","0.0000","2.0000","0.0000"
"100002970","CCS0010003","2.0000","2.0000","2.0000","0.0000","0.0000"
"100002971","BOAL00743","1.0000","1.0000","1.0000","0.0000","0.0000"
"100002972","BOCI00605","1.0000","1.0000","1.0000","0.0000","0.0000"
"100002972","BOVE00289","1.0000","1.0000","1.0000","0.0000","0.0000"
"100002972","BOVE00518","1.0000","1.0000","1.0000","0.0000","0.0000"
"100002972","BOVE00521","1.0000","1.0000","1.0000","0.0000","0.0000"
"100002972","BOBB00292","1.0000","1.0000","1.0000","0.0000","0.0000"
"100002972","BOBB00062","1.0000","1.0000","1.0000","0.0000","0.0000"
"100002972","BOVE00365","2.0000","2.0000","2.0000","0.0000","0.0000"
"100002973","BOVE00372","2.0000","2.0000","2.0000","0.0000","0.0000"
"100002974","BOVE00478","1.0000","1.0000","1.0000","0.0000","0.0000"
"100002975","BOAL00705","2.0000","2.0000","2.0000","0.0000","0.0000"
"100002976","CCS0010002","2.0000","2.0000","2.0000","0.0000","0.0000"
"100002977","CCS0010002","3.0000","3.0000","3.0000","0.0000","0.0000"
"100002978","CCS0010005","2.0000","0.0000","0.0000","2.0000","0.0000"
"100002978","CCS0010002","2.0000","0.0000","0.0000","2.0000","0.0000"
"100002978","CCS0010014","2.0000","0.0000","0.0000","2.0000","0.0000"
"100002979","CCS0010005","2.0000","2.0000","2.0000","0.0000","0.0000"
"100002979","CCS0010002","2.0000","2.0000","2.0000","0.0000","0.0000"
"100002979","CCS0010014","2.0000","2.0000","2.0000","0.0000","0.0000"
"100002980","BET0160003-BOAL00664-BOAL00665-BOAL00668-BOAL00666","1.0000","1.0000","1.0000","0.0000","0.0000"
"100002980","BOAL00664","2.0000","1.0000","1.0000","0.0000","0.0000"
"100002980","BOAL00665","2.0000","1.0000","1.0000","0.0000","0.0000"
"100002980","BOAL00668","2.0000","1.0000","1.0000","0.0000","0.0000"
"100002980","BOAL00666","2.0000","1.0000","1.0000","0.0000","0.0000"
"100002980","BOCI00487","1.0000","1.0000","1.0000","0.0000","0.0000"
"100002981","BET0160002-BOAL00664-BOAL00665-BOAL00668-BOAL00666","2.0000","2.0000","2.0000","0.0000","0.0000"
"100002981","BOAL00664","2.0000","1.0000","1.0000","0.0000","0.0000"
"100002981","BOAL00665","2.0000","1.0000","1.0000","0.0000","0.0000"
"100002981","BOAL00668","2.0000","1.0000","1.0000","0.0000","0.0000"
"100002981","BOAL00666","2.0000","1.0000","1.0000","0.0000","0.0000"
"100002982","BOVE00446","1.0000","1.0000","1.0000","0.0000","0.0000"
"100002983","BOVE00458","1.0000","1.0000","1.0000","0.0000","0.0000"
"100002984","BOVE00776","1.0000","1.0000","1.0000","0.0000","0.0000"
"100002985","BOBB00062","1.0000","1.0000","1.0000","0.0000","0.0000"
"100002986","BOAL00714","330.0000","330.0000","330.0000","0.0000","0.0000"
"100002986","SRC-UPS","1.0000","1.0000","1.0000","0.0000","0.0000"
"100002987","BOVA00540","2.0000","2.0000","2.0000","0.0000","0.0000"
"100002988","BOVE00782","1.0000","1.0000","1.0000","0.0000","0.0000"
"100002989","BOAL00713","6.0000","0.0000","0.0000","6.0000","0.0000"
"100002990","BOVE00262","4.0000","4.0000","4.0000","0.0000","0.0000"
"100002991","BOBB00236","1.0000","1.0000","1.0000","0.0000","0.0000"
"100002992","BOCI00716","6.0000","0.0000","0.0000","6.0000","0.0000"
"100002993","BOCI00716","6.0000","0.0000","0.0000","6.0000","0.0000"
"100002994","BOCI00716","6.0000","0.0000","0.0000","6.0000","0.0000"
"100002995","BOVE00793","1.0000","1.0000","1.0000","0.0000","0.0000"
"100002996","BOAL00930","1.0000","1.0000","1.0000","0.0000","0.0000"
"100002997","BOVE00249","1.0000","1.0000","1.0000","0.0000","0.0000"
"100002998","BOVE00079","1.0000","1.0000","1.0000","0.0000","0.0000"
"100002999","ME00C113","1.0000","1.0000","1.0000","0.0000","0.0000"
"100003000","BOVE00724","14.0000","14.0000","14.0000","0.0000","0.0000"
"100003000","BOVE00391","10.0000","10.0000","10.0000","0.0000","0.0000"
"100003000","BOAL00710","14.0000","14.0000","14.0000","0.0000","0.0000"
"100003000","BOVE00537","3.0000","3.0000","3.0000","0.0000","0.0000"
"100003000","BOUU00071","1.0000","1.0000","1.0000","0.0000","0.0000"
"100003001","BOVA01529","5.0000","5.0000","5.0000","0.0000","0.0000"
"100003002","BOVA01109","3.0000","3.0000","3.0000","0.0000","0.0000"
"100003002","BOVA01111","4.0000","4.0000","4.0000","0.0000","0.0000"
"100003003","CBRBAV0002","1.0000","1.0000","1.0000","0.0000","0.0000"
"100003004","BOVE00169","1.0000","1.0000","1.0000","0.0000","0.0000"
"100003004","BOVE00171","1.0000","1.0000","1.0000","0.0000","0.0000"
"100003005","BOAL01375-BOAL00206-BOAL00261-BOAL00219-BOAL00238-BOAL00187-BOAL00245-BOAL00226","1.0000","1.0000","1.0000","0.0000","1.0000"
"100003005","BOAL00206","1.0000","1.0000","1.0000","0.0000","1.0000"
"100003005","BOAL00261","1.0000","1.0000","1.0000","0.0000","1.0000"
"100003005","BOAL00219","1.0000","1.0000","1.0000","0.0000","1.0000"
"100003005","BOAL00238","1.0000","1.0000","1.0000","0.0000","1.0000"
"100003005","BOAL00187","1.0000","1.0000","1.0000","0.0000","1.0000"
"100003005","BOAL00245","1.0000","1.0000","1.0000","0.0000","1.0000"
"100003005","BOAL00226","1.0000","1.0000","1.0000","0.0000","1.0000"
"100003006","BOAL00705","1.0000","0.0000","0.0000","1.0000","0.0000"
"100003007","BOAL01183-BOAL00327-BOAL00328-BOAL00329-BOAL00330","1.0000","1.0000","1.0000","0.0000","0.0000"
"100003007","BOAL00327","2.0000","1.0000","1.0000","0.0000","0.0000"
"100003007","BOAL00328","2.0000","1.0000","1.0000","0.0000","0.0000"
"100003007","BOAL00329","2.0000","1.0000","1.0000","0.0000","0.0000"
"100003007","BOAL00330","2.0000","1.0000","1.0000","0.0000","0.0000"
"100003008","BOVE00448","1.0000","1.0000","1.0000","0.0000","0.0000"
"100003009","BA00002","8.0000","8.0000","8.0000","0.0000","0.0000"
"100003010","BOVE00359","1.0000","0.0000","0.0000","1.0000","0.0000"
"100003011","BOVE00359","1.0000","0.0000","0.0000","1.0000","0.0000"
"100003012","BOBB00003","1.0000","1.0000","1.0000","0.0000","0.0000"
"100003013","BOBB00270","4.0000","4.0000","4.0000","0.0000","0.0000"
"100003014","BOVE00272","1.0000","1.0000","1.0000","0.0000","0.0000"
"100003014","LLRCOT0080","1.0000","1.0000","1.0000","0.0000","0.0000"
"100003014","BOVE00394","1.0000","1.0000","1.0000","0.0000","0.0000"
"100003015","BOVE00117","3.0000","3.0000","3.0000","0.0000","0.0000"
"100003016","BOVE00469","2.0000","2.0000","2.0000","0.0000","0.0000"
"100003017","CCS0010005","2.0000","2.0000","2.0000","0.0000","0.0000"
"100003017","CCS0010002","4.0000","4.0000","4.0000","0.0000","0.0000"
"100003018","BOVE00359","1.0000","1.0000","1.0000","0.0000","0.0000"
"100003019","BOAL01495-BOAL01492-BOAL00422-BOAL00424-BOAL00426","1.0000","1.0000","1.0000","0.0000","0.0000"
"100003019","BOAL01492","2.0000","1.0000","1.0000","0.0000","0.0000"
"100003019","BOAL00422","2.0000","1.0000","1.0000","0.0000","0.0000"
"100003019","BOAL00424","2.0000","1.0000","1.0000","0.0000","0.0000"
"100003019","BOAL00426","2.0000","1.0000","1.0000","0.0000","0.0000"
"100003019","BOCI00810","1.0000","1.0000","1.0000","0.0000","0.0000"
"100003020","CBR0030001","1.0000","1.0000","1.0000","0.0000","0.0000"
"100003020","CBR0030002","2.0000","2.0000","2.0000","0.0000","0.0000"
"100003021","CAR0010002","1.0000","1.0000","1.0000","0.0000","0.0000"
"100003022","BOVE00517","1.0000","1.0000","1.0000","0.0000","0.0000"
"100003023","BOVE00309","1.0000","1.0000","1.0000","0.0000","0.0000"
"100003023","BOVE00526","2.0000","2.0000","2.0000","0.0000","0.0000"
"100003023","BOVE00536","2.0000","2.0000","2.0000","0.0000","0.0000"
"100003023","BOVE00778","1.0000","1.0000","1.0000","0.0000","0.0000"
"100003024","BOVE00359","1.0000","1.0000","1.0000","0.0000","0.0000"
"100003025","BOVE00556","1.0000","1.0000","1.0000","0.0000","0.0000"
"100003025","BOVE00573","1.0000","1.0000","1.0000","0.0000","0.0000"
"100003026","CFU0010001","1.0000","1.0000","1.0000","0.0000","0.0000"
"100003026","CFU0010004","1.0000","1.0000","1.0000","0.0000","0.0000"
"100003026","CFU0010006","1.0000","1.0000","1.0000","0.0000","0.0000"
"100003027","LLRABE0014","2.0000","0.0000","0.0000","2.0000","0.0000"
"100003027","BOVE00711","1.0000","0.0000","0.0000","1.0000","0.0000"
"100003027","LLRABE0018","1.0000","0.0000","0.0000","1.0000","0.0000"
"100003027","BOVE00488","1.0000","0.0000","0.0000","1.0000","0.0000"
"100003028","LLRABE0014","2.0000","2.0000","2.0000","0.0000","0.0000"
"100003028","BOVE00711","1.0000","1.0000","1.0000","0.0000","0.0000"
"100003028","LLRABE0018","1.0000","1.0000","1.0000","0.0000","0.0000"
"100003028","BOVE00488","1.0000","1.0000","1.0000","0.0000","0.0000"
"100003029","BOVE00247","2.0000","2.0000","2.0000","0.0000","0.0000"
"100003029","BOVE00764","2.0000","2.0000","2.0000","0.0000","0.0000"
"100003029","BOVE00766","2.0000","2.0000","2.0000","0.0000","0.0000"
"100003029","BOVE00768","2.0000","2.0000","2.0000","0.0000","0.0000"
"100003030","BOVE00359","1.0000","1.0000","1.0000","0.0000","0.0000"
"100003030","SDO0048207","1.0000","1.0000","1.0000","0.0000","0.0000"
"100003030","BOVE00113","1.0000","1.0000","1.0000","0.0000","0.0000"
"100003031","BOAL00729","6.0000","6.0000","6.0000","0.0000","0.0000"
"100003032","CCS0010014","1.0000","1.0000","1.0000","0.0000","0.0000"
"100003032","CCS0010005","1.0000","1.0000","1.0000","0.0000","0.0000"
"100003033","BOVE00610","2.0000","2.0000","2.0000","0.0000","0.0000"
"100003034","BOBB00106","1.0000","1.0000","1.0000","0.0000","0.0000"
"100003034","BOVA01302","4.0000","4.0000","4.0000","0.0000","0.0000"
"100003035","BOVE00610","2.0000","0.0000","0.0000","2.0000","0.0000"
"100003036","BOAL01183-BOAL00327-BOAL00328-BOAL00329-BOAL00330","1.0000","1.0000","1.0000","0.0000","0.0000"
"100003036","BOAL00327","2.0000","1.0000","1.0000","0.0000","0.0000"
"100003036","BOAL00328","2.0000","1.0000","1.0000","0.0000","0.0000"
"100003036","BOAL00329","2.0000","1.0000","1.0000","0.0000","0.0000"
"100003036","BOAL00330","2.0000","1.0000","1.0000","0.0000","0.0000"
"100003037","BOBB00121","1.0000","1.0000","1.0000","0.0000","0.0000"
"100003038","CCS0010002","2.0000","2.0000","2.0000","0.0000","0.0000"
"100003039","BOCI00829","1.0000","1.0000","1.0000","0.0000","0.0000"
"100003040","BOCI00567","1.0000","1.0000","1.0000","0.0000","0.0000"
"200000015","BOVE00569","2.0000","2.0000","2.0000","0.0000","0.0000"
"100003041","BOVE00513","1.0000","1.0000","1.0000","0.0000","0.0000"
"100003042","BOCI00675","1.0000","1.0000","1.0000","0.0000","0.0000"
"100003042","BOCI00819","1.0000","1.0000","1.0000","0.0000","0.0000"
"100003043","BOVE00600","1.0000","1.0000","1.0000","0.0000","0.0000"
"100003043","BAR0110011","1.0000","1.0000","1.0000","0.0000","0.0000"
"100003043","BOVE00601","1.0000","1.0000","1.0000","0.0000","0.0000"
"100003044","BOAL00922","2.0000","2.0000","2.0000","0.0000","0.0000"
"100003045","BOVA00945","2.0000","2.0000","2.0000","0.0000","0.0000"
"100003046","BOCI00347","1.0000","1.0000","1.0000","0.0000","0.0000"
"100003047","CBR0030002","1.0000","1.0000","1.0000","0.0000","0.0000"
"100003048","LLRCHA0110","2.0000","2.0000","2.0000","0.0000","0.0000"
"200000016","BOAL01174-BOAL00317-BOAL00321-BOAL00323-BOAL00325","1.0000","1.0000","1.0000","0.0000","0.0000"
"200000016","BOAL00317","2.0000","1.0000","1.0000","0.0000","0.0000"
"200000016","BOAL00321","2.0000","1.0000","1.0000","0.0000","0.0000"
"200000016","BOAL00323","2.0000","1.0000","1.0000","0.0000","0.0000"
"200000016","BOAL00325","2.0000","1.0000","1.0000","0.0000","0.0000"
"100003049","BOVE00110","5.0000","5.0000","5.0000","0.0000","0.0000"
"100003049","BOVE00109","5.0000","5.0000","5.0000","0.0000","0.0000"
"100003050","CCS0010013","3.0000","3.0000","3.0000","0.0000","0.0000"
"100003050","CCS0010002","3.0000","3.0000","3.0000","0.0000","0.0000"
"100003050","CCS0010003","3.0000","3.0000","3.0000","0.0000","0.0000"
"200000017","CCS0010002","6.0000","6.0000","6.0000","0.0000","0.0000"
"100003051","BOVE00615","2.0000","2.0000","2.0000","0.0000","0.0000"
"100003052","BOAL00759","5.0000","5.0000","5.0000","0.0000","0.0000"
"100003053","BOVE00379","2.0000","0.0000","0.0000","2.0000","0.0000"
"100003054","CCS0030005","3.0000","3.0000","3.0000","0.0000","0.0000"
"100003054","CCS0010005","3.0000","3.0000","3.0000","0.0000","0.0000"
"100003054","CCS0010003","1.0000","1.0000","1.0000","0.0000","0.0000"
"100003055","BOVE00379","2.0000","2.0000","2.0000","0.0000","0.0000"
"100003056","CCS0010015","2.0000","2.0000","2.0000","0.0000","0.0000"
"100003056","CCS0010002","2.0000","2.0000","2.0000","0.0000","0.0000"
"100003056","BOBB00038","1.0000","1.0000","1.0000","0.0000","0.0000"
"100003057","ME00477","1.0000","1.0000","1.0000","0.0000","0.0000"
"100003058","CPR0010001","1.0000","1.0000","1.0000","0.0000","0.0000"
"100003058","CPR0010004","1.0000","1.0000","1.0000","0.0000","0.0000"
"100003058","CPR0010010","1.0000","1.0000","1.0000","0.0000","0.0000"
"100003059","BOVE00359","1.0000","1.0000","1.0000","0.0000","0.0000"
"100003060","CCS0010009","1.0000","1.0000","1.0000","0.0000","0.0000"
"100003060","BOAL00753","1.0000","1.0000","1.0000","0.0000","0.0000"
"100003061","BOVE00653","1.0000","1.0000","1.0000","0.0000","0.0000"
"100003062","BOVE00521","1.0000","1.0000","1.0000","0.0000","0.0000"
"100003063","BOVE00568","1.0000","1.0000","1.0000","0.0000","0.0000"
"100003063","BOVE00556","1.0000","1.0000","1.0000","0.0000","0.0000"
"100003064","CCS0030004","3.0000","3.0000","3.0000","0.0000","0.0000"
"100003064","CCS0010014","2.0000","2.0000","2.0000","0.0000","0.0000"
"100003065","BOVE00062","1.0000","1.0000","1.0000","0.0000","0.0000"
"100003066","BOCI00324","2.0000","2.0000","2.0000","0.0000","0.0000"
"100003067","BOVE00797-BOVE00796-BOVE00795-BOVE00794","6.0000","6.0000","6.0000","0.0000","0.0000"
"100003067","BOVE00796","6.0000","1.0000","1.0000","0.0000","0.0000"
"100003067","BOVE00795","6.0000","1.0000","1.0000","0.0000","0.0000"
"100003067","BOVE00794","6.0000","1.0000","1.0000","0.0000","0.0000"
"100003067","BOAL01503","2.0000","2.0000","2.0000","0.0000","0.0000"
"100003068","ME00C51","1.0000","0.0000","0.0000","1.0000","0.0000"
"100003069","ME00C51","1.0000","1.0000","1.0000","0.0000","0.0000"
"100003070","BOVE00113","1.0000","1.0000","1.0000","0.0000","0.0000"
"100003071","BOVE00501","1.0000","1.0000","1.0000","0.0000","0.0000"
"100003072","BOAL01183-BOAL00327-BOAL00328-BOAL00329-BOAL00330","1.0000","1.0000","1.0000","0.0000","0.0000"
"100003072","BOAL00327","2.0000","1.0000","1.0000","0.0000","0.0000"
"100003072","BOAL00328","2.0000","1.0000","1.0000","0.0000","0.0000"
"100003072","BOAL00329","2.0000","1.0000","1.0000","0.0000","0.0000"
"100003072","BOAL00330","2.0000","1.0000","1.0000","0.0000","0.0000"
"100003073","BOVE00478","1.0000","1.0000","1.0000","0.0000","0.0000"
"100003074","BOVE00781","1.0000","0.0000","0.0000","1.0000","0.0000"
"100003075","BOVE00521","1.0000","1.0000","1.0000","0.0000","0.0000"
"100003076","ME00031","2.0000","2.0000","2.0000","0.0000","0.0000"
"100003076","ME00032","2.0000","2.0000","2.0000","0.0000","0.0000"
"100003077","BOBB00038","1.0000","1.0000","1.0000","0.0000","0.0000"
"100003078","CCS0010003","1.0000","1.0000","1.0000","0.0000","0.0000"
"100003079","BOAL01130-BOAL00167-BOAL00170-BOAL00175-BOAL00173","2.0000","2.0000","2.0000","0.0000","2.0000"
"100003079","BOAL00167","2.0000","1.0000","1.0000","0.0000","2.0000"
"100003079","BOAL00170","2.0000","1.0000","1.0000","0.0000","2.0000"
"100003079","BOAL00175","2.0000","1.0000","1.0000","0.0000","2.0000"
"100003079","BOAL00173","2.0000","1.0000","1.0000","0.0000","2.0000"
"100003080","BOAL01494-BOAL01492-BOAL00422-BOAL00424-BOAL00426","1.0000","1.0000","1.0000","0.0000","0.0000"
"100003080","BOAL01492","1.0000","1.0000","1.0000","0.0000","0.0000"
"100003080","BOAL00422","1.0000","1.0000","1.0000","0.0000","0.0000"
"100003080","BOAL00424","1.0000","1.0000","1.0000","0.0000","0.0000"
"100003080","BOAL00426","1.0000","1.0000","1.0000","0.0000","0.0000"
"100003081","ME00008","3.0000","3.0000","3.0000","0.0000","0.0000"
"100003081","ME00009","3.0000","3.0000","3.0000","0.0000","0.0000"
"100003081","ME00010","3.0000","3.0000","3.0000","0.0000","0.0000"
"100003081","BOAL01509","3.0000","3.0000","3.0000","0.0000","0.0000"
"100003082","BOAL01457-BOAL00656-BOAL00661-BOAL00662-BOAL00663","1.0000","1.0000","1.0000","0.0000","0.0000"
"100003082","BOAL00656","2.0000","1.0000","1.0000","0.0000","0.0000"
"100003082","BOAL00661","2.0000","1.0000","1.0000","0.0000","0.0000"
"100003082","BOAL00662","2.0000","1.0000","1.0000","0.0000","0.0000"
"100003082","BOAL00663","2.0000","1.0000","1.0000","0.0000","0.0000"
"100003083","BOVE00653","1.0000","1.0000","1.0000","0.0000","0.0000"
"100003084","BOBB00045","1.0000","1.0000","1.0000","0.0000","0.0000"
"100003084","BOBB00058","1.0000","1.0000","1.0000","0.0000","0.0000"
"100003084","BOBB00069","1.0000","1.0000","1.0000","0.0000","0.0000"
"100003085","ME00C113","2.0000","2.0000","2.0000","0.0000","0.0000"
"100003086","BOAL00723","1.0000","1.0000","1.0000","0.0000","0.0000"
"100003087","ME00C113","1.0000","1.0000","1.0000","0.0000","0.0000"
"100003088","BOVE00025","1.0000","1.0000","1.0000","0.0000","0.0000"
"100003089","BOVA00326","1.0000","0.0000","0.0000","1.0000","0.0000"
"100003089","BDEASI0005-BOVA00386-BOVA00388","2.0000","0.0000","0.0000","2.0000","0.0000"
"100003089","BOVA00386","2.0000","0.0000","0.0000","0.0000","0.0000"
"100003089","BOVA00388","2.0000","0.0000","0.0000","0.0000","0.0000"
"100003090","CCS0010013","2.0000","2.0000","2.0000","0.0000","0.0000"
"100003091","BOAL01243-BOAL00428-BOAL00433-BOAL00434-BOAL00436","1.0000","1.0000","1.0000","0.0000","0.0000"
"100003091","BOAL00428","1.0000","1.0000","1.0000","0.0000","0.0000"
"100003091","BOAL00433","1.0000","1.0000","1.0000","0.0000","0.0000"
"100003091","BOAL00434","1.0000","1.0000","1.0000","0.0000","0.0000"
"100003091","BOAL00436","1.0000","1.0000","1.0000","0.0000","0.0000"
"100003092","BOVE00476","2.0000","2.0000","2.0000","0.0000","0.0000"
"100003093","BOBB00132","1.0000","1.0000","1.0000","0.0000","0.0000"
"100003094","BOVE00793","1.0000","1.0000","1.0000","0.0000","0.0000"
"100003095","LLRVEN0089","1.0000","0.0000","0.0000","1.0000","0.0000"
"100003096","LLRVEN0089","1.0000","1.0000","1.0000","0.0000","0.0000"
"100003097","LLW0010002","1.0000","1.0000","1.0000","0.0000","0.0000"
"100003097","BOCI00611","1.0000","1.0000","1.0000","0.0000","0.0000"
"100003098","BOBB00099","1.0000","1.0000","1.0000","0.0000","0.0000"
"300000016","BOVE00127","1.0000","0.0000","0.0000","1.0000","0.0000"
"100003099","BOVE00296","1.0000","1.0000","1.0000","0.0000","0.0000"
"100003100","BOVE00775","1.0000","1.0000","1.0000","0.0000","0.0000"
"100003101","CCS0010016","16.0000","16.0000","16.0000","0.0000","0.0000"
"100003102","BOVE00636","2.0000","2.0000","2.0000","0.0000","0.0000"
"100003103","SDO0028031","1.0000","1.0000","1.0000","0.0000","0.0000"
"100003103","SDO0028017","1.0000","1.0000","1.0000","0.0000","0.0000"
"100003103","CGD0010010B-CGD0010001-CGD0010002-CGD0010003-CGD0010004","1.0000","1.0000","1.0000","0.0000","0.0000"
"100003103","CGD0010001","2.0000","1.0000","1.0000","0.0000","0.0000"
"100003103","CGD0010002","2.0000","1.0000","1.0000","0.0000","0.0000"
"100003103","CGD0010003","2.0000","1.0000","1.0000","0.0000","0.0000"
"100003103","CGD0010004","2.0000","1.0000","1.0000","0.0000","0.0000"
"100003104","BOVA00529","12.0000","12.0000","12.0000","0.0000","0.0000"
"100003105","BOAL00798","1.0000","1.0000","1.0000","0.0000","0.0000"
"100003106","BOAL01427-BOAL00205-BOAL00259-BOAL00218-BOAL00237","1.0000","1.0000","1.0000","0.0000","0.0000"
"100003106","BOAL00205","2.0000","1.0000","1.0000","0.0000","0.0000"
"100003106","BOAL00259","2.0000","1.0000","1.0000","0.0000","0.0000"
"100003106","BOAL00218","2.0000","1.0000","1.0000","0.0000","0.0000"
"100003106","BOAL00237","2.0000","1.0000","1.0000","0.0000","0.0000"
"100003107","BOVE00782","3.0000","3.0000","3.0000","0.0000","0.0000"
"100003107","BOVE00780","1.0000","1.0000","1.0000","0.0000","0.0000"
"100003107","BOVE00475","1.0000","1.0000","1.0000","0.0000","0.0000"
"100003108","BOVE00467","1.0000","1.0000","1.0000","0.0000","0.0000"
"100003109","BOAL01457-BOAL00656-BOAL00661-BOAL00662-BOAL00663","1.0000","1.0000","1.0000","0.0000","0.0000"
"100003109","BOAL00656","2.0000","1.0000","1.0000","0.0000","0.0000"
"100003109","BOAL00661","2.0000","1.0000","1.0000","0.0000","0.0000"
"100003109","BOAL00662","2.0000","1.0000","1.0000","0.0000","0.0000"
"100003109","BOAL00663","2.0000","1.0000","1.0000","0.0000","0.0000"
"100003110","ME00182","1.0000","0.0000","0.0000","1.0000","0.0000"
"100003111","CCS0010008","1.0000","1.0000","1.0000","0.0000","0.0000"
"100003111","SDO0011062","2.0000","2.0000","2.0000","0.0000","0.0000"
"100003112","CBRVIV0001","1.0000","1.0000","1.0000","0.0000","0.0000"
"100003113","BOAL00023","1.0000","1.0000","1.0000","0.0000","0.0000"
"100003114","BOAL00391","1.0000","1.0000","1.0000","0.0000","0.0000"
"100003114","BOAL00389","1.0000","1.0000","1.0000","0.0000","0.0000"
"100003115","BOCI00793","2.0000","2.0000","2.0000","0.0000","0.0000"
"100003116","BET0140006-BOAL00648-BOAL00651-BOAL00655-BOAL00646-BOAL00649-BOAL00653-BOAL00652-BOAL00654","1.0000","1.0000","1.0000","0.0000","0.0000"
"100003116","BOAL00648","2.0000","1.0000","1.0000","0.0000","0.0000"
"100003116","BOAL00651","2.0000","1.0000","1.0000","0.0000","0.0000"
"100003116","BOAL00655","2.0000","1.0000","1.0000","0.0000","0.0000"
"100003116","BOAL00646","2.0000","1.0000","1.0000","0.0000","0.0000"
"100003116","BOAL00649","2.0000","1.0000","1.0000","0.0000","0.0000"
"100003116","BOAL00653","2.0000","1.0000","1.0000","0.0000","0.0000"
"100003116","BOAL00652","2.0000","1.0000","1.0000","0.0000","0.0000"
"100003116","BOAL00654","2.0000","1.0000","1.0000","0.0000","0.0000"
"100003117","CGD0010010B-CGD0010001-CGD0010002-CGD0010003-CGD0010004","1.0000","0.0000","0.0000","1.0000","0.0000"
"100003117","CGD0010001","2.0000","0.0000","0.0000","0.0000","0.0000"
"100003117","CGD0010002","2.0000","0.0000","0.0000","0.0000","0.0000"
"100003117","CGD0010003","2.0000","0.0000","0.0000","0.0000","0.0000"
"100003117","CGD0010004","2.0000","0.0000","0.0000","0.0000","0.0000"
"100003117","BOBB00026","1.0000","0.0000","0.0000","1.0000","0.0000"
"100003117","BOBB00073","1.0000","0.0000","0.0000","1.0000","0.0000"
"200000018","BOVE00657","5.0000","5.0000","5.0000","0.0000","0.0000"
"100003118","BOVE00215","2.0000","2.0000","2.0000","0.0000","0.0000"
"100003119","CCS0010002","3.0000","3.0000","3.0000","0.0000","0.0000"
"100003120","BOVE00351","1.0000","1.0000","1.0000","0.0000","0.0000"
"100003121","BOVE00452","1.0000","1.0000","1.0000","0.0000","0.0000"
"100003122","BOVE00476","1.0000","1.0000","1.0000","0.0000","0.0000"
"100003122","BOVE00478","1.0000","1.0000","1.0000","0.0000","0.0000"
"100003123","LLRABE0014","2.0000","0.0000","0.0000","2.0000","0.0000"
"100003123","BOVE00394","1.0000","0.0000","0.0000","1.0000","0.0000"
"100003124","LLRABE0014","2.0000","0.0000","0.0000","2.0000","0.0000"
"100003124","BOVE00394","1.0000","0.0000","0.0000","1.0000","0.0000"
"100003125","LLRABE0014","2.0000","2.0000","2.0000","0.0000","0.0000"
"100003125","BOVE00394","1.0000","1.0000","1.0000","0.0000","0.0000"
"100003126","FFE0010001","1.0000","0.0000","0.0000","1.0000","0.0000"
"100003127","FFE0010001","1.0000","1.0000","1.0000","0.0000","0.0000"
"100003128","BCO0080012-BCO0080001-BCO0080002-BCO0080003-BCO0080004","1.0000","0.0000","0.0000","1.0000","0.0000"
"100003128","BCO0080001","1.0000","0.0000","0.0000","0.0000","0.0000"
"100003128","BCO0080002","1.0000","0.0000","0.0000","0.0000","0.0000"
"100003128","BCO0080003","1.0000","0.0000","0.0000","0.0000","0.0000"
"100003128","BCO0080004","1.0000","0.0000","0.0000","0.0000","0.0000"
"100003129","BCO0080012-BCO0080001-BCO0080002-BCO0080003-BCO0080004","1.0000","1.0000","1.0000","0.0000","0.0000"
"100003129","BCO0080001","1.0000","1.0000","1.0000","0.0000","0.0000"
"100003129","BCO0080002","1.0000","1.0000","1.0000","0.0000","0.0000"
"100003129","BCO0080003","1.0000","1.0000","1.0000","0.0000","0.0000"
"100003129","BCO0080004","1.0000","1.0000","1.0000","0.0000","0.0000"
"100003130","BOCI00308","1.0000","1.0000","1.0000","0.0000","0.0000"
"100003130","BOBB00209","1.0000","1.0000","1.0000","0.0000","0.0000"
"100003131","BOVE00520","1.0000","1.0000","1.0000","0.0000","0.0000"
"100003132","CNNPLA0027","1.0000","1.0000","1.0000","0.0000","0.0000"
"100003133","CCS0010002","3.0000","3.0000","3.0000","0.0000","0.0000"
"100003134","BOVE00516","1.0000","1.0000","1.0000","0.0000","0.0000"
"100003135","ME00C113","1.0000","1.0000","1.0000","0.0000","0.0000"
"100003136","ME00C127","1.0000","1.0000","1.0000","0.0000","0.0000"
"100003137","CCS0010009","1.0000","1.0000","1.0000","0.0000","0.0000"
"100003138","BOVE00359","1.0000","1.0000","1.0000","0.0000","0.0000"
"100003139","BOBB00054","1.0000","1.0000","1.0000","0.0000","0.0000"
"100003140","BOBB00053","1.0000","1.0000","1.0000","0.0000","0.0000"
"100003140","SDO0011059","1.0000","1.0000","1.0000","0.0000","0.0000"
"100003141","BOVE00296","1.0000","1.0000","1.0000","0.0000","0.0000"
"100003142","CCS0010002","6.0000","6.0000","6.0000","0.0000","0.0000"
"100003142","CCS0010013","4.0000","4.0000","4.0000","0.0000","0.0000"
"100003143","BOVE00479","1.0000","1.0000","1.0000","0.0000","0.0000"
"100003144","BOVE00113","1.0000","1.0000","1.0000","0.0000","0.0000"
"100003145","LLRARU0100-LLRARU0100-1-LLRARU0100-2","1.0000","1.0000","1.0000","0.0000","0.0000"
"100003145","LLRARU0100-1","1.0000","1.0000","1.0000","0.0000","0.0000"
"100003145","LLRARU0100-2","1.0000","1.0000","1.0000","0.0000","0.0000"
"100003146","CLB0010001","3.0000","3.0000","3.0000","0.0000","0.0000"
"100003147","BOVE00101","2.0000","2.0000","2.0000","0.0000","0.0000"
"100003148","BOVE00537","1.0000","1.0000","1.0000","0.0000","0.0000"
"100003149","CCS0010002","1.0000","0.0000","0.0000","1.0000","0.0000"
"100003149","CCS0010014","1.0000","0.0000","0.0000","1.0000","0.0000"
"100003150","CCS0010002","1.0000","1.0000","1.0000","0.0000","0.0000"
"100003150","CCS0010014","1.0000","1.0000","1.0000","0.0000","0.0000"
"100003151","CCS0010002","2.0000","2.0000","2.0000","0.0000","0.0000"
"100003151","BOBB00038","1.0000","1.0000","1.0000","0.0000","0.0000"
"100003152","BOVE00044","1.0000","1.0000","1.0000","0.0000","0.0000"
"100003152","BOVE00463","2.0000","2.0000","2.0000","0.0000","0.0000"
"100003153","BOVE00594","2.0000","2.0000","2.0000","0.0000","0.0000"
"100003154","BOAL01174-BOAL00317-BOAL00321-BOAL00323-BOAL00325","1.0000","0.0000","0.0000","1.0000","0.0000"
"100003154","BOAL00317","2.0000","0.0000","0.0000","0.0000","0.0000"
"100003154","BOAL00321","2.0000","0.0000","0.0000","0.0000","0.0000"
"100003154","BOAL00323","2.0000","0.0000","0.0000","0.0000","0.0000"
"100003154","BOAL00325","2.0000","0.0000","0.0000","0.0000","0.0000"
"100003155","BOAL01225-BOAL00398-BOAL00403-BOAL00404-BOAL00406","1.0000","0.0000","0.0000","1.0000","0.0000"
"100003155","BOAL00398","1.0000","0.0000","0.0000","0.0000","0.0000"
"100003155","BOAL00403","1.0000","0.0000","0.0000","0.0000","0.0000"
"100003155","BOAL00404","1.0000","0.0000","0.0000","0.0000","0.0000"
"100003155","BOAL00406","1.0000","0.0000","0.0000","0.0000","0.0000"
"100003156","BOVE00012","1.0000","1.0000","1.0000","0.0000","0.0000"
"100003157","BOVE00060","1.0000","1.0000","1.0000","0.0000","0.0000"
"100003158","BOVE00778","1.0000","1.0000","1.0000","0.0000","0.0000"
"100003159","CCS0010002","2.0000","2.0000","2.0000","0.0000","0.0000"
"100003160","BOVE00476","1.0000","1.0000","1.0000","0.0000","0.0000"
"100003161","BOVE00359","2.0000","2.0000","2.0000","0.0000","0.0000"
"100003161","BNN0010007","1.0000","1.0000","1.0000","0.0000","0.0000"
"100003161","BOVE00297","1.0000","1.0000","1.0000","0.0000","0.0000"
"100003161","SDO0011059","1.0000","1.0000","1.0000","0.0000","0.0000"
"100003162","BOVE00116","1.0000","1.0000","1.0000","0.0000","0.0000"
"100003163","BOVE00034","1.0000","1.0000","1.0000","0.0000","0.0000"
"100003164","BOCI00502","10.0000","10.0000","10.0000","0.0000","0.0000"
"100003165","CCS0010002","2.0000","2.0000","1.0000","0.0000","1.0000"
"100003166","BOVE00201","1.0000","1.0000","1.0000","0.0000","0.0000"
"100003167","BOVE00505","4.0000","4.0000","4.0000","0.0000","0.0000"
"100003168","ME00C51","1.0000","1.0000","1.0000","0.0000","0.0000"
"100003169","BOVE00492","1.0000","1.0000","1.0000","0.0000","0.0000"
"100003170","CCS0010014","1.0000","1.0000","1.0000","0.0000","0.0000"
"100003170","CCS0010005","2.0000","2.0000","2.0000","0.0000","0.0000"
"100003171","BOBB00099","1.0000","1.0000","1.0000","0.0000","0.0000"
"100003171","BOAL00701","1.0000","1.0000","1.0000","0.0000","0.0000"
"100003172","BOVA01288","2.0000","2.0000","2.0000","0.0000","0.0000"
"100003173","LLRABE0016","1.0000","1.0000","1.0000","0.0000","0.0000"
"100003174","BOAL01184-BOAL00340-BOAL00343-BOAL00347","1.0000","1.0000","1.0000","0.0000","0.0000"
"100003174","BOAL00340","1.0000","1.0000","1.0000","0.0000","0.0000"
"100003174","BOAL00343","1.0000","1.0000","1.0000","0.0000","0.0000"
"100003174","BOAL00347","1.0000","1.0000","1.0000","0.0000","0.0000"
"100003175","ME00296-ME00295","1.0000","0.0000","0.0000","1.0000","0.0000"
"100003175","ME00295","6.0000","0.0000","0.0000","0.0000","0.0000"
"100003176","ME00296-ME00295","1.0000","1.0000","1.0000","0.0000","0.0000"
"100003176","ME00295","6.0000","1.0000","1.0000","0.0000","0.0000"
"100003177","BOAL00703","1.0000","1.0000","1.0000","0.0000","0.0000"
"100003178","BOVE00793","1.0000","1.0000","1.0000","0.0000","0.0000"
"100003179","BOVE00501","1.0000","1.0000","1.0000","0.0000","0.0000"
"100003180","BBR0010002","1.0000","1.0000","1.0000","0.0000","0.0000"
"100003180","BOVE00007","1.0000","1.0000","1.0000","0.0000","0.0000"
"100003180","BOVE00359","1.0000","1.0000","1.0000","0.0000","0.0000"
"100003181","CCS0010013","3.0000","3.0000","3.0000","0.0000","0.0000"
"100003182","BOVE00618","2.0000","2.0000","2.0000","0.0000","0.0000"
"100003183","CGD0010010-CGD0010001-CGD0010002-CGD0010003-CGD0010004","1.0000","1.0000","1.0000","0.0000","0.0000"
"100003183","CGD0010001","1.0000","1.0000","1.0000","0.0000","0.0000"
"100003183","CGD0010002","1.0000","1.0000","1.0000","0.0000","0.0000"
"100003183","CGD0010003","1.0000","1.0000","1.0000","0.0000","0.0000"
"100003183","CGD0010004","1.0000","1.0000","1.0000","0.0000","0.0000"
"100003184","BET0140003-BOAL00648-BOAL00651-BOAL00655-BOAL00652","1.0000","1.0000","1.0000","0.0000","0.0000"
"100003184","BOAL00648","2.0000","1.0000","1.0000","0.0000","0.0000"
"100003184","BOAL00651","2.0000","1.0000","1.0000","0.0000","0.0000"
"100003184","BOAL00655","2.0000","1.0000","1.0000","0.0000","0.0000"
"100003184","BOAL00652","2.0000","1.0000","1.0000","0.0000","0.0000"
"100003184","CFU0040001","1.0000","1.0000","1.0000","0.0000","0.0000"
"100003185","BOVE00471","2.0000","0.0000","0.0000","2.0000","0.0000"
"100003186","BOVE00471","2.0000","0.0000","0.0000","2.0000","0.0000"
"100003187","BOBB00035","1.0000","1.0000","1.0000","0.0000","0.0000"
"100003188","BOAL01182-BOAL00327-BOAL00328-BOAL00329-BOAL00330","1.0000","1.0000","1.0000","0.0000","0.0000"
"100003188","BOAL00327","1.0000","1.0000","1.0000","0.0000","0.0000"
"100003188","BOAL00328","1.0000","1.0000","1.0000","0.0000","0.0000"
"100003188","BOAL00329","1.0000","1.0000","1.0000","0.0000","0.0000"
"100003188","BOAL00330","1.0000","1.0000","1.0000","0.0000","0.0000"
"200000019","BOVE00342","1.0000","1.0000","1.0000","0.0000","0.0000"
"200000019","BOVE00274","1.0000","1.0000","1.0000","0.0000","0.0000"
"100003189","CPEIBI0001","1.0000","1.0000","1.0000","0.0000","1.0000"
"100003190","BOVE00519","2.0000","2.0000","2.0000","0.0000","0.0000"
"100003191","BOAL01186-BOAL00340-BOAL00343-BOAL00347-BOAL00349","1.0000","1.0000","1.0000","0.0000","0.0000"
"100003191","BOAL00340","2.0000","1.0000","1.0000","0.0000","0.0000"
"100003191","BOAL00343","2.0000","1.0000","1.0000","0.0000","0.0000"
"100003191","BOAL00347","2.0000","1.0000","1.0000","0.0000","0.0000"
"100003191","BOAL00349","2.0000","1.0000","1.0000","0.0000","0.0000"
"100003191","BOAL01185-BOAL00340-BOAL00343-BOAL00347-BOAL00349","1.0000","1.0000","1.0000","0.0000","0.0000"
"100003191","BOAL00340","1.0000","1.0000","1.0000","0.0000","0.0000"
"100003191","BOAL00343","1.0000","1.0000","1.0000","0.0000","0.0000"
"100003191","BOAL00347","1.0000","1.0000","1.0000","0.0000","0.0000"
"100003191","BOAL00349","1.0000","1.0000","1.0000","0.0000","0.0000"
"100003192","BOVE00117","5.0000","5.0000","5.0000","0.0000","0.0000"
"100003192","BOVE00040","10.0000","10.0000","10.0000","0.0000","0.0000"
"100003193","BOVE00296","2.0000","2.0000","2.0000","0.0000","0.0000"
"100003194","BRE0010003","8.0000","8.0000","8.0000","0.0000","0.0000"
"100003195","BCO0040053-BCO0040049-BCO0040050-BCO0040052","1.0000","1.0000","1.0000","0.0000","0.0000"
"100003195","BCO0040049","1.0000","1.0000","1.0000","0.0000","0.0000"
"100003195","BCO0040050","1.0000","1.0000","1.0000","0.0000","0.0000"
"100003195","BCO0040052","1.0000","1.0000","1.0000","0.0000","0.0000"
"100003196","BOVE00658","1.0000","1.0000","1.0000","0.0000","0.0000"
"100003197","BOVE00281","3.0000","3.0000","3.0000","0.0000","0.0000"
"100003198","LLRHON0109","3.0000","3.0000","3.0000","0.0000","0.0000"
"100003199","BOAL01391S-BOAL00264-BOAL00198-BOAL00241-BOAL00222","1.0000","1.0000","1.0000","0.0000","0.0000"
"100003199","BOAL00264","2.0000","1.0000","1.0000","0.0000","0.0000"
"100003199","BOAL00198","2.0000","1.0000","1.0000","0.0000","0.0000"
"100003199","BOAL00241","2.0000","1.0000","1.0000","0.0000","0.0000"
"100003199","BOAL00222","2.0000","1.0000","1.0000","0.0000","0.0000"
"100003199","BOAL00198","1.0000","1.0000","1.0000","0.0000","0.0000"
"100003200","BOVE00287","20.0000","20.0000","20.0000","0.0000","0.0000"
"100003201","BOAL01511","1.0000","1.0000","1.0000","0.0000","0.0000"
"100003201","LLRABE0026-LLRBEU0025-LLRABE0024","1.0000","1.0000","1.0000","0.0000","0.0000"
"100003201","LLRBEU0025","1.0000","1.0000","1.0000","0.0000","0.0000"
"100003201","LLRABE0024","1.0000","1.0000","1.0000","0.0000","0.0000"
"100003202","CCS0010008","1.0000","1.0000","1.0000","0.0000","0.0000"
"100003203","BOVE00503","1.0000","1.0000","1.0000","0.0000","0.0000"
"100003204","BOVE00359","1.0000","1.0000","1.0000","0.0000","0.0000"
"100003205","BOAL00703","2.0000","2.0000","2.0000","0.0000","0.0000"
"100003206","BOVE00296","1.0000","1.0000","1.0000","0.0000","0.0000"
"100003207","BOVE00505","1.0000","1.0000","1.0000","0.0000","0.0000"
"100003207","BOVE00513","1.0000","1.0000","1.0000","0.0000","0.0000"
"100003208","CCS0010002","2.0000","2.0000","2.0000","0.0000","0.0000"
"100003208","CCS0010005","2.0000","2.0000","2.0000","0.0000","0.0000"
"100003208","CCS0010011","2.0000","2.0000","2.0000","0.0000","0.0000"
"100003209","BOAL00388","1.0000","1.0000","1.0000","0.0000","0.0000"
"100003209","BOAL00394","1.0000","1.0000","1.0000","0.0000","0.0000"
"100003209","BOAL00393","1.0000","1.0000","1.0000","0.0000","0.0000"
"100003210","BOVE00082","2.0000","2.0000","2.0000","0.0000","0.0000"
"100003210","BOVE00084","2.0000","2.0000","2.0000","0.0000","0.0000"
"100003211","CCS0010005","2.0000","2.0000","2.0000","0.0000","0.0000"
"100003212","BOVE00276","2.0000","2.0000","2.0000","0.0000","0.0000"
"100003213","BOAL00891","2.0000","2.0000","2.0000","0.0000","0.0000"
"100003214","BA00040","2.0000","2.0000","2.0000","0.0000","0.0000"
"100003215","BAM0030007-BAM0030001-BAM0030002-BAM0030003-BAM0030004","1.0000","0.0000","0.0000","1.0000","0.0000"
"100003215","BAM0030001","2.0000","0.0000","0.0000","0.0000","0.0000"
"100003215","BAM0030002","2.0000","0.0000","0.0000","0.0000","0.0000"
"100003215","BAM0030003","2.0000","0.0000","0.0000","0.0000","0.0000"
"100003215","BAM0030004","2.0000","0.0000","0.0000","0.0000","0.0000"
"100003216","BOVE00273","1.0000","1.0000","1.0000","0.0000","0.0000"
"100003217","BOVE00377","1.0000","1.0000","1.0000","0.0000","0.0000"
"100003218","BOVE00389","1.0000","1.0000","1.0000","0.0000","0.0000"
"100003219","BOVE00482","2.0000","2.0000","2.0000","0.0000","0.0000"
"100003220","BOVE00403","1.0000","1.0000","1.0000","0.0000","0.0000"
"100003220","BOAL00729","1.0000","1.0000","1.0000","0.0000","0.0000"
"100003221","BOBB00058","1.0000","1.0000","1.0000","0.0000","0.0000"
"100003222","CCS0010016","6.0000","6.0000","6.0000","0.0000","0.0000"
"100003223","BOAL01182-BOAL00327-BOAL00328-BOAL00329-BOAL00330","1.0000","1.0000","1.0000","0.0000","0.0000"
"100003223","BOAL00327","1.0000","1.0000","1.0000","0.0000","0.0000"
"100003223","BOAL00328","1.0000","1.0000","1.0000","0.0000","0.0000"
"100003223","BOAL00329","1.0000","1.0000","1.0000","0.0000","0.0000"
"100003223","BOAL00330","1.0000","1.0000","1.0000","0.0000","0.0000"
"100003224","BOVE00547","1.0000","1.0000","1.0000","0.0000","0.0000"
"100003224","BOVE00520","1.0000","1.0000","1.0000","0.0000","0.0000"
"100003224","SDO0011059","1.0000","1.0000","1.0000","0.0000","0.0000"
"100003225","BOVE00635","2.0000","2.0000","2.0000","0.0000","0.0000"
"100003226","BOVE00511","1.0000","1.0000","1.0000","0.0000","0.0000"
"100003226","BOCI00551","1.0000","1.0000","1.0000","0.0000","0.0000"
"100003227","BOVE00100","1.0000","1.0000","1.0000","0.0000","0.0000"
"100003228","CCS0010002","1.0000","1.0000","1.0000","0.0000","0.0000"
"100003229","CCS0010002","2.0000","2.0000","2.0000","0.0000","0.0000"
"100003230","BOVE00511","1.0000","1.0000","1.0000","0.0000","0.0000"
"100003231","BOVE00341","1.0000","1.0000","1.0000","0.0000","0.0000"
"100003232","BOVE00493","1.0000","1.0000","1.0000","0.0000","0.0000"
"100003232","BOVE00309","1.0000","1.0000","1.0000","0.0000","0.0000"
"100003232","BOBB00026","1.0000","1.0000","1.0000","0.0000","0.0000"
"100003233","BOBB00038","1.0000","1.0000","1.0000","0.0000","0.0000"
"100003234","BOVE00210","2.0000","2.0000","2.0000","0.0000","0.0000"
"100003235","BOVE00284","1.0000","1.0000","1.0000","0.0000","0.0000"
"100003236","BOVE00772","1.0000","1.0000","1.0000","0.0000","0.0000"
"100003237","BOCI00470","1.0000","1.0000","1.0000","0.0000","0.0000"
"100003237","BOCI00480","1.0000","1.0000","1.0000","0.0000","0.0000"
"100003237","BOCI00486","2.0000","2.0000","2.0000","0.0000","0.0000"
"100003238","BOVA01418","1.0000","1.0000","1.0000","0.0000","0.0000"
"100003239","BET0120002-BOAL00617-BOAL00623-BOAL00625-BOAL00619","1.0000","1.0000","1.0000","0.0000","0.0000"
"100003239","BOAL00617","1.0000","1.0000","1.0000","0.0000","0.0000"
"100003239","BOAL00623","1.0000","1.0000","1.0000","0.0000","0.0000"
"100003239","BOAL00625","1.0000","1.0000","1.0000","0.0000","0.0000"
"100003239","BOAL00619","1.0000","1.0000","1.0000","0.0000","0.0000"
"100003240","BOVE00359","1.0000","1.0000","1.0000","0.0000","0.0000"
"100003241","ME00C127","1.0000","0.0000","0.0000","1.0000","0.0000"
"100003242","BBR0010001","1.0000","1.0000","1.0000","0.0000","0.0000"
"100003243","CCS0010005","3.0000","3.0000","3.0000","0.0000","0.0000"
"100003244","BOAL01386-BOAL00210-BOAL00263-BOAL00221-BOAL00240-BOAL00189-BOAL00247-BOAL00217-BOAL00228-BOAL00197-BOAL00194-BOAL00251","1.0000","1.0000","1.0000","0.0000","0.0000"
"100003244","BOAL00210","2.0000","1.0000","1.0000","0.0000","0.0000"
"100003244","BOAL00263","2.0000","1.0000","1.0000","0.0000","0.0000"
"100003244","BOAL00221","2.0000","1.0000","1.0000","0.0000","0.0000"
"100003244","BOAL00240","2.0000","1.0000","1.0000","0.0000","0.0000"
"100003244","BOAL00189","2.0000","1.0000","1.0000","0.0000","0.0000"
"100003244","BOAL00247","2.0000","1.0000","1.0000","0.0000","0.0000"
"100003244","BOAL00217","2.0000","1.0000","1.0000","0.0000","0.0000"
"100003244","BOAL00228","2.0000","1.0000","1.0000","0.0000","0.0000"
"100003244","BOAL00197","2.0000","1.0000","1.0000","0.0000","0.0000"
"100003244","BOAL00194","2.0000","1.0000","1.0000","0.0000","0.0000"
"100003244","BOAL00251","2.0000","1.0000","1.0000","0.0000","0.0000"
"100003245","BOVE00114","1.0000","1.0000","1.0000","0.0000","0.0000"
"100003246","BET0110003-BOAL00607-BOAL00613-BOAL00615-BOAL00609","1.0000","1.0000","1.0000","0.0000","0.0000"
"100003246","BOAL00607","2.0000","1.0000","1.0000","0.0000","0.0000"
"100003246","BOAL00613","2.0000","1.0000","1.0000","0.0000","0.0000"
"100003246","BOAL00615","2.0000","1.0000","1.0000","0.0000","0.0000"
"100003246","BOAL00609","2.0000","1.0000","1.0000","0.0000","0.0000"
"100003247","BOVE00543","1.0000","1.0000","1.0000","0.0000","0.0000"
"100003248","BOAL00716","30.0000","0.0000","0.0000","30.0000","0.0000"
"100003249","LLRBOR0118","1.0000","1.0000","1.0000","0.0000","0.0000"
"200000020","BOVE00455","2.0000","2.0000","2.0000","0.0000","0.0000"
"100003250","CCS0010003","2.0000","2.0000","2.0000","0.0000","0.0000"
"100003251","BOVE00114","1.0000","1.0000","1.0000","0.0000","0.0000"
"100003252","BOAL01182-BOAL00327-BOAL00328-BOAL00329-BOAL00330","1.0000","1.0000","1.0000","0.0000","0.0000"
"100003252","BOAL00327","1.0000","1.0000","1.0000","0.0000","0.0000"
"100003252","BOAL00328","1.0000","1.0000","1.0000","0.0000","0.0000"
"100003252","BOAL00329","1.0000","1.0000","1.0000","0.0000","0.0000"
"100003252","BOAL00330","1.0000","1.0000","1.0000","0.0000","0.0000"
"100003253","BOVA00762","2.0000","2.0000","2.0000","0.0000","0.0000"
"100003254","BA00047","2.0000","2.0000","2.0000","0.0000","0.0000"
"100003254","BA00003","2.0000","2.0000","2.0000","0.0000","0.0000"
"100003254","BA00005","2.0000","2.0000","2.0000","0.0000","0.0000"
"100003255","BCO0010013-BCO0010004-BCO0010001-BCO0010002-BCO0010003","1.0000","1.0000","1.0000","0.0000","0.0000"
"100003255","BCO0010004","2.0000","1.0000","1.0000","0.0000","0.0000"
"100003255","BCO0010001","2.0000","1.0000","1.0000","0.0000","0.0000"
"100003255","BCO0010002","2.0000","1.0000","1.0000","0.0000","0.0000"
"100003255","BCO0010003","2.0000","1.0000","1.0000","0.0000","0.0000"
"100003256","BOVE00531","1.0000","1.0000","1.0000","0.0000","0.0000"
"100003257","BOVE00359","1.0000","1.0000","1.0000","0.0000","0.0000"
"100003257","BOVE00358","1.0000","1.0000","1.0000","0.0000","0.0000"
"100003258","BOAL01183-BOAL00327-BOAL00328-BOAL00329-BOAL00330","1.0000","1.0000","1.0000","0.0000","0.0000"
"100003258","BOAL00327","2.0000","1.0000","1.0000","0.0000","0.0000"
"100003258","BOAL00328","2.0000","1.0000","1.0000","0.0000","0.0000"
"100003258","BOAL00329","2.0000","1.0000","1.0000","0.0000","0.0000"
"100003258","BOAL00330","2.0000","1.0000","1.0000","0.0000","0.0000"
"100003259","BOAL00321","2.0000","2.0000","2.0000","0.0000","0.0000"
"100003259","BOAL00325","2.0000","2.0000","2.0000","0.0000","0.0000"
"100003259","BOAL00324","2.0000","2.0000","2.0000","0.0000","0.0000"
"100003260","BOVE00021","2.0000","2.0000","2.0000","0.0000","0.0000"
"100003261","BOVE00628","2.0000","2.0000","2.0000","0.0000","0.0000"
"100003262","BOVE00372","1.0000","1.0000","1.0000","0.0000","0.0000"
"100003262","BOVE00373","1.0000","1.0000","1.0000","0.0000","0.0000"
"100003263","BOBB00105","2.0000","2.0000","2.0000","0.0000","0.0000"
"100003264","CCS0010002","3.0000","0.0000","0.0000","3.0000","0.0000"
"100003265","CCS0010002","3.0000","3.0000","3.0000","0.0000","0.0000"
"100003266","BOVE00100","1.0000","1.0000","1.0000","0.0000","0.0000"
"100003266","BOBB00058","1.0000","1.0000","1.0000","0.0000","0.0000"
"200000021","BOVE00601","2.0000","2.0000","2.0000","0.0000","0.0000"
"200000021","LLRPER0058","1.0000","1.0000","1.0000","0.0000","0.0000"
"100003267","BOAL01433-BOAL00209-BOAL00262-BOAL00220-BOAL00239","1.0000","1.0000","1.0000","0.0000","0.0000"
"100003267","BOAL00209","2.0000","1.0000","1.0000","0.0000","0.0000"
"100003267","BOAL00262","2.0000","1.0000","1.0000","0.0000","0.0000"
"100003267","BOAL00220","2.0000","1.0000","1.0000","0.0000","0.0000"
"100003267","BOAL00239","2.0000","1.0000","1.0000","0.0000","0.0000"
"100003268","BOAL01183-BOAL00327-BOAL00328-BOAL00329-BOAL00330","1.0000","1.0000","1.0000","0.0000","0.0000"
"100003268","BOAL00327","2.0000","1.0000","1.0000","0.0000","0.0000"
"100003268","BOAL00328","2.0000","1.0000","1.0000","0.0000","0.0000"
"100003268","BOAL00329","2.0000","1.0000","1.0000","0.0000","0.0000"
"100003268","BOAL00330","2.0000","1.0000","1.0000","0.0000","0.0000"
"100003269","BOVE00116","2.0000","2.0000","2.0000","0.0000","0.0000"
"100003270","BBR0010002","1.0000","1.0000","1.0000","0.0000","0.0000"
"100003271","BOVE00518","1.0000","1.0000","1.0000","0.0000","0.0000"
"100003271","BOVE00547","1.0000","1.0000","1.0000","0.0000","0.0000"
"100003272","BOAL01243-BOAL00428-BOAL00433-BOAL00434-BOAL00436","1.0000","1.0000","1.0000","0.0000","0.0000"
"100003272","BOAL00428","1.0000","1.0000","1.0000","0.0000","0.0000"
"100003272","BOAL00433","1.0000","1.0000","1.0000","0.0000","0.0000"
"100003272","BOAL00434","1.0000","1.0000","1.0000","0.0000","0.0000"
"100003272","BOAL00436","1.0000","1.0000","1.0000","0.0000","0.0000"
"100003273","BOVE00135","2.0000","2.0000","2.0000","0.0000","0.0000"
"100003273","BOVA01321","2.0000","2.0000","2.0000","0.0000","0.0000"
"100003273","BOVA01322","1.0000","1.0000","1.0000","0.0000","0.0000"
"100003274","CCS0030005","2.0000","2.0000","2.0000","0.0000","0.0000"
"100003275","ME00505-ME00007-ME00008-ME00009-ME00010","1.0000","1.0000","1.0000","0.0000","0.0000"
"100003275","ME00007","1.0000","1.0000","1.0000","0.0000","0.0000"
"100003275","ME00008","1.0000","1.0000","1.0000","0.0000","0.0000"
"100003275","ME00009","1.0000","1.0000","1.0000","0.0000","0.0000"
"100003275","ME00010","1.0000","1.0000","1.0000","0.0000","0.0000"
"100003276","BOAL00327","2.0000","2.0000","2.0000","0.0000","0.0000"
"100003277","CIT0010003","1.0000","1.0000","1.0000","0.0000","0.0000"
"100003278","BOVE00378","2.0000","0.0000","0.0000","2.0000","0.0000"
"100003278","BOVE00730","1.0000","0.0000","0.0000","1.0000","0.0000"
"100003278","BOVE00749","1.0000","0.0000","0.0000","1.0000","0.0000"
"100003279","ME00054","1.0000","1.0000","1.0000","0.0000","0.0000"
"100003279","ME00048","1.0000","1.0000","1.0000","0.0000","0.0000"
"100003279","ME00049","1.0000","1.0000","1.0000","0.0000","0.0000"
"100003280","BOVE00506","2.0000","2.0000","2.0000","0.0000","0.0000"
"100003280","CAR0030001","1.0000","1.0000","1.0000","0.0000","0.0000"
"100003281","CAR0030001","1.0000","1.0000","1.0000","0.0000","0.0000"
"100003282","BOVE00196","2.0000","2.0000","2.0000","0.0000","0.0000"
"100003283","BOVA01206","1.0000","1.0000","1.0000","0.0000","0.0000"
"100003283","BOVA01205","1.0000","1.0000","1.0000","0.0000","0.0000"
"100003283","BOVA01207","1.0000","1.0000","1.0000","0.0000","0.0000"
"100003283","BOVA01208","1.0000","1.0000","1.0000","0.0000","0.0000"
"100003284","ME00C51","1.0000","0.0000","0.0000","1.0000","0.0000"
"100003285","ME00C51","1.0000","1.0000","1.0000","0.0000","0.0000"
"100003286","BOVE00772","2.0000","2.0000","2.0000","0.0000","0.0000"
"100003286","BOVE00771","2.0000","2.0000","2.0000","0.0000","0.0000"
"100003287","BOVE00521","1.0000","1.0000","1.0000","0.0000","0.0000"
"100003288","BOAL01183C-BOAL00327-BOAL00328-BOAL00329-BOAL00330-ME00C51","1.0000","1.0000","1.0000","0.0000","0.0000"
"100003288","BOAL00327","2.0000","1.0000","1.0000","0.0000","0.0000"
"100003288","BOAL00328","2.0000","1.0000","1.0000","0.0000","0.0000"
"100003288","BOAL00329","2.0000","1.0000","1.0000","0.0000","0.0000"
"100003288","BOAL00330","2.0000","1.0000","1.0000","0.0000","0.0000"
"100003288","ME00C51","1.0000","1.0000","1.0000","0.0000","0.0000"
"100003289","BOVE00777","1.0000","1.0000","1.0000","0.0000","0.0000"
"100003289","CCS0010003","1.0000","1.0000","1.0000","0.0000","0.0000"
"100003289","CAR0010002","1.0000","1.0000","1.0000","0.0000","0.0000"
"100003289","BOAL01503","2.0000","2.0000","2.0000","0.0000","0.0000"
"100003289","BOBB00055","1.0000","1.0000","1.0000","0.0000","0.0000"
"100003289","BOBB00058","1.0000","1.0000","1.0000","0.0000","0.0000"
"100003290","BOVE00772","3.0000","3.0000","3.0000","0.0000","0.0000"
"100003291","BOAL01495-BOAL01492-BOAL00422-BOAL00424-BOAL00426","1.0000","1.0000","1.0000","0.0000","0.0000"
"100003291","BOAL01492","2.0000","1.0000","1.0000","0.0000","0.0000"
"100003291","BOAL00422","2.0000","1.0000","1.0000","0.0000","0.0000"
"100003291","BOAL00424","2.0000","1.0000","1.0000","0.0000","0.0000"
"100003291","BOAL00426","2.0000","1.0000","1.0000","0.0000","0.0000"
"100003292","BOVE00277","1.0000","1.0000","1.0000","0.0000","0.0000"
"100003293","BOVE00354","2.0000","2.0000","2.0000","0.0000","2.0000"
"100003294","BOVE00557","1.0000","1.0000","1.0000","0.0000","0.0000"
"100003294","BOVE00559","1.0000","1.0000","1.0000","0.0000","0.0000"
"100003295","CBR0040001","1.0000","1.0000","1.0000","0.0000","0.0000"
"100003296","CCS0010003","1.0000","1.0000","1.0000","0.0000","0.0000"
"100003297","ME00480","2.0000","2.0000","2.0000","0.0000","0.0000"
"100003298","BOVE00630","2.0000","2.0000","2.0000","0.0000","0.0000"
"100003299","BOVE00170","2.0000","2.0000","2.0000","0.0000","0.0000"
"100003300","BOCI00522","1.0000","1.0000","1.0000","0.0000","0.0000"
"100003301","BOVE00114","2.0000","2.0000","2.0000","0.0000","0.0000"
"100003302","CCS0010013","3.0000","3.0000","3.0000","0.0000","0.0000"
"100003302","CCS0010002","3.0000","3.0000","3.0000","0.0000","0.0000"
"100003303","BOVE00113","1.0000","1.0000","1.0000","0.0000","0.0000"
"100003304","CCS0010003","1.0000","1.0000","1.0000","0.0000","0.0000"
"100003305","BOVE00558","3.0000","3.0000","3.0000","0.0000","0.0000"
"100003305","BOVE00566","3.0000","3.0000","3.0000","0.0000","0.0000"
"100003306","BOVE00249","2.0000","0.0000","0.0000","2.0000","0.0000"
"100003306","ME00150","2.0000","0.0000","0.0000","2.0000","0.0000"
"100003306","BOVE00783","2.0000","0.0000","0.0000","2.0000","0.0000"
"100003306","BOVE00780","2.0000","0.0000","0.0000","2.0000","0.0000"
"100003307","BOVE00249","2.0000","0.0000","0.0000","2.0000","0.0000"
"100003307","ME00150","2.0000","0.0000","0.0000","2.0000","0.0000"
"100003307","BOVE00783","2.0000","0.0000","0.0000","2.0000","0.0000"
"100003307","BOVE00780","2.0000","0.0000","0.0000","2.0000","0.0000"
"100003308","LLRDIA0112","1.0000","1.0000","1.0000","0.0000","0.0000"
"100003309","BOVA01375","1.0000","1.0000","1.0000","0.0000","0.0000"
"100003309","BOVA01381","1.0000","1.0000","1.0000","0.0000","0.0000"
"100003309","BOVA01387","1.0000","1.0000","1.0000","0.0000","0.0000"
"100003309","BOVA01393","1.0000","1.0000","1.0000","0.0000","0.0000"
"100003310","BOAL00929","1.0000","1.0000","1.0000","0.0000","0.0000"
"100003311","BOVE00089","1.0000","1.0000","1.0000","0.0000","0.0000"
"100003312","CNNPOT0001","4.0000","4.0000","4.0000","0.0000","0.0000"
"100003313","BOAL00656","1.0000","1.0000","1.0000","0.0000","0.0000"
"100003313","BOAL00661","1.0000","1.0000","1.0000","0.0000","0.0000"
"100003313","BOAL00662","1.0000","1.0000","1.0000","0.0000","0.0000"
"100003314","BOVE00313","1.0000","0.0000","0.0000","1.0000","0.0000"
"100003314","BET0110001-BOAL00607-BOAL00613-BOAL00609","1.0000","0.0000","0.0000","1.0000","0.0000"
"100003314","BOAL00607","1.0000","0.0000","0.0000","0.0000","0.0000"
"100003314","BOAL00613","1.0000","0.0000","0.0000","0.0000","0.0000"
"100003314","BOAL00609","1.0000","0.0000","0.0000","0.0000","0.0000"
"100003314","BNNPOS0008","1.0000","0.0000","0.0000","1.0000","0.0000"
"100003315","BOVE00443","1.0000","1.0000","1.0000","0.0000","0.0000"
"100003316","BOAL01251-BOAL00448-BOAL00452-BOAL00454","1.0000","1.0000","1.0000","0.0000","0.0000"
"100003316","BOAL00448","1.0000","1.0000","1.0000","0.0000","0.0000"
"100003316","BOAL00452","1.0000","1.0000","1.0000","0.0000","0.0000"
"100003316","BOAL00454","1.0000","1.0000","1.0000","0.0000","0.0000"
"100003317","BOVE00373","2.0000","2.0000","2.0000","0.0000","0.0000"
"100003318","BOAL00719","1.0000","1.0000","1.0000","0.0000","0.0000"
"100003318","BOAL00720","1.0000","1.0000","1.0000","0.0000","0.0000"
"100003318","BOAL00721","1.0000","1.0000","1.0000","0.0000","0.0000"
"100003318","VOL00061","1.0000","1.0000","1.0000","0.0000","0.0000"
"100003319","ME00C113","1.0000","1.0000","1.0000","0.0000","0.0000"
"100003319","ME00C127","1.0000","1.0000","1.0000","0.0000","0.0000"
"100003320","BOVE00556","1.0000","1.0000","1.0000","0.0000","0.0000"
"100003320","BOVE00558","1.0000","1.0000","1.0000","0.0000","0.0000"
"100003320","BOVE00568","1.0000","1.0000","1.0000","0.0000","0.0000"
"100003320","BOVE00574","1.0000","1.0000","1.0000","0.0000","0.0000"
"100003321","BOVE00470","1.0000","1.0000","1.0000","0.0000","0.0000"
"100003322","BOVE00521","1.0000","1.0000","1.0000","0.0000","0.0000"
"100003323","BOCI00794","1.0000","1.0000","1.0000","0.0000","0.0000"
"100003324","CCS0010008","2.0000","2.0000","2.0000","0.0000","0.0000"
"100003325","BOAL01177-BOAL00317-BOAL00321-BOAL00323-BOAL00325-BOAL00319-BOAL00322","1.0000","1.0000","1.0000","0.0000","0.0000"
"100003325","BOAL00317","2.0000","1.0000","1.0000","0.0000","0.0000"
"100003325","BOAL00321","2.0000","1.0000","1.0000","0.0000","0.0000"
"100003325","BOAL00323","2.0000","1.0000","1.0000","0.0000","0.0000"
"100003325","BOAL00325","2.0000","1.0000","1.0000","0.0000","0.0000"
"100003325","BOAL00319","2.0000","1.0000","1.0000","0.0000","0.0000"
"100003325","BOAL00322","2.0000","1.0000","1.0000","0.0000","0.0000"
"100003325","BOVE00568","1.0000","1.0000","1.0000","0.0000","0.0000"
"100003325","BOVA01350","1.0000","1.0000","0.0000","0.0000","1.0000"
"100003326","BBR0010001","1.0000","0.0000","0.0000","1.0000","0.0000"
"100003327","BBR0010001","1.0000","1.0000","1.0000","0.0000","0.0000"
"100003328","BOVE00276","1.0000","1.0000","1.0000","0.0000","0.0000"
"100003329","BOVE00113","1.0000","1.0000","1.0000","0.0000","0.0000"
"100003330","CBR0050001","1.0000","1.0000","1.0000","0.0000","0.0000"
"100003331","BOVE00033","1.0000","1.0000","1.0000","0.0000","0.0000"
"100003331","BOVE00463","1.0000","1.0000","1.0000","0.0000","0.0000"
"100003332","BOVA01448","2.0000","2.0000","2.0000","0.0000","0.0000"
"100003333","BOVE00757","1.0000","1.0000","1.0000","0.0000","0.0000"
"100003334","BOVE00458","2.0000","2.0000","2.0000","0.0000","0.0000"
"100003335","BOVE00075","1.0000","1.0000","1.0000","0.0000","0.0000"
"100003335","BOVE00076","1.0000","1.0000","1.0000","0.0000","0.0000"
"100003335","BOVE00284","2.0000","2.0000","2.0000","0.0000","0.0000"
"100003336","CCS0010008","1.0000","1.0000","1.0000","0.0000","0.0000"
"100003337","VOL00053","1.0000","1.0000","1.0000","0.0000","0.0000"
"100003338","BOVE00113","1.0000","1.0000","1.0000","0.0000","0.0000"
"100003339","BOVE00782","1.0000","1.0000","1.0000","0.0000","0.0000"
"100003339","CCS0010014","1.0000","1.0000","1.0000","0.0000","0.0000"
"100003339","CCS0030005","3.0000","3.0000","3.0000","0.0000","0.0000"
"100003340","BOAL01174-BOAL00317-BOAL00321-BOAL00323-BOAL00325","1.0000","1.0000","1.0000","0.0000","0.0000"
"100003340","BOAL00317","2.0000","1.0000","1.0000","0.0000","0.0000"
"100003340","BOAL00321","2.0000","1.0000","1.0000","0.0000","0.0000"
"100003340","BOAL00323","2.0000","1.0000","1.0000","0.0000","0.0000"
"100003340","BOAL00325","2.0000","1.0000","1.0000","0.0000","0.0000"
"100003341","BOVE00467","1.0000","1.0000","1.0000","0.0000","0.0000"
"100003342","BOVE00013","1.0000","1.0000","1.0000","0.0000","0.0000"
"100003343","CCS0010010","3.0000","3.0000","3.0000","0.0000","0.0000"
"100003344","BOVE00513","1.0000","1.0000","1.0000","0.0000","0.0000"
"100003345","BOVE00454","1.0000","1.0000","1.0000","0.0000","0.0000"
"100003346","CCS0010010","2.0000","2.0000","2.0000","0.0000","0.0000"
"100003347","CCS0010010","2.0000","2.0000","2.0000","0.0000","0.0000"
"100003348","BOVE00339","1.0000","0.0000","0.0000","1.0000","0.0000"
"100003349","BOVE00339","1.0000","0.0000","0.0000","1.0000","0.0000"
"100003350","BOVE00339","1.0000","0.0000","0.0000","1.0000","0.0000"
"100003351","BOVE00339","1.0000","0.0000","0.0000","1.0000","0.0000"
"100003352","BOVE00339","1.0000","0.0000","0.0000","1.0000","0.0000"
"100003353","BOVE00339","1.0000","0.0000","0.0000","1.0000","0.0000"
"100003354","BOVE00339","1.0000","0.0000","0.0000","1.0000","0.0000"
"100003355","BOVE00339","1.0000","0.0000","0.0000","1.0000","0.0000"
"100003356","BOVE00339","1.0000","0.0000","0.0000","1.0000","0.0000"
"100003357","BOVE00339","1.0000","0.0000","0.0000","1.0000","0.0000"
"100003358","BOVE00339","1.0000","0.0000","0.0000","1.0000","0.0000"
"100003359","BOVE00339","1.0000","0.0000","0.0000","1.0000","0.0000"
"100003360","BOVE00339","1.0000","0.0000","0.0000","1.0000","0.0000"
"100003361","BOVE00339","1.0000","0.0000","0.0000","1.0000","0.0000"
"100003362","BOVE00339","1.0000","0.0000","0.0000","1.0000","0.0000"
"100003363","BOVE00339","1.0000","0.0000","0.0000","1.0000","0.0000"
"100003364","BOVE00339","1.0000","0.0000","0.0000","1.0000","0.0000"
"100003365","BOVE00339","1.0000","0.0000","0.0000","1.0000","0.0000"
"100003366","BOVE00339","1.0000","0.0000","0.0000","1.0000","0.0000"
"100003367","BOVE00339","1.0000","0.0000","0.0000","1.0000","0.0000"
"100003368","BOVE00339","1.0000","0.0000","0.0000","1.0000","0.0000"
"100003369","BOVE00339","1.0000","0.0000","0.0000","1.0000","0.0000"
"100003370","BOVE00339","1.0000","0.0000","0.0000","1.0000","0.0000"
"100003371","BOVE00339","1.0000","0.0000","0.0000","1.0000","0.0000"
"100003372","BOVE00339","1.0000","0.0000","0.0000","1.0000","0.0000"
"100003373","BOVE00339","1.0000","0.0000","0.0000","1.0000","0.0000"
"100003374","BOVE00339","1.0000","0.0000","0.0000","1.0000","0.0000"
"100003375","BOVE00339","1.0000","1.0000","1.0000","0.0000","0.0000"
"100003376","BOAL00744","1.0000","1.0000","1.0000","0.0000","0.0000"
"100003377","BOVE00508","2.0000","2.0000","2.0000","0.0000","0.0000"
"100003378","BOVE00255","1.0000","1.0000","1.0000","0.0000","0.0000"
"100003379","BOVE00469","1.0000","1.0000","1.0000","0.0000","0.0000"
"100003380","CCS0010002","2.0000","2.0000","2.0000","0.0000","0.0000"
"100003380","CCS0010011","2.0000","2.0000","2.0000","0.0000","0.0000"
"100003380","CCS0010013","2.0000","2.0000","2.0000","0.0000","0.0000"
"100003381","BOVE00289","1.0000","1.0000","1.0000","0.0000","0.0000"
"100003382","BOVE00313","2.0000","2.0000","2.0000","0.0000","0.0000"
"100003383","BOAL01182-BOAL00327-BOAL00328-BOAL00329-BOAL00330","1.0000","1.0000","1.0000","0.0000","0.0000"
"100003383","BOAL00327","1.0000","1.0000","1.0000","0.0000","0.0000"
"100003383","BOAL00328","1.0000","1.0000","1.0000","0.0000","0.0000"
"100003383","BOAL00329","1.0000","1.0000","1.0000","0.0000","0.0000"
"100003383","BOAL00330","1.0000","1.0000","1.0000","0.0000","0.0000"
"100003384","ME00C127","1.0000","1.0000","1.0000","0.0000","0.0000"
"100003385","BOCI00826","1.0000","1.0000","1.0000","0.0000","0.0000"
"100003385","LLW0010001","1.0000","1.0000","1.0000","0.0000","0.0000"
"100003385","BNNPOS0008","1.0000","1.0000","1.0000","0.0000","0.0000"
"100003385","BOBB00269","1.0000","1.0000","1.0000","0.0000","0.0000"
"100003386","BOVE00108","1.0000","1.0000","1.0000","0.0000","0.0000"
"100003387","BOAL00264","1.0000","0.0000","0.0000","1.0000","0.0000"
"100003387","BOAL00222","3.0000","0.0000","0.0000","3.0000","0.0000"
"100003388","BOAL01457-BOAL00656-BOAL00661-BOAL00662-BOAL00663","1.0000","1.0000","1.0000","0.0000","0.0000"
"100003388","BOAL00656","2.0000","1.0000","1.0000","0.0000","0.0000"
"100003388","BOAL00661","2.0000","1.0000","1.0000","0.0000","0.0000"
"100003388","BOAL00662","2.0000","1.0000","1.0000","0.0000","0.0000"
"100003388","BOAL00663","2.0000","1.0000","1.0000","0.0000","0.0000"
"100003389","BOVE00636","2.0000","2.0000","2.0000","0.0000","0.0000"
"100003390","BBR0010001","1.0000","1.0000","1.0000","0.0000","0.0000"
"100003391","BOVE00537","1.0000","1.0000","1.0000","0.0000","0.0000"
"100003392","BOVE00255","1.0000","1.0000","1.0000","0.0000","0.0000"
"100003393","BET0110003-BOAL00607-BOAL00613-BOAL00615-BOAL00609","1.0000","1.0000","1.0000","0.0000","0.0000"
"100003393","BOAL00607","2.0000","1.0000","1.0000","0.0000","0.0000"
"100003393","BOAL00613","2.0000","1.0000","1.0000","0.0000","0.0000"
"100003393","BOAL00615","2.0000","1.0000","1.0000","0.0000","0.0000"
"100003393","BOAL00609","2.0000","1.0000","1.0000","0.0000","0.0000"
"100003394","BOCI00620","1.0000","1.0000","1.0000","0.0000","0.0000"
"100003394","BOCI00488","1.0000","1.0000","1.0000","0.0000","0.0000"
"100003395","BOVE00124","1.0000","1.0000","1.0000","0.0000","0.0000"
"100003396","BOAL01243-BOAL00428-BOAL00433-BOAL00434-BOAL00436","1.0000","1.0000","1.0000","0.0000","0.0000"
"100003396","BOAL00428","1.0000","1.0000","1.0000","0.0000","0.0000"
"100003396","BOAL00433","1.0000","1.0000","1.0000","0.0000","0.0000"
"100003396","BOAL00434","1.0000","1.0000","1.0000","0.0000","0.0000"
"100003396","BOAL00436","1.0000","1.0000","1.0000","0.0000","0.0000"
"100003397","BOVE00478","1.0000","1.0000","1.0000","0.0000","0.0000"
"100003398","BOAL01494-BOAL01492-BOAL00422-BOAL00424-BOAL00426","1.0000","1.0000","1.0000","0.0000","0.0000"
"100003398","BOAL01492","1.0000","1.0000","1.0000","0.0000","0.0000"
"100003398","BOAL00422","1.0000","1.0000","1.0000","0.0000","0.0000"
"100003398","BOAL00424","1.0000","1.0000","1.0000","0.0000","0.0000"
"100003398","BOAL00426","1.0000","1.0000","1.0000","0.0000","0.0000"
"100003399","BOVE00767","2.0000","2.0000","2.0000","0.0000","0.0000"
"100003399","BOVE00765","1.0000","1.0000","1.0000","0.0000","0.0000"
"100003400","CCS0010015","2.0000","2.0000","2.0000","0.0000","0.0000"
"100003400","CCS0010002","2.0000","2.0000","2.0000","0.0000","0.0000"
"100003401","BOAL01183-BOAL00327-BOAL00328-BOAL00329-BOAL00330","1.0000","0.0000","0.0000","1.0000","0.0000"
"100003401","BOAL00327","2.0000","0.0000","0.0000","0.0000","0.0000"
"100003401","BOAL00328","2.0000","0.0000","0.0000","0.0000","0.0000"
"100003401","BOAL00329","2.0000","0.0000","0.0000","0.0000","0.0000"
"100003401","BOAL00330","2.0000","0.0000","0.0000","0.0000","0.0000"
"100003402","BOAL01183-BOAL00327-BOAL00328-BOAL00329-BOAL00330","1.0000","0.0000","0.0000","1.0000","0.0000"
"100003402","BOAL00327","2.0000","0.0000","0.0000","0.0000","0.0000"
"100003402","BOAL00328","2.0000","0.0000","0.0000","0.0000","0.0000"
"100003402","BOAL00329","2.0000","0.0000","0.0000","0.0000","0.0000"
"100003402","BOAL00330","2.0000","0.0000","0.0000","0.0000","0.0000"
"100003403","BOVE00101","1.0000","1.0000","1.0000","0.0000","0.0000"
"100003403","BOVE00341","1.0000","1.0000","1.0000","0.0000","0.0000"
"100003404","BOVE00797-BOVE00796-BOVE00795-BOVE00794","6.0000","6.0000","6.0000","0.0000","0.0000"
"100003404","BOVE00796","6.0000","1.0000","1.0000","0.0000","0.0000"
"100003404","BOVE00795","6.0000","1.0000","1.0000","0.0000","0.0000"
"100003404","BOVE00794","6.0000","1.0000","1.0000","0.0000","0.0000"
"100003404","BOVA01142","6.0000","6.0000","6.0000","0.0000","0.0000"
"100003405","BOVE00599","1.0000","1.0000","1.0000","0.0000","0.0000"
"100003406","ME00256","1.0000","1.0000","1.0000","0.0000","0.0000"
"100003406","BOVE00556","2.0000","2.0000","2.0000","0.0000","1.0000"
"100003407","BOAL01374-BOAL00206-BOAL00261-BOAL00238-BOAL00219","1.0000","1.0000","1.0000","0.0000","0.0000"
"100003407","BOAL00206","2.0000","1.0000","1.0000","0.0000","0.0000"
"100003407","BOAL00261","2.0000","1.0000","1.0000","0.0000","0.0000"
"100003407","BOAL00238","2.0000","1.0000","1.0000","0.0000","0.0000"
"100003407","BOAL00219","2.0000","1.0000","1.0000","0.0000","0.0000"
"100003408","LLRKUB0066","1.0000","1.0000","1.0000","0.0000","0.0000"
"100003409","ME00255","2.0000","0.0000","0.0000","2.0000","0.0000"
"100003410","ME00255","2.0000","2.0000","2.0000","0.0000","2.0000"
"100003411","CCS0010002","2.0000","2.0000","2.0000","0.0000","0.0000"
"100003412","BOVE00170","1.0000","1.0000","1.0000","0.0000","0.0000"
"100003413","BOAL00179","3.0000","3.0000","3.0000","0.0000","0.0000"
"100003413","BOAL00181","1.0000","1.0000","1.0000","0.0000","0.0000"
"100003414","BOAL00930","1.0000","1.0000","1.0000","0.0000","0.0000"
"100003415","LLW0010002","2.0000","2.0000","2.0000","0.0000","0.0000"
"100003416","BOAL00940","1.0000","1.0000","1.0000","0.0000","0.0000"
"100003417","BOVE00386","1.0000","1.0000","1.0000","0.0000","0.0000"
"100003418","BOAL01456-BOAL00656-BOAL00661-BOAL00662-BOAL00663","1.0000","1.0000","1.0000","0.0000","0.0000"
"100003418","BOAL00656","1.0000","1.0000","1.0000","0.0000","0.0000"
"100003418","BOAL00661","1.0000","1.0000","1.0000","0.0000","0.0000"
"100003418","BOAL00662","1.0000","1.0000","1.0000","0.0000","0.0000"
"100003418","BOAL00663","1.0000","1.0000","1.0000","0.0000","0.0000"
"100003419","BOBB00040","1.0000","1.0000","1.0000","0.0000","0.0000"
"100003420","CBRBAV0001","1.0000","1.0000","1.0000","0.0000","0.0000"
"100003421","LLRSWE0096","2.0000","2.0000","2.0000","0.0000","0.0000"
"100003421","BOVE00543","2.0000","2.0000","2.0000","0.0000","0.0000"
"100003422","BET0110003-BOAL00607-BOAL00613-BOAL00615-BOAL00609","1.0000","1.0000","1.0000","0.0000","0.0000"
"100003422","BOAL00607","2.0000","1.0000","1.0000","0.0000","0.0000"
"100003422","BOAL00613","2.0000","1.0000","1.0000","0.0000","0.0000"
"100003422","BOAL00615","2.0000","1.0000","1.0000","0.0000","0.0000"
"100003422","BOAL00609","2.0000","1.0000","1.0000","0.0000","0.0000"
"100003423","BOVE00113","1.0000","1.0000","1.0000","0.0000","0.0000"
"100003424","BOVE00658","1.0000","1.0000","1.0000","0.0000","0.0000"
"100003425","CLBATE0001","1.0000","1.0000","1.0000","0.0000","0.0000"
"100003425","CCS0010015","1.0000","1.0000","1.0000","0.0000","0.0000"
"100003426","BOBB00288","2.0000","0.0000","0.0000","2.0000","0.0000"
"100003427","BOAL00706","1.0000","1.0000","1.0000","0.0000","0.0000"
"100003427","BOAL00709","1.0000","1.0000","1.0000","0.0000","0.0000"
"100003428","BOVE00343","1.0000","1.0000","1.0000","0.0000","0.0000"
"100003429","BOVE00615","1.0000","1.0000","1.0000","0.0000","0.0000"
"100003430","BOVE00772","2.0000","0.0000","0.0000","2.0000","0.0000"
"100003431","ME00C127","1.0000","1.0000","1.0000","0.0000","0.0000"
"100003432","BOAL01374-BOAL00206-BOAL00261-BOAL00238-BOAL00219","1.0000","1.0000","1.0000","0.0000","0.0000"
"100003432","BOAL00206","2.0000","1.0000","1.0000","0.0000","0.0000"
"100003432","BOAL00261","2.0000","1.0000","1.0000","0.0000","0.0000"
"100003432","BOAL00238","2.0000","1.0000","1.0000","0.0000","0.0000"
"100003432","BOAL00219","2.0000","1.0000","1.0000","0.0000","0.0000"
"100003433","LLRBUB0095","1.0000","1.0000","1.0000","0.0000","0.0000"
"100003434","BOVE00478","2.0000","0.0000","0.0000","2.0000","0.0000"
"100003435","BOVE00503","1.0000","1.0000","1.0000","0.0000","0.0000"
"100003436","BOVE00469","1.0000","1.0000","1.0000","0.0000","0.0000"
"100003437","BOVE00508","1.0000","0.0000","0.0000","1.0000","0.0000"
"100003437","BOVE00505","2.0000","0.0000","0.0000","2.0000","0.0000"
"100003438","BOVE00557","1.0000","1.0000","1.0000","0.0000","0.0000"
"100003438","BOVE00559","1.0000","1.0000","1.0000","0.0000","0.0000"
"100003439","BOVE00281","2.0000","2.0000","2.0000","0.0000","0.0000"
"100003440","CCS0010002","2.0000","2.0000","2.0000","0.0000","0.0000"
"100003440","CCS0010010","2.0000","2.0000","2.0000","0.0000","0.0000"
"100003441","BOVE00086","1.0000","1.0000","1.0000","0.0000","0.0000"
"100003442","BAR0110014","2.0000","2.0000","2.0000","0.0000","0.0000"
"100003443","ME00C113","1.0000","1.0000","1.0000","0.0000","0.0000"
"100003444","ME00C51","1.0000","1.0000","1.0000","0.0000","0.0000"
"100003445","BOVE00485","6.0000","6.0000","6.0000","0.0000","0.0000"
"100003445","BOVE00234","2.0000","2.0000","2.0000","0.0000","0.0000"
"100003446","BOVE00510","1.0000","1.0000","1.0000","0.0000","0.0000"
"100003447","ME00C24","1.0000","1.0000","1.0000","0.0000","0.0000"
"100003448","ME00216","1.0000","1.0000","1.0000","0.0000","0.0000"
"100003448","ME00227","1.0000","1.0000","1.0000","0.0000","0.0000"
"100003448","BOBB00236","1.0000","1.0000","1.0000","0.0000","0.0000"
"100003449","BOVE00469","1.0000","1.0000","1.0000","0.0000","0.0000"
"100003449","BOVE00483","1.0000","1.0000","1.0000","0.0000","0.0000"
"100003450","CCSEXP0017","1.0000","1.0000","1.0000","0.0000","0.0000"
"100003451","ME00C127","1.0000","1.0000","1.0000","0.0000","0.0000"
"100003452","BOVE00469","1.0000","1.0000","1.0000","0.0000","0.0000"
"100003453","BOAL01183C-BOAL00327-BOAL00328-BOAL00329-BOAL00330-ME00C51","1.0000","1.0000","1.0000","0.0000","0.0000"
"100003453","BOAL00327","2.0000","1.0000","1.0000","0.0000","0.0000"
"100003453","BOAL00328","2.0000","1.0000","1.0000","0.0000","0.0000"
"100003453","BOAL00329","2.0000","1.0000","1.0000","0.0000","0.0000"
"100003453","BOAL00330","2.0000","1.0000","1.0000","0.0000","0.0000"
"100003453","ME00C51","1.0000","1.0000","1.0000","0.0000","0.0000"
"100003454","BOVE00478","2.0000","2.0000","2.0000","0.0000","0.0000"
"100003455","BOVE00503","1.0000","0.0000","0.0000","1.0000","0.0000"
"100003456","BOVE00503","1.0000","1.0000","1.0000","0.0000","0.0000"
"100003457","BOVE00714","6.0000","6.0000","6.0000","0.0000","0.0000"
"100003457","CBR0010004","1.0000","1.0000","1.0000","0.0000","0.0000"
"100003457","CBR0010005","1.0000","1.0000","1.0000","0.0000","0.0000"
"100003457","CBRVIV0001","1.0000","1.0000","1.0000","0.0000","0.0000"
"100003458","ME00C127","1.0000","1.0000","1.0000","0.0000","0.0000"
"100003459","BOVE00537","1.0000","1.0000","1.0000","0.0000","0.0000"
"100003460","BOCI00613","1.0000","1.0000","1.0000","0.0000","0.0000"
"100003461","BOAL00663","1.0000","1.0000","1.0000","0.0000","0.0000"
"100003461","BOAL01455-BOAL00656-BOAL00661-BOAL00662","1.0000","1.0000","1.0000","0.0000","0.0000"
"100003461","BOAL00656","1.0000","1.0000","1.0000","0.0000","0.0000"
"100003461","BOAL00661","1.0000","1.0000","1.0000","0.0000","0.0000"
"100003461","BOAL00662","1.0000","1.0000","1.0000","0.0000","0.0000"
"100003462","BOBB00053","1.0000","1.0000","1.0000","0.0000","0.0000"
"100003462","BOBB00045","1.0000","1.0000","1.0000","0.0000","0.0000"
"100003462","BOBB00058","1.0000","1.0000","1.0000","0.0000","0.0000"
"100003463","BOVE00511","1.0000","1.0000","1.0000","0.0000","0.0000"
"100003464","ME00C51","1.0000","1.0000","1.0000","0.0000","0.0000"
"100003465","BOCI00594","1.0000","1.0000","1.0000","0.0000","0.0000"
"100003466","BBR0010001","1.0000","1.0000","1.0000","0.0000","0.0000"
"100003467","BOVE00659","2.0000","2.0000","2.0000","0.0000","0.0000"
"100003468","BOVE00659","1.0000","1.0000","1.0000","0.0000","0.0000"
"100003469","BOVE00503","1.0000","1.0000","1.0000","0.0000","0.0000"
"100003470","BOVE00016","1.0000","1.0000","1.0000","0.0000","0.0000"
"100003471","BOAL01182-BOAL00327-BOAL00328-BOAL00329-BOAL00330","1.0000","1.0000","1.0000","0.0000","0.0000"
"100003471","BOAL00327","1.0000","1.0000","1.0000","0.0000","0.0000"
"100003471","BOAL00328","1.0000","1.0000","1.0000","0.0000","0.0000"
"100003471","BOAL00329","1.0000","1.0000","1.0000","0.0000","0.0000"
"100003471","BOAL00330","1.0000","1.0000","1.0000","0.0000","0.0000"
"100003472","BOVE00034","3.0000","3.0000","3.0000","0.0000","3.0000"
"100003472","CCS0010008","1.0000","1.0000","1.0000","0.0000","0.0000"
"100003472","BOBB00064","1.0000","1.0000","1.0000","0.0000","0.0000"
"100003473","CCS0010003","1.0000","0.0000","0.0000","1.0000","0.0000"
"100003474","CCS0010003","1.0000","1.0000","1.0000","0.0000","0.0000"
"100003475","BOUU00071","1.0000","1.0000","1.0000","0.0000","0.0000"
"100003476","BOVE00520","2.0000","2.0000","2.0000","0.0000","0.0000"
"100003477","BOVE00147","1.0000","1.0000","1.0000","0.0000","0.0000"
"100003477","BOVE00516","1.0000","1.0000","1.0000","0.0000","0.0000"
"100003477","BOVE00028","1.0000","1.0000","1.0000","0.0000","0.0000"
"100003477","BOVE00296","1.0000","1.0000","1.0000","0.0000","0.0000"
"100003477","BOVE00149","1.0000","1.0000","1.0000","0.0000","0.0000"
"100003477","BOBB00056","1.0000","1.0000","1.0000","0.0000","0.0000"
"100003478","BOAL01182-BOAL00327-BOAL00328-BOAL00329-BOAL00330","1.0000","1.0000","1.0000","0.0000","0.0000"
"100003478","BOAL00327","1.0000","1.0000","1.0000","0.0000","0.0000"
"100003478","BOAL00328","1.0000","1.0000","1.0000","0.0000","0.0000"
"100003478","BOAL00329","1.0000","1.0000","1.0000","0.0000","0.0000"
"100003478","BOAL00330","1.0000","1.0000","1.0000","0.0000","0.0000"
"100003479","CBRBAV0001","1.0000","1.0000","1.0000","0.0000","0.0000"
"100003480","BOVE00588","1.0000","1.0000","1.0000","0.0000","0.0000"
"100003481","BET0110006-BOAL00607-BOAL00613-BOAL00615-BOAL00606-BOAL00612-BOAL00609","1.0000","1.0000","1.0000","0.0000","0.0000"
"100003481","BOAL00607","2.0000","1.0000","1.0000","0.0000","0.0000"
"100003481","BOAL00613","2.0000","1.0000","1.0000","0.0000","0.0000"
"100003481","BOAL00615","2.0000","1.0000","1.0000","0.0000","0.0000"
"100003481","BOAL00606","2.0000","1.0000","1.0000","0.0000","0.0000"
"100003481","BOAL00612","2.0000","1.0000","1.0000","0.0000","0.0000"
"100003481","BOAL00609","2.0000","1.0000","1.0000","0.0000","0.0000"
"100003482","BOAL01457-BOAL00656-BOAL00661-BOAL00662-BOAL00663","1.0000","1.0000","1.0000","0.0000","0.0000"
"100003482","BOAL00656","2.0000","1.0000","1.0000","0.0000","0.0000"
"100003482","BOAL00661","2.0000","1.0000","1.0000","0.0000","0.0000"
"100003482","BOAL00662","2.0000","1.0000","1.0000","0.0000","0.0000"
"100003482","BOAL00663","2.0000","1.0000","1.0000","0.0000","0.0000"
"100003483","CCS0010002","3.0000","3.0000","3.0000","0.0000","0.0000"
"100003484","BOBB00036","1.0000","1.0000","1.0000","0.0000","0.0000"
"100003485","BOVE00341","1.0000","1.0000","1.0000","0.0000","0.0000"
"100003485","BNN0010001","1.0000","1.0000","1.0000","0.0000","0.0000"
"100003485","BNN0010003","1.0000","1.0000","1.0000","0.0000","0.0000"
"100003486","ME00286","1.0000","1.0000","1.0000","0.0000","0.0000"
"100003487","CCS0010003","1.0000","0.0000","0.0000","1.0000","0.0000"
"100003488","CCS0010003","1.0000","1.0000","1.0000","0.0000","0.0000"
"100003489","BOVE00631","3.0000","3.0000","3.0000","0.0000","0.0000"
"100003489","SDO0028010","1.0000","1.0000","1.0000","0.0000","0.0000"
"100003490","BCO0070002","1.0000","1.0000","1.0000","0.0000","0.0000"
"100003491","BOAL01376-BOAL00206-BOAL00261-BOAL00219-BOAL00238-BOAL00187-BOAL00245","1.0000","1.0000","1.0000","0.0000","1.0000"
"100003491","BOAL00206","2.0000","1.0000","1.0000","0.0000","2.0000"
"100003491","BOAL00261","2.0000","1.0000","1.0000","0.0000","2.0000"
"100003491","BOAL00219","2.0000","1.0000","1.0000","0.0000","2.0000"
"100003491","BOAL00238","2.0000","1.0000","1.0000","0.0000","2.0000"
"100003491","BOAL00187","2.0000","1.0000","1.0000","0.0000","2.0000"
"100003491","BOAL00245","2.0000","1.0000","1.0000","0.0000","2.0000"
"100003492","CLP0010005","1.0000","1.0000","1.0000","0.0000","0.0000"
"100003493","BOCI00829","1.0000","1.0000","1.0000","0.0000","0.0000"
"100003493","CCSHAR0018","1.0000","1.0000","1.0000","0.0000","0.0000"
"100003494","BOAL00713","12.0000","12.0000","12.0000","0.0000","0.0000"
"100003495","BET0140004-BOAL00648-BOAL00651-BOAL00655-BOAL00646-BOAL00649-BOAL00652","1.0000","1.0000","1.0000","0.0000","1.0000"
"100003495","BOAL00648","2.0000","1.0000","1.0000","0.0000","2.0000"
"100003495","BOAL00651","2.0000","1.0000","1.0000","0.0000","2.0000"
"100003495","BOAL00655","2.0000","1.0000","1.0000","0.0000","2.0000"
"100003495","BOAL00646","2.0000","1.0000","1.0000","0.0000","2.0000"
"100003495","BOAL00649","2.0000","1.0000","1.0000","0.0000","2.0000"
"100003495","BOAL00652","2.0000","1.0000","1.0000","0.0000","2.0000"
"100003496","CCS0010003","1.0000","1.0000","1.0000","0.0000","0.0000"
"100003496","BOAL00222","2.0000","2.0000","2.0000","0.0000","0.0000"
"100003496","BOCI00488","1.0000","1.0000","1.0000","0.0000","0.0000"
"100003497","BOVE00307","1.0000","1.0000","1.0000","0.0000","0.0000"
"100003498","BOVE00757","1.0000","1.0000","1.0000","0.0000","0.0000"
"100003499","BOAL01183-BOAL00327-BOAL00328-BOAL00329-BOAL00330","1.0000","1.0000","1.0000","0.0000","0.0000"
"100003499","BOAL00327","2.0000","1.0000","1.0000","0.0000","0.0000"
"100003499","BOAL00328","2.0000","1.0000","1.0000","0.0000","0.0000"
"100003499","BOAL00329","2.0000","1.0000","1.0000","0.0000","0.0000"
"100003499","BOAL00330","2.0000","1.0000","1.0000","0.0000","0.0000"
"100003500","BOAL00432","1.0000","1.0000","1.0000","0.0000","0.0000"
"100003500","BOAL00429","1.0000","1.0000","1.0000","0.0000","0.0000"
"100003501","BOAL01183-BOAL00327-BOAL00328-BOAL00329-BOAL00330","1.0000","1.0000","1.0000","0.0000","0.0000"
"100003501","BOAL00327","2.0000","1.0000","1.0000","0.0000","0.0000"
"100003501","BOAL00328","2.0000","1.0000","1.0000","0.0000","0.0000"
"100003501","BOAL00329","2.0000","1.0000","1.0000","0.0000","0.0000"
"100003501","BOAL00330","2.0000","1.0000","1.0000","0.0000","0.0000"
"100003502","CCS0010003","1.0000","1.0000","1.0000","0.0000","0.0000"
"100003503","CCS0010003","2.0000","2.0000","2.0000","0.0000","0.0000"
"100003504","BOVE00797-BOVE00796-BOVE00795-BOVE00794","4.0000","4.0000","4.0000","0.0000","0.0000"
"100003504","BOVE00796","4.0000","1.0000","1.0000","0.0000","0.0000"
"100003504","BOVE00795","4.0000","1.0000","1.0000","0.0000","0.0000"
"100003504","BOVE00794","4.0000","1.0000","1.0000","0.0000","0.0000"
"100003505","BOVE00271","2.0000","2.0000","2.0000","0.0000","0.0000"
"100003506","ME00007","2.0000","2.0000","2.0000","0.0000","0.0000"
"100003507","BOVE00797-BOVE00796-BOVE00795-BOVE00794","10.0000","10.0000","10.0000","0.0000","0.0000"
"100003507","BOVE00796","10.0000","1.0000","1.0000","0.0000","0.0000"
"100003507","BOVE00795","10.0000","1.0000","1.0000","0.0000","0.0000"
"100003507","BOVE00794","10.0000","1.0000","1.0000","0.0000","0.0000"
"100003508","BOVE00547","1.0000","1.0000","1.0000","0.0000","0.0000"
"100003508","BOVE00518","1.0000","1.0000","1.0000","0.0000","0.0000"
"100003508","BOVE00521","1.0000","1.0000","1.0000","0.0000","0.0000"
"100003508","BOVE00537","1.0000","1.0000","1.0000","0.0000","0.0000"
"100003509","BOBB00053","1.0000","1.0000","1.0000","0.0000","0.0000"
"100003510","BOVE00763","1.0000","1.0000","1.0000","0.0000","0.0000"
"100003511","BOVE00517","1.0000","1.0000","1.0000","0.0000","0.0000"
"100003512","BOVA01401","15.0000","15.0000","15.0000","0.0000","0.0000"
"100003513","BOVE00138","3.0000","3.0000","3.0000","0.0000","0.0000"
"100003514","BOVE00447","2.0000","2.0000","2.0000","0.0000","0.0000"
"100003515","BOVE00341","1.0000","1.0000","1.0000","0.0000","0.0000"
"100003516","BOBB00028","1.0000","1.0000","1.0000","0.0000","0.0000"
"100003516","BOAL00729","1.0000","1.0000","1.0000","0.0000","0.0000"
"100003517","BOVE00296","1.0000","1.0000","1.0000","0.0000","0.0000"
"100003518","BRE0010003","6.0000","6.0000","6.0000","0.0000","0.0000"
"100003518","BOVA00750","1.0000","1.0000","1.0000","0.0000","0.0000"
"100003519","BOAL00264","2.0000","2.0000","2.0000","0.0000","0.0000"
"100003519","BOAL00222","3.0000","3.0000","3.0000","0.0000","0.0000"
"100003519","BOAL00208","2.0000","2.0000","2.0000","0.0000","0.0000"
"100003519","BOAL00231","1.0000","1.0000","1.0000","0.0000","0.0000"
"100003519","BOAL00198","1.0000","1.0000","1.0000","0.0000","0.0000"
"100003520","BOVE00556","2.0000","2.0000","2.0000","0.0000","0.0000"
"100003521","LLRABE0026-LLRBEU0025-LLRABE0024","2.0000","2.0000","2.0000","0.0000","0.0000"
"100003521","LLRBEU0025","2.0000","1.0000","1.0000","0.0000","0.0000"
"100003521","LLRABE0024","2.0000","1.0000","1.0000","0.0000","0.0000"
"100003521","LLRABE0008","2.0000","2.0000","2.0000","0.0000","0.0000"
"100003522","BOVE00117","1.0000","1.0000","1.0000","0.0000","0.0000"
"100003523","BOVE00113","1.0000","1.0000","1.0000","0.0000","0.0000"
"100003524","BOAL01426-BOAL00205-BOAL00259-BOAL00218-BOAL00237","1.0000","1.0000","1.0000","0.0000","0.0000"
"100003524","BOAL00205","1.0000","1.0000","1.0000","0.0000","0.0000"
"100003524","BOAL00259","1.0000","1.0000","1.0000","0.0000","0.0000"
"100003524","BOAL00218","1.0000","1.0000","1.0000","0.0000","0.0000"
"100003524","BOAL00237","1.0000","1.0000","1.0000","0.0000","0.0000"
"100003525","ME00037","2.0000","2.0000","2.0000","0.0000","0.0000"
"100003525","ME00038","2.0000","2.0000","2.0000","0.0000","0.0000"
"100003526","BOAL00756","1.0000","1.0000","1.0000","0.0000","0.0000"
"100003527","CCS0010003","1.0000","1.0000","1.0000","0.0000","0.0000"
"100003528","BOVE00118","1.0000","1.0000","1.0000","0.0000","0.0000"
"100003529","BOVE00767","2.0000","2.0000","2.0000","0.0000","0.0000"
"100003530","BOVE00452","1.0000","1.0000","1.0000","0.0000","0.0000"
"100003530","BOVE00447","1.0000","1.0000","1.0000","0.0000","0.0000"
"100003531","LLRBOR0119","1.0000","1.0000","1.0000","0.0000","0.0000"
"100003532","BOAL00606","1.0000","1.0000","1.0000","0.0000","0.0000"
"100003532","BOAL00612","1.0000","1.0000","1.0000","0.0000","0.0000"
"100003532","BOAL00614","1.0000","1.0000","1.0000","0.0000","0.0000"
"100003533","BOAL01186-BOAL00340-BOAL00343-BOAL00347-BOAL00349","1.0000","1.0000","1.0000","0.0000","0.0000"
"100003533","BOAL00340","2.0000","1.0000","1.0000","0.0000","0.0000"
"100003533","BOAL00343","2.0000","1.0000","1.0000","0.0000","0.0000"
"100003533","BOAL00347","2.0000","1.0000","1.0000","0.0000","0.0000"
"100003533","BOAL00349","2.0000","1.0000","1.0000","0.0000","0.0000"
"100003534","BOAL00701","2.0000","2.0000","2.0000","0.0000","0.0000"
"100003535","BOVE00026","1.0000","1.0000","1.0000","0.0000","0.0000"
"100003536","BOAL00702","1.0000","1.0000","1.0000","0.0000","0.0000"
"100003537","BOVE00136","3.0000","0.0000","0.0000","3.0000","0.0000"
"100003538","CCS0010015","1.0000","1.0000","1.0000","0.0000","0.0000"
"100003539","BBR0010002","1.0000","1.0000","1.0000","0.0000","0.0000"
"100003540","BOVE00510","1.0000","1.0000","1.0000","0.0000","0.0000"
"100003541","BOVE00114","1.0000","0.0000","0.0000","1.0000","0.0000"
"100003542","BOVE00349","1.0000","1.0000","1.0000","0.0000","0.0000"
"100003543","BOAL00705","2.0000","2.0000","2.0000","0.0000","0.0000"
"100003544","BOVE00469","1.0000","1.0000","1.0000","0.0000","0.0000"
"100003545","BOVE00286","1.0000","1.0000","1.0000","0.0000","0.0000"
"100003546","BOVE00359","1.0000","1.0000","1.0000","0.0000","0.0000"
"100003547","CBR0050001","1.0000","1.0000","1.0000","0.0000","0.0000"
"100003548","BOAL01457-BOAL00656-BOAL00661-BOAL00662-BOAL00663","1.0000","1.0000","1.0000","0.0000","0.0000"
"100003549","CBRYPS0001","1.0000","1.0000","1.0000","0.0000","0.0000"
"100003549","BOVE00749","1.0000","1.0000","1.0000","0.0000","0.0000"
"100003550","BOVE00003","1.0000","1.0000","1.0000","0.0000","0.0000"
"100003551","BOVE00124","2.0000","2.0000","2.0000","0.0000","0.0000"
"100003551","BOCI00550","1.0000","1.0000","1.0000","0.0000","0.0000"
"100003551","BOCI00556","1.0000","1.0000","1.0000","0.0000","0.0000"
"100003552","BOVE00378","3.0000","3.0000","3.0000","0.0000","0.0000"
"100003552","BOAL00609","3.0000","3.0000","3.0000","0.0000","0.0000"
"100003553","BOAL00229","3.0000","3.0000","3.0000","0.0000","3.0000"
"100003554","BOVE00354","1.0000","0.0000","0.0000","1.0000","0.0000"
"100003555","BOVE00354","1.0000","1.0000","1.0000","0.0000","0.0000"
"100003556","SRC-UPS","1.0000","1.0000","1.0000","0.0000","0.0000"
"100003557","BOAL00939","1.0000","0.0000","0.0000","1.0000","0.0000"
"100003557","BOAL00931","1.0000","0.0000","0.0000","1.0000","0.0000"
"100003558","BOAL00939","1.0000","1.0000","1.0000","0.0000","0.0000"
"100003558","BOAL00931","1.0000","1.0000","1.0000","0.0000","0.0000"
"100003559","BOVE00452","3.0000","3.0000","3.0000","0.0000","0.0000"
"100003560","BOVE00113","1.0000","1.0000","1.0000","0.0000","0.0000"
"100003561","BOCI00494","1.0000","1.0000","1.0000","0.0000","0.0000"
"100003562","BOVE00113","1.0000","1.0000","1.0000","0.0000","0.0000"
"100003563","BOVE00513","1.0000","1.0000","1.0000","0.0000","0.0000"
"100003563","BOVE00510","1.0000","1.0000","1.0000","0.0000","0.0000"
"100003564","CCS0010013","1.0000","1.0000","1.0000","0.0000","0.0000"
"100003564","CCS0010015","1.0000","1.0000","1.0000","0.0000","0.0000"
"100003565","BOVE00797-BOVE00796-BOVE00795-BOVE00794","5.0000","5.0000","5.0000","0.0000","0.0000"
"100003565","BOVE00796","5.0000","1.0000","1.0000","0.0000","0.0000"
"100003565","BOVE00795","5.0000","1.0000","1.0000","0.0000","0.0000"
"100003565","BOVE00794","5.0000","1.0000","1.0000","0.0000","0.0000"
"100003566","LLRABE0020-LLRABE0020-1-LLRABE0020-2","1.0000","1.0000","1.0000","0.0000","0.0000"
"100003566","LLRABE0020-1","1.0000","1.0000","1.0000","0.0000","0.0000"
"100003566","LLRABE0020-2","1.0000","1.0000","1.0000","0.0000","0.0000"
"100003567","BOAL00245","2.0000","2.0000","2.0000","0.0000","0.0000"
"100003567","BOAL00226","2.0000","2.0000","2.0000","0.0000","0.0000"
"100003568","CCS0010011","2.0000","2.0000","2.0000","0.0000","0.0000"
"100003569","CCS0010003","1.0000","1.0000","1.0000","0.0000","0.0000"
"100003570","BOVE00021","3.0000","3.0000","3.0000","0.0000","0.0000"
"100003570","BOVE00022","4.0000","4.0000","4.0000","0.0000","0.0000"
"100003571","BOBB00003","2.0000","2.0000","2.0000","0.0000","0.0000"
"100003571","BOBB00004","1.0000","1.0000","1.0000","0.0000","0.0000"
"100003572","ME00C127","1.0000","1.0000","1.0000","0.0000","0.0000"
"100003572","ME00C51","1.0000","1.0000","1.0000","0.0000","0.0000"
"100003573","CCS0020002","1.0000","1.0000","1.0000","0.0000","0.0000"
"100003574","BOVE00341","1.0000","1.0000","1.0000","0.0000","0.0000"
"100003575","LLRPER0060","2.0000","2.0000","2.0000","0.0000","0.0000"
"100003576","CCS0010002","2.0000","0.0000","0.0000","2.0000","0.0000"
"100003577","CCS0010002","2.0000","2.0000","2.0000","0.0000","0.0000"
"100003578","BOVE00296","1.0000","1.0000","1.0000","0.0000","0.0000"
"100003579","BOVE00149","1.0000","0.0000","0.0000","1.0000","0.0000"
"100003580","BOVE00197","1.0000","1.0000","1.0000","0.0000","0.0000"
"100003580","CCS0010003","2.0000","2.0000","2.0000","0.0000","0.0000"
"100003581","CCS0030005","2.0000","2.0000","2.0000","0.0000","0.0000"
"100003582","BOVE00797-BOVE00796-BOVE00795-BOVE00794","6.0000","6.0000","6.0000","0.0000","0.0000"
"100003583","BOVE00389IB","1.0000","1.0000","1.0000","0.0000","0.0000"
"100003584","BOAL00323","2.0000","2.0000","2.0000","0.0000","0.0000"
"100003585","BOVE00517","1.0000","1.0000","1.0000","0.0000","0.0000"
"100003586","BOCI00732","3.0000","3.0000","3.0000","0.0000","0.0000"
"100003586","BOCI00730","2.0000","2.0000","2.0000","0.0000","0.0000"
"100003586","BOCI00733","1.0000","1.0000","1.0000","0.0000","0.0000"
"100003587","BOVA01081","8.0000","8.0000","8.0000","0.0000","0.0000"
"100003588","ME00C113","1.0000","1.0000","1.0000","0.0000","0.0000"
"100003589","BOVE00114","1.0000","1.0000","1.0000","0.0000","0.0000"
"100003590","BOVE00351","1.0000","1.0000","1.0000","0.0000","0.0000"
"100003591","BOBB00032","1.0000","1.0000","1.0000","0.0000","0.0000"
"100003591","BOBB00045","1.0000","1.0000","1.0000","0.0000","0.0000"
"100003591","BOVE00482","1.0000","1.0000","1.0000","0.0000","0.0000"
"100003592","BOCI00829","1.0000","1.0000","1.0000","0.0000","0.0000"
"100003593","BOAL00941","1.0000","1.0000","1.0000","0.0000","0.0000"
"100003594","CCS0010003","1.0000","1.0000","1.0000","0.0000","0.0000"
"100003595","BOVE00767","3.0000","0.0000","0.0000","3.0000","0.0000"
"100003595","BOVE00138","3.0000","0.0000","0.0000","3.0000","0.0000"
"100003596","BOVE00767","3.0000","0.0000","0.0000","3.0000","0.0000"
"100003596","BOVE00138","3.0000","0.0000","0.0000","3.0000","0.0000"
"100003597","BOVE00767","3.0000","0.0000","0.0000","3.0000","0.0000"
"100003597","BOVE00138","3.0000","0.0000","0.0000","3.0000","0.0000"
"100003598","BOVE00767","3.0000","0.0000","0.0000","3.0000","0.0000"
"100003598","BOVE00138","3.0000","0.0000","0.0000","3.0000","0.0000"
"100003599","BOVE00767","3.0000","0.0000","0.0000","3.0000","0.0000"
"100003599","BOVE00138","3.0000","0.0000","0.0000","3.0000","0.0000"
"100003600","BOVE00767","3.0000","3.0000","3.0000","0.0000","0.0000"
"100003600","BOVE00138","3.0000","3.0000","3.0000","0.0000","0.0000"
"100003601","BOVA01192","1.0000","1.0000","1.0000","0.0000","0.0000"
"100003602","BOVE00465","2.0000","2.0000","2.0000","0.0000","0.0000"
"100003602","BOBB00058","1.0000","1.0000","1.0000","0.0000","0.0000"
"100003602","BOBB00057","1.0000","1.0000","1.0000","0.0000","0.0000"
"400000007","BOVE00023","6.0000","6.0000","6.0000","0.0000","0.0000"
"100003603","BOVE00359","1.0000","1.0000","1.0000","0.0000","0.0000"
"100003604","CCS0010005","1.0000","1.0000","1.0000","0.0000","0.0000"
"100003605","BOAL01182C-BOAL00327-BOAL00328-BOAL00329-BOAL00330-ME00C24","1.0000","0.0000","0.0000","1.0000","0.0000"
"100003605","BOAL00327","1.0000","0.0000","0.0000","0.0000","0.0000"
"100003605","BOAL00328","1.0000","0.0000","0.0000","0.0000","0.0000"
"100003605","BOAL00329","1.0000","0.0000","0.0000","0.0000","0.0000"
"100003605","BOAL00330","1.0000","0.0000","0.0000","0.0000","0.0000"
"100003605","ME00C24","1.0000","0.0000","0.0000","0.0000","0.0000"
"100003606","BET0160002-BOAL00664-BOAL00665-BOAL00668-BOAL00666","3.0000","3.0000","3.0000","0.0000","0.0000"
"100003606","BOAL00664","3.0000","1.0000","1.0000","0.0000","0.0000"
"100003606","BOAL00665","3.0000","1.0000","1.0000","0.0000","0.0000"
"100003606","BOAL00668","3.0000","1.0000","1.0000","0.0000","0.0000"
"100003606","BOAL00666","3.0000","1.0000","1.0000","0.0000","0.0000"
"100003607","BOAL00328","2.0000","2.0000","2.0000","0.0000","0.0000"
"100003607","BOAL00329","2.0000","2.0000","2.0000","0.0000","0.0000"
"100003607","BOAL00330","1.0000","1.0000","1.0000","0.0000","0.0000"
"100003608","BOVE00100","1.0000","1.0000","1.0000","0.0000","0.0000"
"100003608","BOVE00537","1.0000","1.0000","1.0000","0.0000","0.0000"
"100003608","CCS0010003","1.0000","1.0000","1.0000","0.0000","0.0000"
"100003608","BOVE00005","1.0000","1.0000","1.0000","0.0000","0.0000"
"100003609","BOVE00782","1.0000","1.0000","1.0000","0.0000","0.0000"
"100003610","BOVE00137","2.0000","0.0000","0.0000","2.0000","0.0000"
"100003611","BOVE00521","1.0000","1.0000","1.0000","0.0000","0.0000"
"100003612","BOVE00615","1.0000","0.0000","0.0000","1.0000","0.0000"
"100003612","CBR0050001","1.0000","0.0000","0.0000","1.0000","0.0000"
"100003612","LLRSWE0097","1.0000","0.0000","0.0000","1.0000","0.0000"
"100003613","BOVE00615","1.0000","0.0000","0.0000","1.0000","0.0000"
"100003613","CBR0050001","1.0000","0.0000","0.0000","1.0000","0.0000"
"100003613","LLRSWE0097","1.0000","0.0000","0.0000","1.0000","0.0000"
"100003614","BOVE00615","1.0000","0.0000","0.0000","1.0000","0.0000"
"100003614","CBR0050001","1.0000","0.0000","0.0000","1.0000","0.0000"
"100003614","LLRSWE0097","1.0000","0.0000","0.0000","1.0000","0.0000"
"100003615","BOVE00615","1.0000","0.0000","0.0000","1.0000","0.0000"
"100003615","CBR0050001","1.0000","0.0000","0.0000","1.0000","0.0000"
"100003615","LLRSWE0097","1.0000","0.0000","0.0000","1.0000","0.0000"
"100003616","BOVE00503","2.0000","2.0000","2.0000","0.0000","0.0000"
"100003617","BOVE00012","1.0000","1.0000","1.0000","0.0000","0.0000"
"100003618","BOVE00513","1.0000","1.0000","1.0000","0.0000","0.0000"
"100003619","BNN0010001","1.0000","1.0000","1.0000","0.0000","0.0000"
"100003620","BOVE00772","2.0000","2.0000","2.0000","0.0000","0.0000"
"100003620","BOVE00774","2.0000","2.0000","2.0000","0.0000","0.0000"
"100003620","BOVE00478","1.0000","1.0000","1.0000","0.0000","0.0000"
"100003621","BOVE00376","1.0000","1.0000","1.0000","0.0000","0.0000"
"100003621","CCS0010009","1.0000","1.0000","1.0000","0.0000","0.0000"
"100003621","BOVE00017","1.0000","1.0000","1.0000","0.0000","0.0000"
"100003621","BOAL00939","1.0000","1.0000","1.0000","0.0000","0.0000"
"100003621","BOAL00930","1.0000","1.0000","1.0000","0.0000","0.0000"
"100003622","BOVE00029","1.0000","1.0000","1.0000","0.0000","0.0000"
"100003623","BOVE00359","1.0000","1.0000","1.0000","0.0000","0.0000"
"100003624","LLRVOL0126","1.0000","1.0000","1.0000","0.0000","0.0000"
"100003625","CIT0010001","1.0000","1.0000","1.0000","0.0000","0.0000"
"100003626","CNNPOT0002","2.0000","0.0000","0.0000","2.0000","0.0000"
"100003626","CNNPOT0001","2.0000","0.0000","0.0000","2.0000","0.0000"
"100003627","CNNPOT0002","2.0000","0.0000","0.0000","2.0000","0.0000"
"100003627","CNNPOT0001","2.0000","0.0000","0.0000","2.0000","0.0000"
"100003628","CNNPOT0002","2.0000","0.0000","0.0000","2.0000","0.0000"
"100003628","CNNPOT0001","2.0000","0.0000","0.0000","2.0000","0.0000"
"100003629","CNNPOT0002","2.0000","2.0000","2.0000","0.0000","0.0000"
"100003629","CNNPOT0001","2.0000","2.0000","2.0000","0.0000","0.0000"
"100003630","BOAL00656","2.0000","2.0000","2.0000","0.0000","0.0000"
"100003630","BOAL00661","2.0000","2.0000","2.0000","0.0000","0.0000"
"100003630","BOAL00663","2.0000","2.0000","2.0000","0.0000","0.0000"
"100003630","BOAL01502","2.0000","2.0000","2.0000","0.0000","0.0000"
"100003631","BOVE00501","1.0000","1.0000","1.0000","0.0000","0.0000"
"100003632","BOAL01183-BOAL00327-BOAL00328-BOAL00329-BOAL00330","1.0000","1.0000","1.0000","0.0000","0.0000"
"100003632","BOAL00327","2.0000","1.0000","1.0000","0.0000","0.0000"
"100003632","BOAL00328","2.0000","1.0000","1.0000","0.0000","0.0000"
"100003632","BOAL00329","2.0000","1.0000","1.0000","0.0000","0.0000"
"100003632","BOAL00330","2.0000","1.0000","1.0000","0.0000","0.0000"
"100003633","BOVE00615","1.0000","1.0000","1.0000","0.0000","0.0000"
"100003633","CBR0050001","1.0000","1.0000","1.0000","0.0000","0.0000"
"100003633","LLRSWE0097","1.0000","1.0000","1.0000","0.0000","0.0000"
"100003634","CBREXE0001","1.0000","1.0000","1.0000","0.0000","0.0000"
"100003635","BOVE00364","1.0000","1.0000","1.0000","0.0000","0.0000"
"100003635","CBRVIV0001","1.0000","1.0000","1.0000","0.0000","0.0000"
"100003636","LLRPER0056","2.0000","2.0000","2.0000","0.0000","0.0000"
"100003637","BOAL00434","1.0000","1.0000","1.0000","0.0000","0.0000"
"100003637","BOAL00433","1.0000","1.0000","1.0000","0.0000","0.0000"
"100003638","CCS0010003","1.0000","1.0000","1.0000","0.0000","0.0000"
"100003639","CCS0010008","1.0000","0.0000","0.0000","1.0000","0.0000"
"100003640","CCS0010008","1.0000","1.0000","1.0000","0.0000","0.0000"
"100003641","BOVE00196","2.0000","2.0000","2.0000","0.0000","0.0000"
"100003642","CGD0010005-CGD0010006-CGD0010007-CGD0010008-CGD0010009","1.0000","1.0000","1.0000","0.0000","0.0000"
"100003642","CGD0010006","1.0000","1.0000","1.0000","0.0000","0.0000"
"100003642","CGD0010007","1.0000","1.0000","1.0000","0.0000","0.0000"
"100003642","CGD0010008","1.0000","1.0000","1.0000","0.0000","0.0000"
"100003642","CGD0010009","1.0000","1.0000","1.0000","0.0000","0.0000"
"100003642","LLRSOL0029","1.0000","1.0000","1.0000","0.0000","0.0000"
"100003643","BOBB00058","1.0000","1.0000","1.0000","0.0000","0.0000"
"100003644","BOVE00511","1.0000","0.0000","0.0000","1.0000","0.0000"
"100003645","BOVE00511","1.0000","1.0000","1.0000","0.0000","0.0000"
"100003646","BOVE00559","2.0000","2.0000","2.0000","0.0000","0.0000"
"100003647","BET0110002-BOAL00607-BOAL00613-BOAL00615-BOAL00609","1.0000","1.0000","1.0000","0.0000","0.0000"
"100003647","BOAL00607","1.0000","1.0000","1.0000","0.0000","0.0000"
"100003647","BOAL00613","1.0000","1.0000","1.0000","0.0000","0.0000"
"100003647","BOAL00615","1.0000","1.0000","1.0000","0.0000","0.0000"
"100003647","BOAL00609","1.0000","1.0000","1.0000","0.0000","0.0000"
"100003648","BOVE00169","1.0000","1.0000","1.0000","0.0000","0.0000"
"100003649","BOVE00554","2.0000","2.0000","2.0000","0.0000","0.0000"
"100003650","BOBB00035","1.0000","1.0000","1.0000","0.0000","0.0000"
"100003651","BOVE00559","1.0000","1.0000","1.0000","0.0000","0.0000"
"100003652","CCS0010013","6.0000","0.0000","0.0000","6.0000","0.0000"
"100003652","CCS0010002","6.0000","0.0000","0.0000","6.0000","0.0000"
"100003653","CCS0010013","6.0000","6.0000","6.0000","0.0000","0.0000"
"100003653","CCS0010002","3.0000","3.0000","3.0000","0.0000","0.0000"
"100003654","CCS0010003","1.0000","1.0000","1.0000","0.0000","0.0000"
"100003655","BOVE00520","1.0000","1.0000","1.0000","0.0000","0.0000"
"100003656","CPR0010001","1.0000","1.0000","1.0000","0.0000","0.0000"
"100003657","BOVE00469","1.0000","1.0000","1.0000","0.0000","0.0000"
"100003658","BOVE00615","2.0000","2.0000","2.0000","0.0000","0.0000"
"100003659","CCS0010002","2.0000","2.0000","2.0000","0.0000","0.0000"
"100003660","BOVE00010","2.0000","2.0000","2.0000","0.0000","0.0000"
"100003661","CBRBAV0002","1.0000","1.0000","1.0000","0.0000","0.0000"
"100003662","CNN0030001","1.0000","1.0000","1.0000","0.0000","0.0000"
"100003662","BOBB00058","1.0000","1.0000","1.0000","0.0000","0.0000"
"100003662","BOBB00059","1.0000","1.0000","1.0000","0.0000","0.0000"
"100003662","BOBB00064","1.0000","1.0000","1.0000","0.0000","0.0000"
"100003662","BOBB00053","1.0000","1.0000","1.0000","0.0000","0.0000"
"100003663","BCO0030046-BCO0030033-BCO0030032-BCO0030034-BCO0030035","1.0000","1.0000","1.0000","0.0000","0.0000"
"100003663","BCO0030033","1.0000","1.0000","1.0000","0.0000","0.0000"
"100003663","BCO0030032","1.0000","1.0000","1.0000","0.0000","0.0000"
"100003663","BCO0030034","1.0000","1.0000","1.0000","0.0000","0.0000"
"100003663","BCO0030035","1.0000","1.0000","1.0000","0.0000","0.0000"
"100003664","BOVE00281","1.0000","1.0000","1.0000","0.0000","0.0000"
"100003664","AZFL0001","1.0000","1.0000","1.0000","0.0000","0.0000"
"100003665","BOAL01182-BOAL00327-BOAL00328-BOAL00329-BOAL00330","1.0000","1.0000","1.0000","0.0000","0.0000"
"100003665","BOAL00327","1.0000","1.0000","1.0000","0.0000","0.0000"
"100003665","BOAL00328","1.0000","1.0000","1.0000","0.0000","0.0000"
"100003665","BOAL00329","1.0000","1.0000","1.0000","0.0000","0.0000"
"100003665","BOAL00330","1.0000","1.0000","1.0000","0.0000","0.0000"
"100003666","BOVE00615","1.0000","1.0000","1.0000","0.0000","0.0000"
"100003667","ME00C51","1.0000","1.0000","1.0000","0.0000","0.0000"
"100003668","BOVE00511","1.0000","1.0000","1.0000","0.0000","0.0000"
"100003669","BOAL01183-BOAL00327-BOAL00328-BOAL00329-BOAL00330","1.0000","1.0000","1.0000","0.0000","0.0000"
"100003669","BOAL00327","2.0000","1.0000","1.0000","0.0000","0.0000"
"100003669","BOAL00328","2.0000","1.0000","1.0000","0.0000","0.0000"
"100003669","BOAL00329","2.0000","1.0000","1.0000","0.0000","0.0000"
"100003669","BOAL00330","2.0000","1.0000","1.0000","0.0000","0.0000"
"100003670","BOVE00512","1.0000","1.0000","1.0000","0.0000","0.0000"
"100003671","BOVA01236","6.0000","6.0000","6.0000","0.0000","0.0000"
"100003672","BBR0010001","1.0000","1.0000","1.0000","0.0000","0.0000"
"100003673","CLRCRA0003","1.0000","1.0000","1.0000","0.0000","0.0000"
"100003674","BOBB00058","1.0000","1.0000","1.0000","0.0000","0.0000"
"100003675","CBRBAV0001","1.0000","1.0000","1.0000","0.0000","0.0000"
"100003676","BOVE00488","1.0000","1.0000","1.0000","0.0000","0.0000"
"100003677","BOVE00344","1.0000","1.0000","1.0000","0.0000","0.0000"
"100003678","BOVE00113","1.0000","1.0000","1.0000","0.0000","0.0000"
"100003679","ME00C127","1.0000","1.0000","1.0000","0.0000","1.0000"
"100003680","BOVE00007","1.0000","1.0000","1.0000","0.0000","0.0000"
"100003681","BOVE00704","1.0000","1.0000","1.0000","0.0000","0.0000"
"100003682","BOAL01495-BOAL01492-BOAL00422-BOAL00424-BOAL00426","1.0000","1.0000","1.0000","0.0000","0.0000"
"100003682","BOAL01492","2.0000","1.0000","1.0000","0.0000","0.0000"
"100003682","BOAL00422","2.0000","1.0000","1.0000","0.0000","0.0000"
"100003682","BOAL00424","2.0000","1.0000","1.0000","0.0000","0.0000"
"100003682","BOAL00426","2.0000","1.0000","1.0000","0.0000","0.0000"
"100003682","BOVE00391","3.0000","3.0000","3.0000","0.0000","0.0000"
"100003683","BOVE00292","3.0000","0.0000","0.0000","3.0000","0.0000"
"100003684","BOAL01174C-BOAL00317-BOAL00321-BOAL00323-BOAL00325-ME00C51","1.0000","0.0000","0.0000","1.0000","0.0000"
"100003684","BOAL00317","2.0000","0.0000","0.0000","0.0000","0.0000"
"100003684","BOAL00321","2.0000","0.0000","0.0000","0.0000","0.0000"
"100003684","BOAL00323","2.0000","0.0000","0.0000","0.0000","0.0000"
"100003684","BOAL00325","2.0000","0.0000","0.0000","0.0000","0.0000"
"100003684","ME00C51","1.0000","0.0000","0.0000","0.0000","0.0000"
"100003685","BOAL01174C-BOAL00317-BOAL00321-BOAL00323-BOAL00325-ME00C51","1.0000","0.0000","0.0000","1.0000","0.0000"
"100003685","BOAL00317","2.0000","0.0000","0.0000","0.0000","0.0000"
"100003685","BOAL00321","2.0000","0.0000","0.0000","0.0000","0.0000"
"100003685","BOAL00323","2.0000","0.0000","0.0000","0.0000","0.0000"
"100003685","BOAL00325","2.0000","0.0000","0.0000","0.0000","0.0000"
"100003685","ME00C51","1.0000","0.0000","0.0000","0.0000","0.0000"
"100003686","BOAL01174C-BOAL00317-BOAL00321-BOAL00323-BOAL00325-ME00C51","1.0000","0.0000","0.0000","1.0000","0.0000"
"100003686","BOAL00317","2.0000","0.0000","0.0000","0.0000","0.0000"
"100003686","BOAL00321","2.0000","0.0000","0.0000","0.0000","0.0000"
"100003686","BOAL00323","2.0000","0.0000","0.0000","0.0000","0.0000"
"100003686","BOAL00325","2.0000","0.0000","0.0000","0.0000","0.0000"
"100003686","ME00C51","1.0000","0.0000","0.0000","0.0000","0.0000"
"100003687","BOAL01174C-BOAL00317-BOAL00321-BOAL00323-BOAL00325-ME00C51","1.0000","0.0000","0.0000","1.0000","0.0000"
"100003687","BOAL00317","2.0000","0.0000","0.0000","0.0000","0.0000"
"100003687","BOAL00321","2.0000","0.0000","0.0000","0.0000","0.0000"
"100003687","BOAL00323","2.0000","0.0000","0.0000","0.0000","0.0000"
"100003687","BOAL00325","2.0000","0.0000","0.0000","0.0000","0.0000"
"100003687","ME00C51","1.0000","0.0000","0.0000","0.0000","0.0000"
"100003688","BOCI00734","6.0000","6.0000","6.0000","0.0000","0.0000"
"100003688","BOCI00787","9.0000","9.0000","9.0000","0.0000","0.0000"
"100003689","BOVE00547","1.0000","1.0000","1.0000","0.0000","0.0000"
"100003690","ME00296-ME00295","1.0000","1.0000","1.0000","0.0000","0.0000"
"100003690","ME00295","6.0000","1.0000","1.0000","0.0000","0.0000"
"100003691","CBR0050001","10.0000","10.0000","10.0000","0.0000","0.0000"
"100003692","CAR0030001","2.0000","0.0000","0.0000","2.0000","0.0000"
"100003693","CAR0030001","2.0000","2.0000","2.0000","0.0000","0.0000"
"100003694","BOVE00283","12.0000","12.0000","12.0000","0.0000","0.0000"
"100003695","BOVE00013","2.0000","0.0000","0.0000","2.0000","0.0000"
"100003696","BOVE00013","2.0000","2.0000","2.0000","0.0000","0.0000"
"100003697","BOBB00036","1.0000","1.0000","1.0000","0.0000","0.0000"
"100003698","ME00C127","1.0000","1.0000","1.0000","0.0000","1.0000"
"100003699","BBR0010002","1.0000","1.0000","1.0000","0.0000","0.0000"
"100003700","BOAL01380-BOAL00210-BOAL00263-BOAL00221-BOAL00240","1.0000","1.0000","1.0000","0.0000","0.0000"
"100003700","BOAL00210","2.0000","1.0000","1.0000","0.0000","0.0000"
"100003700","BOAL00263","2.0000","1.0000","1.0000","0.0000","0.0000"
"100003700","BOAL00221","2.0000","1.0000","1.0000","0.0000","0.0000"
"100003700","BOAL00240","2.0000","1.0000","1.0000","0.0000","0.0000"
"100003701","LLRSWE0098","3.0000","3.0000","3.0000","0.0000","0.0000"
"100003702","BOVE00797-BOVE00796-BOVE00795-BOVE00794","6.0000","6.0000","6.0000","0.0000","0.0000"
"100003702","BOVE00796","6.0000","1.0000","1.0000","0.0000","0.0000"
"100003702","BOVE00795","6.0000","1.0000","1.0000","0.0000","0.0000"
"100003702","BOVE00794","6.0000","1.0000","1.0000","0.0000","0.0000"
"100003703","BOVE00198","1.0000","1.0000","1.0000","0.0000","0.0000"
"100003703","BNN0010001","1.0000","1.0000","1.0000","0.0000","0.0000"
"100003704","BOVE00501","1.0000","1.0000","1.0000","0.0000","0.0000"
"100003705","BOVE00506","3.0000","3.0000","3.0000","0.0000","0.0000"
"100003706","BOVE00537","1.0000","1.0000","1.0000","0.0000","0.0000"
"100003707","BOVE00224","1.0000","1.0000","1.0000","0.0000","0.0000"
"100003708","BOVE00100","1.0000","0.0000","0.0000","1.0000","0.0000"
"100003708","BOVE00519","1.0000","0.0000","0.0000","1.0000","0.0000"
"100003708","SDO0011059","1.0000","0.0000","0.0000","1.0000","0.0000"
"100003709","BOVE00339","1.0000","1.0000","1.0000","0.0000","0.0000"
"100003709","BOAL00666","2.0000","2.0000","2.0000","0.0000","0.0000"
"100003710","BOVE00114","1.0000","1.0000","1.0000","0.0000","0.0000"
"100003711","CCS0010003","1.0000","1.0000","1.0000","0.0000","0.0000"
"100003712","CCS0010011","2.0000","2.0000","2.0000","0.0000","0.0000"
"100003712","CCS0010005","2.0000","2.0000","2.0000","0.0000","0.0000"
"100003712","CCS0010002","2.0000","2.0000","2.0000","0.0000","0.0000"
"100003713","BOVE00117","1.0000","1.0000","1.0000","0.0000","0.0000"
"100003714","BOAL01209-BOAL00379-BOAL00383-BOAL00385-BOAL00384","1.0000","1.0000","1.0000","0.0000","0.0000"
"100003714","BOAL00379","2.0000","1.0000","1.0000","0.0000","0.0000"
"100003714","BOAL00383","2.0000","1.0000","1.0000","0.0000","0.0000"
"100003714","BOAL00385","2.0000","1.0000","1.0000","0.0000","0.0000"
"100003714","BOAL00384","2.0000","1.0000","1.0000","0.0000","0.0000"
"100003715","ME00439","1.0000","0.0000","0.0000","1.0000","0.0000"
"100003716","ME00439","1.0000","0.0000","0.0000","1.0000","0.0000"
"100003717","BOAL00656","1.0000","1.0000","1.0000","0.0000","0.0000"
"100003717","BOAL00661","1.0000","1.0000","1.0000","0.0000","0.0000"
"100003717","BOAL00663","1.0000","1.0000","1.0000","0.0000","0.0000"
"100003717","BOAL01502","1.0000","1.0000","1.0000","0.0000","0.0000"
"100003718","BOVA01223","2.0000","2.0000","2.0000","0.0000","0.0000"
"100003719","BOVE00007","1.0000","1.0000","1.0000","0.0000","0.0000"
"100003720","BOVE00658","2.0000","2.0000","2.0000","0.0000","0.0000"
"100003721","BOAL01427-BOAL00205-BOAL00259-BOAL00218-BOAL00237","1.0000","1.0000","1.0000","0.0000","0.0000"
"100003721","BOAL00205","2.0000","1.0000","1.0000","0.0000","0.0000"
"100003721","BOAL00259","2.0000","1.0000","1.0000","0.0000","0.0000"
"100003721","BOAL00218","2.0000","1.0000","1.0000","0.0000","0.0000"
"100003721","BOAL00237","2.0000","1.0000","1.0000","0.0000","0.0000"
"100003722","BOBB00042","1.0000","1.0000","1.0000","0.0000","0.0000"
"100003723","BOAL01174-BOAL00317-BOAL00321-BOAL00323-BOAL00325","1.0000","1.0000","1.0000","0.0000","0.0000"
"100003723","BOAL00317","2.0000","1.0000","1.0000","0.0000","0.0000"
"100003723","BOAL00321","2.0000","1.0000","1.0000","0.0000","0.0000"
"100003723","BOAL00323","2.0000","1.0000","1.0000","0.0000","0.0000"
"100003723","BOAL00325","2.0000","1.0000","1.0000","0.0000","0.0000"
"100003724","BOVE00225","2.0000","2.0000","2.0000","0.0000","0.0000"
"100003725","ME00439","1.0000","1.0000","1.0000","0.0000","0.0000"
"100003726","BOVE00513","1.0000","1.0000","1.0000","0.0000","0.0000"
"100003727","LLRVEN0089","1.0000","1.0000","1.0000","0.0000","0.0000"
"100003728","BOAL01207-BOAL00379-BOAL00383-BOAL00385","1.0000","0.0000","0.0000","1.0000","0.0000"
"100003729","BOAL01207-BOAL00379-BOAL00383-BOAL00385","1.0000","1.0000","1.0000","0.0000","0.0000"
"100003730","BOBB00038","1.0000","1.0000","1.0000","0.0000","0.0000"
"100003731","BOVE00116","1.0000","1.0000","1.0000","0.0000","0.0000"
"100003732","BOAL01522-BOAL01508-BOAL01509-BOAL01510","2.0000","2.0000","2.0000","0.0000","0.0000"
"100003732","BOAL01508","2.0000","1.0000","1.0000","0.0000","0.0000"
"100003732","BOAL01509","2.0000","1.0000","1.0000","0.0000","0.0000"
"100003732","BOAL01510","2.0000","1.0000","1.0000","0.0000","0.0000"
"100003733","CCS0030005","3.0000","3.0000","3.0000","0.0000","0.0000"
"100003734","ME00C127","1.0000","1.0000","1.0000","0.0000","0.0000"
"100003735","BOVE00113","1.0000","0.0000","0.0000","1.0000","0.0000"
"100003736","BOVE00113","1.0000","0.0000","0.0000","1.0000","0.0000"
"100003737","BOVE00113","1.0000","1.0000","1.0000","0.0000","0.0000"
"100003738","BOVE00481","1.0000","1.0000","1.0000","0.0000","0.0000"
"100003739","BOVE00658","1.0000","1.0000","1.0000","0.0000","0.0000"
"100003740","CADEAU30","1.0000","1.0000","0.0000","0.0000","0.0000"
"100003741","CCS0010002","3.0000","3.0000","3.0000","0.0000","0.0000"
"100003742","BOAL01174-BOAL00317-BOAL00321-BOAL00323-BOAL00325","1.0000","1.0000","1.0000","0.0000","0.0000"
"100003742","BOAL00317","2.0000","1.0000","1.0000","0.0000","0.0000"
"100003742","BOAL00321","2.0000","1.0000","1.0000","0.0000","0.0000"
"100003742","BOAL00323","2.0000","1.0000","1.0000","0.0000","0.0000"
"100003742","BOAL00325","2.0000","1.0000","1.0000","0.0000","0.0000"
"100003743","BOVE00513","1.0000","1.0000","1.0000","0.0000","0.0000"
"100003744","BOVE00513","1.0000","0.0000","0.0000","1.0000","0.0000"
"100003745","LLW0010002","1.0000","1.0000","1.0000","0.0000","0.0000"
"100003746","BOVE00503","1.0000","1.0000","1.0000","0.0000","0.0000"
"100003747","CCS0010003","1.0000","1.0000","1.0000","0.0000","0.0000"
"100003748","CCS0010015","1.0000","1.0000","1.0000","0.0000","0.0000"
"100003748","CCS0010003","1.0000","1.0000","1.0000","0.0000","0.0000"
"100003749","BOCI00736","1.0000","1.0000","1.0000","0.0000","0.0000"
"100003749","BOVE00610","1.0000","1.0000","1.0000","0.0000","0.0000"
"100003750","CCS0010003","1.0000","1.0000","1.0000","0.0000","0.0000"
"100003751","CCS0020001","2.0000","2.0000","2.0000","0.0000","0.0000"
"100003752","ME00C127","1.0000","1.0000","1.0000","0.0000","0.0000"
"100003753","BOVE00513","1.0000","1.0000","1.0000","0.0000","0.0000"
"100003754","BOVE00313","2.0000","2.0000","2.0000","0.0000","0.0000"
"100003755","BOVE00513","2.0000","2.0000","2.0000","0.0000","0.0000"
"100003756","ME00150","2.0000","2.0000","2.0000","0.0000","0.0000"
"100003756","BOVE00249","2.0000","2.0000","2.0000","0.0000","0.0000"
"100003756","BOVE00781","2.0000","2.0000","2.0000","0.0000","0.0000"
"100003756","BOVE00780","2.0000","2.0000","2.0000","0.0000","0.0000"
"100003757","BOVE00556","2.0000","2.0000","2.0000","0.0000","0.0000"
"100003757","BOVE00558","2.0000","2.0000","2.0000","0.0000","0.0000"
"100003758","CCS0010012","2.0000","0.0000","0.0000","2.0000","0.0000"
"100003759","CCS0010012","2.0000","2.0000","2.0000","0.0000","0.0000"
"100003760","CCS0030005","2.0000","2.0000","2.0000","0.0000","0.0000"
"100003761","BOAL00652","1.0000","1.0000","1.0000","0.0000","0.0000"
"100003762","BOAL01139-BOAL00177-BOAL00179-BOAL00183-BOAL00181","1.0000","1.0000","1.0000","0.0000","0.0000"
"100003762","BOAL00177","1.0000","1.0000","1.0000","0.0000","0.0000"
"100003762","BOAL00179","1.0000","1.0000","1.0000","0.0000","0.0000"
"100003762","BOAL00183","1.0000","1.0000","1.0000","0.0000","0.0000"
"100003762","BOAL00181","1.0000","1.0000","1.0000","0.0000","0.0000"
"100003763","BAR0110014","2.0000","2.0000","2.0000","0.0000","0.0000"
"100003763","BAR0110013","2.0000","2.0000","2.0000","0.0000","0.0000"
"100003764","BOVE00444","1.0000","0.0000","0.0000","1.0000","0.0000"
"100003765","BOVE00444","1.0000","1.0000","1.0000","0.0000","0.0000"
"100003766","BOAL00209","2.0000","2.0000","2.0000","0.0000","0.0000"
"100003767","BOVE00467","1.0000","1.0000","1.0000","0.0000","0.0000"
"100003768","BOVE00613","1.0000","1.0000","1.0000","0.0000","0.0000"
"100003769","ME00C127","1.0000","1.0000","1.0000","0.0000","0.0000"
"100003770","BOVE00497","1.0000","1.0000","1.0000","0.0000","0.0000"
"100003770","CBR0050001","1.0000","1.0000","1.0000","0.0000","0.0000"
"100003771","BCO0070009","2.0000","2.0000","2.0000","0.0000","0.0000"
"100003772","BOVA00541","1.0000","1.0000","1.0000","0.0000","0.0000"
"100003773","BOVE00113","1.0000","1.0000","1.0000","0.0000","0.0000"
"100003774","BOVE00513","1.0000","0.0000","0.0000","1.0000","0.0000"
"100003775","BOVE00513","1.0000","1.0000","1.0000","0.0000","0.0000"
"100003776","CCS0010005","3.0000","3.0000","3.0000","0.0000","0.0000"
"100003777","BOAL01455-BOAL00656-BOAL00661-BOAL00662","2.0000","2.0000","2.0000","0.0000","0.0000"
"100003777","BOAL00656","2.0000","1.0000","1.0000","0.0000","0.0000"
"100003777","BOAL00661","2.0000","1.0000","1.0000","0.0000","0.0000"
"100003777","BOAL00662","2.0000","1.0000","1.0000","0.0000","0.0000"
"100003777","BOAL00658","2.0000","2.0000","2.0000","0.0000","0.0000"
"100003777","BOAL00657","2.0000","2.0000","2.0000","0.0000","0.0000"
"100003777","BOAL00660","2.0000","2.0000","2.0000","0.0000","0.0000"
"100003777","BOVA01436","5.0000","5.0000","5.0000","0.0000","0.0000"
"100003778","BOBB00270","1.0000","1.0000","1.0000","0.0000","0.0000"
"100003779","BOAL01182-BOAL00327-BOAL00328-BOAL00329-BOAL00330","1.0000","1.0000","1.0000","0.0000","0.0000"
"100003779","BOAL00327","1.0000","1.0000","1.0000","0.0000","0.0000"
"100003779","BOAL00328","1.0000","1.0000","1.0000","0.0000","0.0000"
"100003779","BOAL00329","1.0000","1.0000","1.0000","0.0000","0.0000"
"100003779","BOAL00330","1.0000","1.0000","1.0000","0.0000","0.0000"
"100003780","BOVA01181","6.0000","0.0000","0.0000","6.0000","0.0000"
"100003781","CCS0010002","2.0000","2.0000","2.0000","0.0000","0.0000"
"100003782","BOVE00389","1.0000","1.0000","1.0000","0.0000","0.0000"
"100003783","BOVE00615","2.0000","2.0000","2.0000","0.0000","0.0000"
"100003784","CCS0010010","3.0000","3.0000","3.0000","0.0000","0.0000"
"100003785","BOAL00024","1.0000","1.0000","1.0000","0.0000","0.0000"
"100003785","BOAL00027","1.0000","1.0000","1.0000","0.0000","0.0000"
"100003786","CBRBAV0002","1.0000","1.0000","1.0000","0.0000","0.0000"
"100003787","CCS0010002LOTDE6","1.0000","1.0000","1.0000","0.0000","0.0000"
"100003788","BOAL01182C-BOAL00327-BOAL00328-BOAL00329-BOAL00330-ME00C24","1.0000","1.0000","1.0000","0.0000","0.0000"
"100003788","BOAL00327","1.0000","1.0000","1.0000","0.0000","0.0000"
"100003788","BOAL00328","1.0000","1.0000","1.0000","0.0000","0.0000"
"100003788","BOAL00329","1.0000","1.0000","1.0000","0.0000","0.0000"
"100003788","BOAL00330","1.0000","1.0000","1.0000","0.0000","0.0000"
"100003788","ME00C24","1.0000","1.0000","1.0000","0.0000","0.0000"
"100003789","BOAL00930","20.0000","20.0000","20.0000","0.0000","0.0000"
"100003790","BOVE00100","1.0000","1.0000","1.0000","0.0000","0.0000"
"100003790","BOVE00519","1.0000","1.0000","1.0000","0.0000","0.0000"
"100003790","SDO0011059","1.0000","1.0000","1.0000","0.0000","0.0000"
"100003791","BOVE00359","1.0000","1.0000","1.0000","0.0000","0.0000"
"100003792","CCS0010003","1.0000","1.0000","1.0000","0.0000","0.0000"
"100003793","LLW0010002","1.0000","1.0000","1.0000","0.0000","0.0000"
"100003794","BOVE00447","1.0000","1.0000","1.0000","0.0000","0.0000"
"100003795","CCS0010003","1.0000","1.0000","1.0000","0.0000","0.0000"
"100003796","BOVE00547","1.0000","1.0000","1.0000","0.0000","0.0000"
"100003797","ME00C113","1.0000","1.0000","1.0000","0.0000","0.0000"
"100003798","BOVE00117","2.0000","0.0000","0.0000","2.0000","0.0000"
"100003799","BOVE00117","2.0000","2.0000","2.0000","0.0000","0.0000"
"100003800","BOVE00658","1.0000","0.0000","0.0000","1.0000","0.0000"
"100003801","BOVE00443","1.0000","1.0000","1.0000","0.0000","0.0000"
"100003802","BOVA00728","5.0000","5.0000","5.0000","0.0000","0.0000"
"100003803","LLW0010002","1.0000","1.0000","1.0000","0.0000","0.0000"
"100003804","BOVE00513","1.0000","1.0000","1.0000","0.0000","0.0000"
"100003805","BOCI00589","1.0000","1.0000","1.0000","0.0000","0.0000"
"100003806","BOVE00469","1.0000","1.0000","1.0000","0.0000","0.0000"
"100003807","CNN0020001","1.0000","1.0000","1.0000","0.0000","0.0000"
"100003808","BOVE00114","1.0000","1.0000","1.0000","0.0000","0.0000"
"100003809","CCS0010010","1.0000","1.0000","1.0000","0.0000","0.0000"
"100003810","CCS0010011","2.0000","2.0000","2.0000","0.0000","0.0000"
"100003811","CCS0010003","1.0000","1.0000","1.0000","0.0000","0.0000"
"100003812","CCS0010013","1.0000","1.0000","1.0000","0.0000","0.0000"
"100003813","LLW0010003","1.0000","1.0000","1.0000","0.0000","0.0000"
"100003814","BOVE00111","1.0000","1.0000","1.0000","0.0000","0.0000"
"100003815","BOVE00478","1.0000","1.0000","1.0000","0.0000","0.0000"
"100003816","BOVE00009","1.0000","1.0000","1.0000","0.0000","0.0000"
"100003817","CPEIBI0001","1.0000","1.0000","1.0000","0.0000","0.0000"
"100003818","BOBB00053","1.0000","1.0000","1.0000","0.0000","0.0000"
"100003819","LLRMIS0093","1.0000","1.0000","1.0000","0.0000","0.0000"
"100003820","ME00C127","1.0000","1.0000","1.0000","0.0000","0.0000"
"100003821","BOVE00547","1.0000","1.0000","1.0000","0.0000","0.0000"
"100003822","BOVE00394","3.0000","3.0000","3.0000","0.0000","0.0000"
"100003823","BOVE00113","2.0000","2.0000","2.0000","0.0000","0.0000"
"100003824","BOVE00537","2.0000","2.0000","2.0000","0.0000","0.0000"
"100003824","BOBB00090","1.0000","1.0000","1.0000","0.0000","0.0000"
"100003825","BOVE00103","1.0000","1.0000","1.0000","0.0000","0.0000"
"100003826","BOVE00402","1.0000","0.0000","0.0000","1.0000","0.0000"
"100003827","BOVA01208","1.0000","1.0000","1.0000","0.0000","0.0000"
"100003828","BOVE00510","1.0000","1.0000","1.0000","0.0000","0.0000"
"100003829","BOVE00351","2.0000","2.0000","2.0000","0.0000","0.0000"
"100003830","BOVE00590","2.0000","2.0000","2.0000","0.0000","0.0000"
"100003830","BOVE00587","1.0000","1.0000","1.0000","0.0000","0.0000"
"100003831","BOAL01457-BOAL00656-BOAL00661-BOAL00662-BOAL00663","1.0000","1.0000","1.0000","0.0000","0.0000"
"100003831","BOAL00656","2.0000","1.0000","1.0000","0.0000","0.0000"
"100003831","BOAL00661","2.0000","1.0000","1.0000","0.0000","0.0000"
"100003831","BOAL00662","2.0000","1.0000","1.0000","0.0000","0.0000"
"100003831","BOAL00663","2.0000","1.0000","1.0000","0.0000","0.0000"
"100003832","BOVE00198","2.0000","2.0000","2.0000","0.0000","0.0000"
"100003833","BOVE00005","2.0000","2.0000","2.0000","0.0000","0.0000"
"100003834","BOVE00520","1.0000","1.0000","1.0000","0.0000","0.0000"
"100003835","BOVE00288","1.0000","1.0000","1.0000","0.0000","0.0000"
"100003836","BOAL00403","2.0000","2.0000","2.0000","0.0000","0.0000"
"100003836","BOAL00404","2.0000","2.0000","2.0000","0.0000","0.0000"
"100003837","CAR0010002","2.0000","2.0000","2.0000","0.0000","0.0000"
"100003837","BOVE00100","2.0000","2.0000","2.0000","0.0000","0.0000"
"100003838","BOVE00468","1.0000","1.0000","1.0000","0.0000","0.0000"
"100003839","BOVE00114","1.0000","1.0000","1.0000","0.0000","0.0000"
"100003840","BOVE00478","2.0000","2.0000","2.0000","0.0000","0.0000"
"100003841","BBR0010002","1.0000","1.0000","1.0000","0.0000","0.0000"
"100003842","BBR0010002","2.0000","2.0000","2.0000","0.0000","0.0000"
"100003843","BOVE00521","2.0000","2.0000","2.0000","0.0000","0.0000"
"100003844","CCS0020001","1.0000","1.0000","1.0000","0.0000","0.0000"
"100003845","CCS0010007","1.0000","1.0000","1.0000","0.0000","0.0000"
"100003846","BOVE00443","1.0000","1.0000","1.0000","0.0000","0.0000"
"100003847","ME00019","1.0000","1.0000","1.0000","0.0000","0.0000"
"100003848","BOVE00772","1.0000","1.0000","1.0000","0.0000","0.0000"
"100003849","CBRVIV0001","1.0000","0.0000","0.0000","1.0000","0.0000"
"100003850","BOVA01237","8.0000","8.0000","8.0000","0.0000","0.0000"
"100003850","BOVE00313","1.0000","1.0000","1.0000","0.0000","0.0000"
"100003851","BOVE00529","1.0000","1.0000","1.0000","0.0000","0.0000"
"100003852","BOBB00045","1.0000","1.0000","1.0000","0.0000","0.0000"
"100003853","CAR0010002","1.0000","1.0000","1.0000","0.0000","0.0000"
"100003854","BOVE00478","1.0000","1.0000","1.0000","0.0000","0.0000"
"100003855","BOVE00021","1.0000","1.0000","1.0000","0.0000","0.0000"
"100003856","ME00C51","1.0000","1.0000","1.0000","0.0000","0.0000"
"100003857","BOVE00469","1.0000","1.0000","1.0000","0.0000","0.0000"
"100003858","BOAL01182-BOAL00327-BOAL00328-BOAL00329-BOAL00330","1.0000","1.0000","1.0000","0.0000","0.0000"
"100003858","BOAL00327","1.0000","1.0000","1.0000","0.0000","0.0000"
"100003858","BOAL00328","1.0000","1.0000","1.0000","0.0000","0.0000"
"100003858","BOAL00329","1.0000","1.0000","1.0000","0.0000","0.0000"
"100003858","BOAL00330","1.0000","1.0000","1.0000","0.0000","0.0000"
"100003859","BOCI00749","2.0000","2.0000","2.0000","0.0000","0.0000"
"100003860","BOVE00270","1.0000","1.0000","1.0000","0.0000","0.0000"
"100003861","ME00039","2.0000","2.0000","2.0000","0.0000","0.0000"
"100003862","BOVE00772","1.0000","1.0000","1.0000","0.0000","0.0000"
"100003863","BOVE00201","2.0000","2.0000","2.0000","0.0000","0.0000"
"100003864","CGD0010010B-CGD0010001-CGD0010002-CGD0010003-CGD0010004","1.0000","1.0000","1.0000","0.0000","0.0000"
"100003864","CGD0010001","2.0000","1.0000","1.0000","0.0000","0.0000"
"100003864","CGD0010002","2.0000","1.0000","1.0000","0.0000","0.0000"
"100003864","CGD0010003","2.0000","1.0000","1.0000","0.0000","0.0000"
"100003864","CGD0010004","2.0000","1.0000","1.0000","0.0000","0.0000"
"100003865","BOVA01087","4.0000","4.0000","4.0000","0.0000","0.0000"
"100003866","CGD0010010-CGD0010001-CGD0010002-CGD0010003-CGD0010004","1.0000","1.0000","1.0000","0.0000","0.0000"
"100003866","CGD0010003","1.0000","1.0000","1.0000","0.0000","0.0000"
"100003866","CGD0010004","1.0000","1.0000","1.0000","0.0000","0.0000"
"100003867","BOVE00446","1.0000","1.0000","1.0000","0.0000","0.0000"
"100003868","BOVA00946","12.0000","12.0000","12.0000","0.0000","0.0000"
"100003869","BOUU00081","1.0000","1.0000","1.0000","0.0000","0.0000"
"100003870","BOVE00199","1.0000","1.0000","1.0000","0.0000","0.0000"
"100003871","BOVE00797-BOVE00796-BOVE00795-BOVE00794","6.0000","6.0000","6.0000","0.0000","0.0000"
"100003871","BOVE00796","6.0000","1.0000","1.0000","0.0000","0.0000"
"100003871","BOVE00795","6.0000","1.0000","1.0000","0.0000","0.0000"
"100003871","BOVE00794","6.0000","1.0000","1.0000","0.0000","0.0000"
"100003872","BOVA01086","10.0000","10.0000","10.0000","0.0000","0.0000"
"100003873","BOVE00115","1.0000","1.0000","1.0000","0.0000","0.0000"
"100003874","CCS0010002","2.0000","2.0000","2.0000","0.0000","0.0000"
"400000008","CCS0010012","1.0000","0.0000","0.0000","1.0000","0.0000"
"400000009","CCS0010012","1.0000","0.0000","0.0000","1.0000","0.0000"
"100003875","BOVE00040","1.0000","1.0000","1.0000","0.0000","0.0000"
"100003875","BOVE00117","1.0000","1.0000","1.0000","0.0000","0.0000"
"100003876","BOVE00513","2.0000","2.0000","2.0000","0.0000","0.0000"
"100003877","BOVE00556","2.0000","2.0000","2.0000","0.0000","0.0000"
"100003877","BOVE00558","2.0000","2.0000","2.0000","0.0000","0.0000"
"100003878","CCS0010002","1.0000","1.0000","1.0000","0.0000","0.0000"
"100003878","CCS0010015","1.0000","1.0000","1.0000","0.0000","0.0000"
"100003878","CCS0010012","1.0000","1.0000","1.0000","0.0000","0.0000"
"100003878","CCS0010013","1.0000","1.0000","1.0000","0.0000","0.0000"
"100003878","BOVA01436","1.0000","1.0000","1.0000","0.0000","0.0000"
"100003878","BOVA01387","1.0000","1.0000","1.0000","0.0000","0.0000"
"100003878","BOVA01381","1.0000","1.0000","1.0000","0.0000","0.0000"
"100003878","BOVA01393","1.0000","1.0000","1.0000","0.0000","0.0000"
"100003878","BOVA01375","1.0000","1.0000","1.0000","0.0000","0.0000"
"100003879","ME00440","1.0000","1.0000","1.0000","0.0000","0.0000"
"100003880","BOVE00510","1.0000","1.0000","1.0000","0.0000","0.0000"
"100003880","BOVE00513","1.0000","1.0000","1.0000","0.0000","0.0000"
"100003881","CBR0050001","1.0000","1.0000","1.0000","0.0000","0.0000"
"100003882","BOVE00767","1.0000","1.0000","1.0000","0.0000","0.0000"
"100003882","BOVE00764","1.0000","1.0000","1.0000","0.0000","0.0000"
"100003883","BOVE00363","1.0000","1.0000","1.0000","0.0000","1.0000"
"100003883","BOVE00543","1.0000","1.0000","1.0000","0.0000","1.0000"
"100003884","BOVE00082","1.0000","1.0000","1.0000","0.0000","0.0000"
"100003884","BOAL00231","1.0000","1.0000","1.0000","0.0000","0.0000"
"100003884","BOAL01391-BOAL00208-BOAL00264-BOAL00222-BOAL00241","1.0000","1.0000","1.0000","0.0000","0.0000"
"100003884","BOAL00208","2.0000","1.0000","1.0000","0.0000","0.0000"
"100003884","BOAL00264","2.0000","1.0000","1.0000","0.0000","0.0000"
"100003884","BOAL00222","2.0000","1.0000","1.0000","0.0000","0.0000"
"100003884","BOAL00241","2.0000","1.0000","1.0000","0.0000","0.0000"
"100003884","BOAL00198","1.0000","1.0000","1.0000","0.0000","0.0000"
"100003884","BOAL00248","1.0000","1.0000","1.0000","0.0000","0.0000"
"100003885","BOAL01374-BOAL00206-BOAL00261-BOAL00238-BOAL00219","1.0000","1.0000","1.0000","0.0000","0.0000"
"100003885","BOAL00206","2.0000","1.0000","1.0000","0.0000","0.0000"
"100003885","BOAL00261","2.0000","1.0000","1.0000","0.0000","0.0000"
"100003885","BOAL00238","2.0000","1.0000","1.0000","0.0000","0.0000"
"100003885","BOAL00219","2.0000","1.0000","1.0000","0.0000","0.0000"
"100003886","BOVE00793","1.0000","0.0000","0.0000","1.0000","0.0000"
"100003887","BOVE00793","1.0000","0.0000","0.0000","1.0000","0.0000"
"100003888","BOVE00793","1.0000","0.0000","0.0000","1.0000","0.0000"
"100003889","BOVE00113","2.0000","2.0000","2.0000","0.0000","0.0000"
"100003890","BOVE00778","1.0000","1.0000","1.0000","0.0000","0.0000"
"100003890","BOVE00772","1.0000","1.0000","1.0000","0.0000","0.0000"
"100003890","BOVE00775","1.0000","1.0000","1.0000","0.0000","0.0000"
"100003890","BOVE00777","1.0000","1.0000","1.0000","0.0000","0.0000"
"100003890","BOVE00243","1.0000","1.0000","1.0000","0.0000","0.0000"
"100003890","BOVE00774","1.0000","1.0000","1.0000","0.0000","0.0000"
"100003891","CCS0010003","1.0000","1.0000","1.0000","0.0000","0.0000"
"100003891","CCS0010002","2.0000","2.0000","2.0000","0.0000","0.0000"
"100003891","BOVE00767","1.0000","1.0000","1.0000","0.0000","0.0000"
"100003891","BOVE00248","1.0000","1.0000","1.0000","0.0000","0.0000"
"100003891","BOVA00336","6.0000","6.0000","6.0000","0.0000","0.0000"
"100003891","BOVA00335","6.0000","6.0000","6.0000","0.0000","0.0000"
"100003892","BOCI00489","1.0000","1.0000","1.0000","0.0000","0.0000"
"100003893","BOVE00774","1.0000","1.0000","1.0000","0.0000","0.0000"
"100003893","BOVE00775","1.0000","1.0000","1.0000","0.0000","0.0000"
"100003894","BOVE00797-BOVE00796-BOVE00795-BOVE00794","1.0000","1.0000","1.0000","0.0000","0.0000"
"100003895","BOAL01374-BOAL00206-BOAL00261-BOAL00238-BOAL00219","1.0000","1.0000","1.0000","0.0000","0.0000"
"100003895","BOAL00206","2.0000","1.0000","1.0000","0.0000","0.0000"
"100003895","BOAL00261","2.0000","1.0000","1.0000","0.0000","0.0000"
"100003895","BOAL00238","2.0000","1.0000","1.0000","0.0000","0.0000"
"100003895","BOAL00219","2.0000","1.0000","1.0000","0.0000","0.0000"
"100003896","CBRYPS0019","1.0000","1.0000","1.0000","0.0000","0.0000"
"100003897","BOAL00655","2.0000","2.0000","2.0000","0.0000","0.0000"
"100003898","BOBB00259","3.0000","3.0000","3.0000","0.0000","0.0000"
"100003899","BOVE00110","1.0000","1.0000","1.0000","0.0000","0.0000"
"100003900","CCS0010002","3.0000","3.0000","3.0000","0.0000","0.0000"
"100003901","BOVE00758","1.0000","1.0000","1.0000","0.0000","0.0000"
"100003902","BOCI00759","1.0000","1.0000","1.0000","0.0000","0.0000"
"100003903","BOVE00344","1.0000","1.0000","1.0000","0.0000","0.0000"
"100003904","CCS0010015","1.0000","1.0000","1.0000","0.0000","0.0000"
"100003904","CCS0010002","2.0000","2.0000","2.0000","0.0000","0.0000"
"100003905","BNN0020001","1.0000","0.0000","0.0000","1.0000","0.0000"
"100003906","BOVE00521","1.0000","1.0000","1.0000","0.0000","0.0000"
"100003907","CCS0010002","2.0000","2.0000","2.0000","0.0000","0.0000"
"100003907","CCS0010005","2.0000","2.0000","2.0000","0.0000","0.0000"
"100003907","CCS0010013","2.0000","2.0000","2.0000","0.0000","0.0000"
"100003907","CCS0010011","2.0000","2.0000","2.0000","0.0000","0.0000"
"100003908","CCS0030005","1.0000","1.0000","1.0000","0.0000","0.0000"
"100003908","CCS0010002","1.0000","1.0000","1.0000","0.0000","0.0000"
"100003909","BOAL01510","1.0000","1.0000","1.0000","0.0000","0.0000"
"100003909","BOAL01508","1.0000","1.0000","1.0000","0.0000","0.0000"
"100003910","BOVE00170","1.0000","1.0000","1.0000","0.0000","0.0000"
"100003911","BOVE00469","1.0000","1.0000","1.0000","0.0000","0.0000"
"100003912","BOVE00510","1.0000","1.0000","1.0000","0.0000","0.0000"
"100003913","LLRLYO0039","1.0000","1.0000","1.0000","0.0000","0.0000"
"100003913","LLRLYO0042","1.0000","1.0000","1.0000","0.0000","0.0000"
"100003913","LLRLYO0038","1.0000","1.0000","1.0000","0.0000","0.0000"
"100003913","BOBB00025","1.0000","1.0000","1.0000","0.0000","0.0000"
"100003913","BOBB00026","1.0000","1.0000","1.0000","0.0000","0.0000"
"100003914","BOVE00503","1.0000","1.0000","1.0000","0.0000","0.0000"
"100003915","BCO0080001","1.0000","1.0000","1.0000","0.0000","0.0000"
"100003916","BOAL01392-BOAL00211-BOAL00264-BOAL00222-BOAL00241","2.0000","2.0000","2.0000","0.0000","0.0000"
"100003916","BOAL00211","4.0000","1.0000","1.0000","0.0000","0.0000"
"100003916","BOAL00264","4.0000","1.0000","1.0000","0.0000","0.0000"
"100003916","BOAL00222","4.0000","1.0000","1.0000","0.0000","0.0000"
"100003916","BOAL00241","4.0000","1.0000","1.0000","0.0000","0.0000"
"100003916","BOAL00231","2.0000","2.0000","2.0000","0.0000","0.0000"
"100003917","BOVA01352","1.0000","1.0000","1.0000","0.0000","0.0000"
"100003917","BOAL00739","1.0000","1.0000","1.0000","0.0000","0.0000"
"100003917","BOVA00725","1.0000","1.0000","1.0000","0.0000","0.0000"
"100003918","BOVE00359","1.0000","1.0000","1.0000","0.0000","0.0000"
"100003919","BOBB00264","7.0000","0.0000","0.0000","7.0000","0.0000"
"100003920","ME00C127","1.0000","1.0000","1.0000","0.0000","0.0000"
"100003921","BOVE00313","1.0000","1.0000","1.0000","0.0000","0.0000"
"100003921","BOVE00381","1.0000","1.0000","1.0000","0.0000","0.0000"
"100003922","BOAL00933","2.0000","2.0000","2.0000","0.0000","0.0000"
"100003923","BOAL00404","2.0000","2.0000","2.0000","0.0000","0.0000"
"100003923","BOAL00347","3.0000","3.0000","3.0000","0.0000","0.0000"
"100003924","ME00C113","1.0000","1.0000","1.0000","0.0000","0.0000"
"100003925","BOVE00170","1.0000","1.0000","1.0000","0.0000","0.0000"
"100003926","CNN0030001","1.0000","1.0000","1.0000","0.0000","0.0000"
"100003926","BOBB00058","1.0000","1.0000","1.0000","0.0000","0.0000"
"100003926","BOBB00065","1.0000","1.0000","1.0000","0.0000","0.0000"
"100003926","LLRMEL0122","1.0000","1.0000","1.0000","0.0000","0.0000"
"100003926","BOBB00064","1.0000","1.0000","1.0000","0.0000","0.0000"
"100003926","BOVE00483","1.0000","1.0000","1.0000","0.0000","0.0000"
"100003927","LLRBOC0083","1.0000","1.0000","1.0000","0.0000","0.0000"
"100003928","LLRABE0021","1.0000","1.0000","1.0000","0.0000","0.0000"
"100003929","BOVE00394","1.0000","1.0000","1.0000","0.0000","0.0000"
"100003930","BOVE00799","1.0000","1.0000","1.0000","0.0000","0.0000"
"100003931","BOVE00510","1.0000","1.0000","1.0000","0.0000","0.0000"
"100003932","LLRGRA0051","1.0000","1.0000","1.0000","0.0000","0.0000"
"100003933","CCS0010005","2.0000","2.0000","2.0000","0.0000","0.0000"
"100003934","BOVE00615","1.0000","1.0000","1.0000","0.0000","0.0000"
"100003934","BOVE00568","1.0000","1.0000","1.0000","0.0000","0.0000"
"100003935","BOVE00354","2.0000","2.0000","2.0000","0.0000","0.0000"
"100003936","BOVE00540","1.0000","1.0000","1.0000","0.0000","0.0000"
"100003937","CCS0010002","3.0000","3.0000","3.0000","0.0000","0.0000"
"100003937","CCS0010010","3.0000","3.0000","3.0000","0.0000","0.0000"
"100003938","BOAL00779","1.0000","1.0000","1.0000","0.0000","0.0000"
"100003938","BOAL00780","1.0000","1.0000","1.0000","0.0000","0.0000"
"400000010","BOAL01174-BOAL00317-BOAL00321-BOAL00323-BOAL00325","1.0000","0.0000","0.0000","1.0000","0.0000"
"400000010","BOAL00317","2.0000","0.0000","0.0000","0.0000","0.0000"
"400000010","BOAL00321","2.0000","0.0000","0.0000","0.0000","0.0000"
"400000010","BOAL00323","2.0000","0.0000","0.0000","0.0000","0.0000"
"400000010","BOAL00325","2.0000","0.0000","0.0000","0.0000","0.0000"
"400000011","BOAL01174-BOAL00317-BOAL00321-BOAL00323-BOAL00325","1.0000","1.0000","1.0000","0.0000","0.0000"
"400000011","BOAL00317","2.0000","1.0000","1.0000","0.0000","0.0000"
"400000011","BOAL00321","2.0000","1.0000","1.0000","0.0000","0.0000"
"400000011","BOAL00323","2.0000","1.0000","1.0000","0.0000","0.0000"
"400000011","BOAL00325","2.0000","1.0000","1.0000","0.0000","0.0000"
"100003939","BOCI00607","1.0000","1.0000","1.0000","0.0000","0.0000"
"100003940","BOVE00389","2.0000","2.0000","2.0000","0.0000","0.0000"
"100003941","BET0110002-BOAL00607-BOAL00613-BOAL00615-BOAL00609","1.0000","1.0000","1.0000","0.0000","0.0000"
"100003941","BOAL00607","1.0000","1.0000","1.0000","0.0000","0.0000"
"100003941","BOAL00613","1.0000","1.0000","1.0000","0.0000","0.0000"
"100003941","BOAL00615","1.0000","1.0000","1.0000","0.0000","0.0000"
"100003941","BOAL00609","1.0000","1.0000","1.0000","0.0000","0.0000"
"100003942","LLRVEN0089","1.0000","1.0000","1.0000","0.0000","0.0000"
"100003943","BOBB00105","1.0000","1.0000","1.0000","0.0000","0.0000"
"100003944","BOAL01000-BOAL00023-BOAL00026-BOAL00031","1.0000","1.0000","1.0000","0.0000","0.0000"
"100003944","BOAL00023","1.0000","1.0000","1.0000","0.0000","0.0000"
"100003944","BOAL00026","1.0000","1.0000","1.0000","0.0000","0.0000"
"100003944","BOAL00031","1.0000","1.0000","1.0000","0.0000","0.0000"
"100003945","BOVA01080","8.0000","8.0000","8.0000","0.0000","0.0000"
"100003946","BOVE00758","1.0000","1.0000","1.0000","0.0000","0.0000"
"100003947","ME00C51","1.0000","1.0000","1.0000","0.0000","0.0000"
"100003948","CARPIC0001","3.0000","3.0000","3.0000","0.0000","0.0000"
"100003949","ME00C113","1.0000","1.0000","1.0000","0.0000","0.0000"
"100003949","ME00C51","1.0000","1.0000","1.0000","0.0000","0.0000"
"100003950","FFE0050008","1.0000","1.0000","1.0000","0.0000","0.0000"
"100003950","LLW0010003","1.0000","1.0000","1.0000","0.0000","0.0000"
"100003950","BOVE00359","1.0000","1.0000","1.0000","0.0000","0.0000"
"100003950","CNNPLA0025","1.0000","1.0000","1.0000","0.0000","0.0000"
"100003950","BOCI00577","1.0000","1.0000","1.0000","0.0000","0.0000"
"100003950","VOL00032","1.0000","1.0000","1.0000","0.0000","0.0000"
"100003950","BOCI00414","1.0000","1.0000","1.0000","0.0000","0.0000"
"100003951","CBR0050001","1.0000","1.0000","1.0000","0.0000","0.0000"
"100003952","BOVE00506","1.0000","1.0000","1.0000","0.0000","0.0000"
"100003953","BOVE00518","2.0000","2.0000","2.0000","0.0000","0.0000"
"100003954","BOAL00652","2.0000","2.0000","2.0000","0.0000","0.0000"
"100003954","BOAL00651","2.0000","2.0000","2.0000","0.0000","0.0000"
"100003954","BOAL00655","2.0000","2.0000","2.0000","0.0000","0.0000"
"100003954","BOAL00649","2.0000","2.0000","2.0000","0.0000","0.0000"
"100003955","BOAL00345","2.0000","2.0000","2.0000","0.0000","0.0000"
"100003955","BOAL00348","2.0000","2.0000","2.0000","0.0000","0.0000"
"100003955","BOAL00341","2.0000","2.0000","2.0000","0.0000","0.0000"
"100003956","BOVE00559","2.0000","2.0000","2.0000","0.0000","0.0000"
"300000017","BOAL01243-BOAL00428-BOAL00433-BOAL00434-BOAL00436","1.0000","1.0000","1.0000","0.0000","0.0000"
"300000017","BOAL00428","1.0000","1.0000","1.0000","0.0000","0.0000"
"300000017","BOAL00433","1.0000","1.0000","1.0000","0.0000","0.0000"
"300000017","BOAL00434","1.0000","1.0000","1.0000","0.0000","0.0000"
"300000017","BOAL00436","1.0000","1.0000","1.0000","0.0000","0.0000"
"100003957","BOAL01182-BOAL00327-BOAL00328-BOAL00329-BOAL00330","1.0000","0.0000","0.0000","1.0000","0.0000"
"100003957","BOAL00327","1.0000","0.0000","0.0000","0.0000","0.0000"
"100003957","BOAL00328","1.0000","0.0000","0.0000","0.0000","0.0000"
"100003957","BOAL00329","1.0000","0.0000","0.0000","0.0000","0.0000"
"100003957","BOAL00330","1.0000","0.0000","0.0000","0.0000","0.0000"
"100003958","ME00227","5.0000","5.0000","5.0000","0.0000","0.0000"
"100003959","BOAL00222","6.0000","6.0000","6.0000","0.0000","0.0000"
"100003960","BOVA01146","2.0000","0.0000","0.0000","2.0000","0.0000"
"100003961","CCS0010002","2.0000","2.0000","2.0000","0.0000","0.0000"
"100003962","ME00139","1.0000","1.0000","1.0000","0.0000","0.0000"
"100003963","BOVA01350","1.0000","0.0000","0.0000","1.0000","0.0000"
"100003964","BOVA01350","1.0000","0.0000","0.0000","1.0000","0.0000"
"100003965","BOVA01350","1.0000","0.0000","0.0000","1.0000","0.0000"
"100003966","BOVA01350","1.0000","0.0000","0.0000","1.0000","0.0000"
"100003967","BOAL00933","2.0000","2.0000","2.0000","0.0000","0.0000"
"100003968","BOAL00646","2.0000","2.0000","2.0000","0.0000","0.0000"
"100003968","BOAL00648","2.0000","2.0000","2.0000","0.0000","0.0000"
"100003969","BOVE00482","1.0000","1.0000","1.0000","0.0000","0.0000"
"100003970","BOVE00108","2.0000","2.0000","2.0000","0.0000","0.0000"
"100003971","BOVE00374","1.0000","1.0000","1.0000","0.0000","0.0000"
"100003972","BOVA01385","12.0000","12.0000","12.0000","0.0000","0.0000"
"100003972","BOVA01386","6.0000","6.0000","6.0000","0.0000","0.0000"
"100003973","KRIS00001","1.0000","1.0000","1.0000","0.0000","0.0000"
"100003974","ME00C127","1.0000","1.0000","1.0000","0.0000","0.0000"
"100003975","CBR0050001","2.0000","2.0000","2.0000","0.0000","0.0000"
"100003976","BOVE00539","1.0000","0.0000","0.0000","1.0000","0.0000"
"100003977","BOCI00411","1.0000","1.0000","1.0000","0.0000","0.0000"
"200000022","BOVE00296","2.0000","2.0000","2.0000","0.0000","0.0000"
"100003978","CCS0010013","2.0000","2.0000","2.0000","0.0000","0.0000"
"100003978","CCS0010008","1.0000","1.0000","1.0000","0.0000","0.0000"
"100003979","BOCI00570","1.0000","1.0000","1.0000","0.0000","0.0000"
"100003980","BOAL00706","8.0000","8.0000","8.0000","0.0000","0.0000"
"100003981","BOBB00112","1.0000","1.0000","1.0000","0.0000","0.0000"
"100003982","BOVE00296","1.0000","1.0000","1.0000","0.0000","0.0000"
"100003983","BOVE00716","2.0000","2.0000","2.0000","0.0000","0.0000"
"100003984","BOVE00505","5.0000","5.0000","5.0000","0.0000","0.0000"
"100003985","BOAL01183-BOAL00327-BOAL00328-BOAL00329-BOAL00330","1.0000","1.0000","1.0000","0.0000","0.0000"
"100003985","BOAL00327","2.0000","1.0000","1.0000","0.0000","0.0000"
"100003985","BOAL00328","2.0000","1.0000","1.0000","0.0000","0.0000"
"100003985","BOAL00329","2.0000","1.0000","1.0000","0.0000","0.0000"
"100003985","BOAL00330","2.0000","1.0000","1.0000","0.0000","0.0000"
"100003986","BOVE00482","1.0000","1.0000","1.0000","0.0000","0.0000"
"100003986","BOVE00084","1.0000","1.0000","1.0000","0.0000","0.0000"
"100003987","BOCI00778","1.0000","1.0000","1.0000","0.0000","0.0000"
"100003988","CCS0010005","9.0000","9.0000","9.0000","0.0000","0.0000"
"100003989","CCS0010002","3.0000","3.0000","3.0000","0.0000","0.0000"
"100003990","BOVE00101","1.0000","0.0000","0.0000","1.0000","0.0000"
"100003990","BOVE00102","1.0000","0.0000","0.0000","1.0000","0.0000"
"100003991","BOVE00101","1.0000","1.0000","1.0000","0.0000","0.0000"
"100003991","BOVE00102","1.0000","1.0000","1.0000","0.0000","0.0000"
"100003992","BOAL01182-BOAL00327-BOAL00328-BOAL00329-BOAL00330","1.0000","0.0000","0.0000","1.0000","0.0000"
"100003992","BOAL00327","1.0000","0.0000","0.0000","0.0000","0.0000"
"100003992","BOAL00328","1.0000","0.0000","0.0000","0.0000","0.0000"
"100003992","BOAL00329","1.0000","0.0000","0.0000","0.0000","0.0000"
"100003992","BOAL00330","1.0000","0.0000","0.0000","0.0000","0.0000"
"100003993","BOVE00426","1.0000","1.0000","1.0000","0.0000","0.0000"
"100003993","BOVE00278","2.0000","2.0000","2.0000","0.0000","0.0000"
"100003994","BOAL01182-BOAL00327-BOAL00328-BOAL00329-BOAL00330","2.0000","2.0000","2.0000","0.0000","0.0000"
"100003994","BOAL00327","2.0000","1.0000","1.0000","0.0000","0.0000"
"100003994","BOAL00328","2.0000","1.0000","1.0000","0.0000","0.0000"
"100003994","BOAL00329","2.0000","1.0000","1.0000","0.0000","0.0000"
"100003994","BOAL00330","2.0000","1.0000","1.0000","0.0000","0.0000"
"100003994","BOAL00698","1.0000","1.0000","1.0000","0.0000","0.0000"
"100003994","BOVA01216","1.0000","1.0000","1.0000","0.0000","0.0000"
"100003995","BOCI00859","1.0000","1.0000","1.0000","0.0000","1.0000"
"100003996","BOVE00313","1.0000","1.0000","1.0000","0.0000","0.0000"
"100003997","ME00C51","1.0000","1.0000","1.0000","0.0000","0.0000"
"100003998","BOVE00513","1.0000","1.0000","1.0000","0.0000","0.0000"
"100003999","BOVE00341","1.0000","1.0000","1.0000","0.0000","0.0000"
"100003999","BOVE00543","1.0000","1.0000","1.0000","0.0000","0.0000"
"100004000","LLRLON0116","1.0000","1.0000","1.0000","0.0000","0.0000"
"100004000","BOBB00080","1.0000","1.0000","1.0000","0.0000","0.0000"
"100004001","ME00C113","1.0000","1.0000","1.0000","0.0000","0.0000"
"100004001","BAM0010001","2.0000","2.0000","2.0000","0.0000","0.0000"
"100004002","BOVE00483","1.0000","1.0000","1.0000","0.0000","0.0000"
"100004003","ME00C127","1.0000","1.0000","1.0000","0.0000","1.0000"
"100004004","BOAL00785","1.0000","1.0000","1.0000","0.0000","0.0000"
"100004004","BOAL00784","1.0000","1.0000","1.0000","0.0000","0.0000"
"100004005","BOVE00537","1.0000","1.0000","1.0000","0.0000","0.0000"
"100004006","BOVE00109","4.0000","4.0000","4.0000","0.0000","0.0000"
"100004006","BOVE00110","4.0000","4.0000","4.0000","0.0000","0.0000"
"100004006","BOBB00010","2.0000","2.0000","2.0000","0.0000","0.0000"
"100004007","BOAL00719","1.0000","1.0000","1.0000","0.0000","0.0000"
"100004007","BOAL00728","1.0000","1.0000","1.0000","0.0000","0.0000"
"100004008","BOVE00110","1.0000","1.0000","1.0000","0.0000","0.0000"
"100004008","BOBB00010","1.0000","1.0000","1.0000","0.0000","0.0000"
"100004009","BOVE00477","2.0000","2.0000","2.0000","0.0000","0.0000"
"100004010","CNNPOT0001","6.0000","6.0000","6.0000","0.0000","0.0000"
"100004010","CNNPOT0002","6.0000","6.0000","6.0000","0.0000","0.0000"
"100004011","BOVE00296","1.0000","1.0000","1.0000","0.0000","0.0000"
"100004012","CCS0010002","2.0000","2.0000","2.0000","0.0000","0.0000"
"100004013","BOVE00109","2.0000","2.0000","2.0000","0.0000","0.0000"
"100004014","BOVE00797-BOVE00796-BOVE00795-BOVE00794","1.0000","1.0000","1.0000","0.0000","0.0000"
"100004014","BOVE00796","1.0000","1.0000","1.0000","0.0000","0.0000"
"100004014","BOVE00795","1.0000","1.0000","1.0000","0.0000","0.0000"
"100004014","BOVE00794","1.0000","1.0000","1.0000","0.0000","0.0000"
"100004014","BOVE00557","2.0000","2.0000","2.0000","0.0000","0.0000"
"100004015","BOVE00790","1.0000","1.0000","1.0000","0.0000","0.0000"
"100004015","BOVE00788","1.0000","1.0000","1.0000","0.0000","0.0000"
"100004015","BOVE00789","1.0000","1.0000","1.0000","0.0000","0.0000"
"100004016","BOVE00588","1.0000","0.0000","0.0000","1.0000","0.0000"
"100004017","BOVE00588","1.0000","1.0000","1.0000","0.0000","0.0000"
"100004018","BOAL00714","20.0000","20.0000","20.0000","0.0000","0.0000"
"100004019","CCS0010003","1.0000","1.0000","1.0000","0.0000","0.0000"
"100004020","BOAL01182-BOAL00327-BOAL00328-BOAL00329-BOAL00330","1.0000","1.0000","1.0000","0.0000","0.0000"
"100004020","BOAL00327","1.0000","1.0000","1.0000","0.0000","0.0000"
"100004020","BOAL00328","1.0000","1.0000","1.0000","0.0000","0.0000"
"100004020","BOAL00329","1.0000","1.0000","1.0000","0.0000","0.0000"
"100004020","BOAL00330","1.0000","1.0000","1.0000","0.0000","0.0000"
"300000018","BOVE00142","1.0000","1.0000","1.0000","0.0000","0.0000"
"300000018","BOVE00141","1.0000","1.0000","1.0000","0.0000","0.0000"
"100004021","BOCI00860","6.0000","6.0000","6.0000","0.0000","0.0000"
"100004022","BOVE00539","1.0000","1.0000","1.0000","0.0000","0.0000"
"100004022","BOVE00543","1.0000","1.0000","1.0000","0.0000","0.0000"
"100004022","BOVE00518","1.0000","1.0000","1.0000","0.0000","0.0000"
"100004022","BOVE00547","1.0000","1.0000","1.0000","0.0000","0.0000"
"100004023","BOVE00615","2.0000","2.0000","2.0000","0.0000","0.0000"
"100004024","BAM0020002","1.0000","1.0000","1.0000","0.0000","0.0000"
"100004024","BOAL00221","1.0000","1.0000","1.0000","0.0000","0.0000"
"100004024","BOAL00240","1.0000","1.0000","1.0000","0.0000","0.0000"
"100004025","BOVE00291","2.0000","2.0000","2.0000","0.0000","0.0000"
"100004026","CCS0010002","2.0000","2.0000","2.0000","0.0000","0.0000"
"100004027","BOAL00710","10.0000","0.0000","0.0000","10.0000","0.0000"
"100004027","BOAL01472","10.0000","0.0000","0.0000","10.0000","0.0000"
"100004028","BOAL00710","10.0000","0.0000","0.0000","10.0000","0.0000"
"100004028","BOAL01472","10.0000","0.0000","0.0000","10.0000","0.0000"
"100004029","BOCI00544","1.0000","1.0000","1.0000","0.0000","0.0000"
"100004030","BOVE00148","1.0000","1.0000","1.0000","0.0000","0.0000"
"100004031","CBR0050001","2.0000","2.0000","2.0000","0.0000","0.0000"
"100004032","LLRJAC0044","1.0000","1.0000","1.0000","0.0000","0.0000"
"100004033","BOVE00348","1.0000","1.0000","1.0000","0.0000","0.0000"
"100004033","CPR0010001","1.0000","1.0000","1.0000","0.0000","0.0000"
"100004034","BBR0010001","1.0000","1.0000","1.0000","0.0000","0.0000"
"100004034","BOVE00450","1.0000","1.0000","1.0000","0.0000","0.0000"
"100004035","BOVE00084","5.0000","5.0000","5.0000","0.0000","0.0000"
"100004036","BOVA00535","1.0000","1.0000","1.0000","0.0000","0.0000"
"100004037","BOVE00615","1.0000","1.0000","1.0000","0.0000","0.0000"
"100004038","BOVE00281","2.0000","2.0000","2.0000","0.0000","0.0000"
"100004039","BOCI00661","1.0000","1.0000","1.0000","0.0000","0.0000"
"100004039","BOCI00671","1.0000","1.0000","1.0000","0.0000","0.0000"
"100004040","BOVE00615","2.0000","2.0000","2.0000","0.0000","0.0000"
"100004041","BOVE00224","3.0000","3.0000","3.0000","0.0000","0.0000"
"100004042","CCS0010009","1.0000","0.0000","0.0000","1.0000","0.0000"
"100004043","CCS0010009","1.0000","1.0000","1.0000","0.0000","0.0000"
"100004044","CCS0010002","2.0000","2.0000","2.0000","0.0000","0.0000"
"100004045","BOVE00117","1.0000","1.0000","1.0000","0.0000","0.0000"
"100004045","BOVE00278","2.0000","2.0000","2.0000","0.0000","0.0000"
"100004046","BOVE00507","2.0000","2.0000","2.0000","0.0000","0.0000"
"100004047","BOBB00265","3.0000","3.0000","3.0000","0.0000","0.0000"
"100004048","BOVE00797-BOVE00796-BOVE00795-BOVE00794","8.0000","8.0000","8.0000","0.0000","0.0000"
"100004048","BOVE00796","8.0000","1.0000","1.0000","0.0000","0.0000"
"100004048","BOVE00795","8.0000","1.0000","1.0000","0.0000","0.0000"
"100004048","BOVE00794","8.0000","1.0000","1.0000","0.0000","0.0000"
"100004048","BOVA00512","8.0000","8.0000","8.0000","0.0000","0.0000"
"100004049","CGD0010005-CGD0010006-CGD0010007-CGD0010008-CGD0010009","1.0000","1.0000","1.0000","0.0000","0.0000"
"100004049","CGD0010006","1.0000","1.0000","1.0000","0.0000","0.0000"
"100004049","CGD0010007","1.0000","1.0000","1.0000","0.0000","0.0000"
"100004049","CGD0010008","1.0000","1.0000","1.0000","0.0000","0.0000"
"100004049","CGD0010009","1.0000","1.0000","1.0000","0.0000","0.0000"
"100004050","CARESS0001","24.0000","24.0000","12.0000","0.0000","12.0000"
"100004051","BOVE00789","1.0000","1.0000","1.0000","0.0000","0.0000"
"100004051","BOVE00788","1.0000","1.0000","1.0000","0.0000","0.0000"
"100004052","BOAL00777","1.0000","1.0000","1.0000","0.0000","0.0000"
"100004052","BOAL00776","1.0000","1.0000","1.0000","0.0000","0.0000"
"100004053","BOVE00564","1.0000","1.0000","1.0000","0.0000","0.0000"
"100004054","BOAL00710","10.0000","10.0000","10.0000","0.0000","0.0000"
"100004054","BOAL01472","10.0000","10.0000","10.0000","0.0000","0.0000"
"100004055","BOVE00386","1.0000","1.0000","1.0000","0.0000","0.0000"
"100004056","ME00C113","1.0000","1.0000","1.0000","0.0000","0.0000"
"100004057","CNNPLA0026","1.0000","1.0000","1.0000","0.0000","0.0000"
"100004058","BOVE00680","1.0000","0.0000","0.0000","1.0000","0.0000"
"100004058","BOVE00681","1.0000","0.0000","0.0000","1.0000","0.0000"
"300000019","BOVE00255","1.0000","1.0000","1.0000","0.0000","0.0000"
"300000019","BOVE00141","1.0000","1.0000","1.0000","0.0000","0.0000"
"100004059","BOVE00113","1.0000","0.0000","0.0000","1.0000","0.0000"
"100004060","BOVE00113","1.0000","0.0000","0.0000","1.0000","0.0000"
"100004061","CCS0010015","1.0000","1.0000","1.0000","0.0000","0.0000"
"100004062","BOVE00547","1.0000","1.0000","1.0000","0.0000","0.0000"
"100004063","CCS0010015","1.0000","1.0000","1.0000","0.0000","0.0000"
"100004063","CCS0010002","1.0000","1.0000","1.0000","0.0000","0.0000"
"100004064","BOAL00352","1.0000","1.0000","1.0000","0.0000","0.0000"
"100004064","BOAL00354","1.0000","1.0000","1.0000","0.0000","0.0000"
"100004065","CNNPOT0001","1.0000","0.0000","0.0000","1.0000","0.0000"
"100004066","CNNPOT0001","1.0000","0.0000","0.0000","1.0000","0.0000"
"100004067","CNNPOT0001","1.0000","1.0000","1.0000","0.0000","0.0000"
"100004068","BOCI00514","1.0000","1.0000","1.0000","0.0000","0.0000"
"100004069","BOAL01182-BOAL00327-BOAL00328-BOAL00329-BOAL00330","1.0000","0.0000","0.0000","1.0000","0.0000"
"100004069","BOAL00327","1.0000","0.0000","0.0000","0.0000","0.0000"
"100004069","BOAL00328","1.0000","0.0000","0.0000","0.0000","0.0000"
"100004069","BOAL00329","1.0000","0.0000","0.0000","0.0000","0.0000"
"100004069","BOAL00330","1.0000","0.0000","0.0000","0.0000","0.0000"
"100004069","BOVE00113","1.0000","0.0000","0.0000","1.0000","0.0000"
"100004070","BOVE00117","1.0000","1.0000","1.0000","0.0000","0.0000"
"100004070","BOVA01324","1.0000","1.0000","1.0000","0.0000","0.0000"
"100004071","BOVE00521","1.0000","1.0000","1.0000","0.0000","0.0000"
"100004072","BOVE00391","2.0000","2.0000","2.0000","0.0000","0.0000"
"100004073","BOBB00058","1.0000","0.0000","0.0000","1.0000","0.0000"
"100004073","BOBB00059","1.0000","0.0000","0.0000","1.0000","0.0000"
"100004073","CNN0030001","1.0000","0.0000","0.0000","1.0000","0.0000"
"100004074","BOVE00521","1.0000","1.0000","1.0000","0.0000","0.0000"
"100004075","BOVE00113","1.0000","1.0000","1.0000","0.0000","0.0000"
"100004076","ME00C113","2.0000","2.0000","2.0000","0.0000","0.0000"
"100004077","BOVE00467","1.0000","0.0000","0.0000","1.0000","0.0000"
"100004078","BOVE00467","1.0000","1.0000","1.0000","0.0000","0.0000"
"100004079","BOVE00373","1.0000","1.0000","1.0000","0.0000","0.0000"
"100004080","BOAL01271-BOAL00478-BOAL00482-BOAL00484-BOAL00486","1.0000","1.0000","1.0000","0.0000","0.0000"
"100004080","BOAL00478","2.0000","1.0000","1.0000","0.0000","0.0000"
"100004080","BOAL00482","2.0000","1.0000","1.0000","0.0000","0.0000"
"100004080","BOAL00484","2.0000","1.0000","1.0000","0.0000","0.0000"
"100004080","BOAL00486","2.0000","1.0000","1.0000","0.0000","0.0000"
"100004081","ME00C127","1.0000","1.0000","1.0000","0.0000","0.0000"
"100004082","BOAL00261","2.0000","0.0000","0.0000","2.0000","0.0000"
"100004082","BOAL00238","2.0000","0.0000","0.0000","2.0000","0.0000"
"100004082","BOAL00219","2.0000","0.0000","0.0000","2.0000","0.0000"
"100004082","BOAL00664","2.0000","0.0000","0.0000","2.0000","0.0000"
"100004083","BOAL00261","2.0000","0.0000","0.0000","2.0000","0.0000"
"100004083","BOAL00238","2.0000","0.0000","0.0000","2.0000","0.0000"
"100004083","BOAL00219","2.0000","0.0000","0.0000","2.0000","0.0000"
"100004083","BOAL00664","2.0000","0.0000","0.0000","2.0000","0.0000"
"100004084","BOAL00261","2.0000","2.0000","2.0000","0.0000","0.0000"
"100004084","BOAL00238","2.0000","2.0000","2.0000","0.0000","0.0000"
"100004084","BOAL00219","2.0000","2.0000","2.0000","0.0000","0.0000"
"100004084","BOAL00664","2.0000","2.0000","2.0000","0.0000","0.0000"
"100004085","BOVE00116","2.0000","2.0000","2.0000","0.0000","0.0000"
"100004086","CARESS0001","25.0000","0.0000","0.0000","25.0000","0.0000"
"100004086","CARESS0002","25.0000","0.0000","0.0000","25.0000","0.0000"
"100004087","ME00C127","2.0000","2.0000","2.0000","0.0000","0.0000"
"100004088","BOCI00569","1.0000","0.0000","0.0000","1.0000","0.0000"
"100004089","BOCI00569","1.0000","0.0000","0.0000","1.0000","0.0000"
"100004090","BOCI00569","1.0000","0.0000","0.0000","1.0000","0.0000"
"100004091","BOCI00569","1.0000","0.0000","0.0000","1.0000","0.0000"
"100004092","BOCI00569","1.0000","0.0000","0.0000","1.0000","0.0000"
"100004093","BOCI00569","1.0000","0.0000","0.0000","1.0000","0.0000"
"100004094","BOCI00569","1.0000","0.0000","0.0000","1.0000","0.0000"
"100004095","BOCI00569","1.0000","1.0000","1.0000","0.0000","0.0000"
"100004096","ME00C113","1.0000","1.0000","1.0000","0.0000","0.0000"
"100004097","BOAL00350","2.0000","2.0000","2.0000","0.0000","0.0000"
"100004098","BCO0040054-BCO0040049-BCO0040050-BCO0040051-BCO0040052","1.0000","1.0000","1.0000","0.0000","0.0000"
"100004098","BCO0040049","1.0000","1.0000","1.0000","0.0000","0.0000"
"100004098","BCO0040050","1.0000","1.0000","1.0000","0.0000","0.0000"
"100004098","BCO0040051","1.0000","1.0000","1.0000","0.0000","0.0000"
"100004098","BCO0040052","1.0000","1.0000","1.0000","0.0000","0.0000"
"100004099","CCS0010014","1.0000","1.0000","1.0000","0.0000","0.0000"
"100004100","BBR0010002","1.0000","0.0000","0.0000","1.0000","0.0000"
"100004101","BOAL01510","2.0000","2.0000","2.0000","0.0000","0.0000"
"100004101","BOAL01509","2.0000","2.0000","2.0000","0.0000","0.0000"
"100004101","BOAL01508","2.0000","2.0000","2.0000","0.0000","0.0000"
"100004102","BOVE00764","2.0000","2.0000","2.0000","0.0000","0.0000"
"100004103","BOAL00328","2.0000","2.0000","2.0000","0.0000","0.0000"
"100004103","BOAL00330","2.0000","2.0000","2.0000","0.0000","0.0000"
"100004104","BCO0060005","1.0000","1.0000","1.0000","0.0000","0.0000"
"100004104","BCO0060002","1.0000","1.0000","1.0000","0.0000","0.0000"
"100004104","BCO0060003","1.0000","1.0000","1.0000","0.0000","0.0000"
"100004104","BCO0060004","2.0000","2.0000","2.0000","0.0000","0.0000"
"100004104","BCO0060007","1.0000","1.0000","1.0000","0.0000","0.0000"
"100004105","CCS0010002","3.0000","3.0000","3.0000","0.0000","0.0000"
"100004105","CCS0010011","3.0000","3.0000","3.0000","0.0000","0.0000"
"100004105","CCS0010012","1.0000","1.0000","1.0000","0.0000","0.0000"
"100004106","BOVE00296","1.0000","1.0000","1.0000","0.0000","0.0000"
"100004106","BOVE00749","2.0000","2.0000","2.0000","0.0000","0.0000"
"100004107","BOVE00387","1.0000","1.0000","1.0000","0.0000","0.0000"
"100004107","BOVE00386","2.0000","2.0000","2.0000","0.0000","0.0000"
"100004108","BOBB00273","1.0000","1.0000","1.0000","0.0000","0.0000"
"100004108","BOVA01092","1.0000","1.0000","1.0000","0.0000","0.0000"
"100004109","ME00525-ME00057-ME00058-ME00059-ME00066","1.0000","1.0000","1.0000","0.0000","0.0000"
"100004109","ME00057","2.0000","1.0000","1.0000","0.0000","0.0000"
"100004109","ME00058","2.0000","1.0000","1.0000","0.0000","0.0000"
"100004109","ME00059","2.0000","1.0000","1.0000","0.0000","0.0000"
"100004109","ME00066","2.0000","1.0000","1.0000","0.0000","0.0000"
"100004109","BOCI00660","1.0000","1.0000","1.0000","0.0000","0.0000"
"100004110","BOAL00713","20.0000","20.0000","20.0000","0.0000","0.0000"
"100004111","BOAL00454","2.0000","2.0000","2.0000","0.0000","0.0000"
"100004112","BOVE00680","1.0000","1.0000","1.0000","0.0000","0.0000"
"100004112","BOVE00681","1.0000","1.0000","1.0000","0.0000","0.0000"
"100004113","BOAL00264","1.0000","1.0000","1.0000","0.0000","0.0000"
"100004113","BOAL00222","1.0000","1.0000","1.0000","0.0000","0.0000"
"100004113","BOBB00182","1.0000","1.0000","1.0000","0.0000","0.0000"
"100004113","BOAL00241","1.0000","1.0000","1.0000","0.0000","0.0000"
"100004114","CCS0010002","3.0000","3.0000","3.0000","0.0000","0.0000"
"100004115","BOVE00521","1.0000","1.0000","1.0000","0.0000","0.0000"
"100004116","BOVA01188","1.0000","1.0000","1.0000","0.0000","0.0000"
"100004116","BOVA01186","1.0000","1.0000","1.0000","0.0000","0.0000"
"100004117","BOVE00513","1.0000","1.0000","1.0000","0.0000","0.0000"
"100004118","BOVE00168","1.0000","1.0000","1.0000","0.0000","0.0000"
"100004118","BOVE00169","1.0000","1.0000","1.0000","0.0000","0.0000"
"100004119","ME00C51","1.0000","1.0000","1.0000","0.0000","0.0000"
"100004120","BOVA00364","1.0000","1.0000","1.0000","0.0000","0.0000"
"100004120","BOVA00365","3.0000","3.0000","3.0000","0.0000","0.0000"
"100004121","BOBB00038","6.0000","6.0000","6.0000","0.0000","0.0000"
"100004122","BOVE00108","1.0000","1.0000","1.0000","0.0000","0.0000"
"100004122","BOVE00378","1.0000","1.0000","1.0000","0.0000","0.0000"
"100004122","BOVE00379","1.0000","1.0000","1.0000","0.0000","0.0000"
"100004123","BOVE00478","1.0000","1.0000","1.0000","0.0000","0.0000"
"100004124","BOAL01521","1.0000","1.0000","1.0000","0.0000","0.0000"
"100004125","BOAL00198","2.0000","2.0000","2.0000","0.0000","0.0000"
"100004125","BOAL00222","2.0000","2.0000","2.0000","0.0000","0.0000"
"100004125","BOAL00264","2.0000","2.0000","2.0000","0.0000","0.0000"
"100004125","BOAL00241","2.0000","2.0000","2.0000","0.0000","0.0000"
"100004125","BOCI00488","1.0000","1.0000","1.0000","0.0000","0.0000"
"100004126","BOVE00284","1.0000","1.0000","1.0000","0.0000","0.0000"
"100004127","BET0160003-BOAL00664-BOAL00665-BOAL00668-BOAL00666","1.0000","1.0000","1.0000","0.0000","0.0000"
"100004127","BOAL00664","2.0000","1.0000","1.0000","0.0000","0.0000"
"100004127","BOAL00665","2.0000","1.0000","1.0000","0.0000","0.0000"
"100004127","BOAL00668","2.0000","1.0000","1.0000","0.0000","0.0000"
"100004127","BOAL00666","2.0000","1.0000","1.0000","0.0000","0.0000"
"100004128","BOBB00288","2.0000","2.0000","2.0000","0.0000","0.0000"
"100004129","LLRABE0023","1.0000","1.0000","1.0000","0.0000","0.0000"
"100004129","BOVE00395","1.0000","1.0000","1.0000","0.0000","0.0000"
"100004130","BOVE00517","1.0000","1.0000","1.0000","0.0000","0.0000"
"100004131","BOVE00286","1.0000","1.0000","1.0000","0.0000","0.0000"
"100004132","BOVE00281","1.0000","0.0000","0.0000","1.0000","0.0000"
"100004133","BOVE00215","2.0000","2.0000","2.0000","0.0000","0.0000"
"100004134","BCO0040055-BCO0040049-BCO0040050-BCO0040051-BCO0040052","1.0000","1.0000","1.0000","0.0000","0.0000"
"100004134","BCO0040049","2.0000","1.0000","1.0000","0.0000","0.0000"
"100004134","BCO0040050","2.0000","1.0000","1.0000","0.0000","0.0000"
"100004134","BCO0040051","2.0000","1.0000","1.0000","0.0000","0.0000"
"100004134","BCO0040052","2.0000","1.0000","1.0000","0.0000","0.0000"
"100004135","BOVE00373","1.0000","1.0000","1.0000","0.0000","0.0000"
"100004136","BOAL01521","1.0000","1.0000","0.0000","0.0000","1.0000"
"100004136","BOAL00222","2.0000","2.0000","0.0000","0.0000","2.0000"
"100004136","BOAL01511","1.0000","1.0000","0.0000","0.0000","1.0000"
"100004136","BOAL00346","1.0000","1.0000","0.0000","0.0000","1.0000"
"100004137","BOAL01457-BOAL00656-BOAL00661-BOAL00662-BOAL00663","1.0000","1.0000","1.0000","0.0000","0.0000"
"100004137","BOAL00656","2.0000","1.0000","1.0000","0.0000","0.0000"
"100004137","BOAL00661","2.0000","1.0000","1.0000","0.0000","0.0000"
"100004137","BOAL00662","2.0000","1.0000","1.0000","0.0000","0.0000"
"100004137","BOAL00663","2.0000","1.0000","1.0000","0.0000","0.0000"
"100004138","BAM0040004","1.0000","1.0000","1.0000","0.0000","0.0000"
"100004139","CCS0010002","2.0000","2.0000","2.0000","0.0000","0.0000"
"100004140","BOVA01418","2.0000","2.0000","2.0000","0.0000","0.0000"
"100004141","BOAL00436","2.0000","2.0000","2.0000","0.0000","0.0000"
"100004141","BOAL00433","1.0000","1.0000","1.0000","0.0000","0.0000"
"100004141","BOAL00434","2.0000","2.0000","2.0000","0.0000","0.0000"
"100004142","BOAL00728","15.0000","15.0000","15.0000","0.0000","0.0000"
"100004143","BOBB00038","1.0000","1.0000","1.0000","0.0000","0.0000"
"100004144","CCS0010010","2.0000","0.0000","0.0000","2.0000","0.0000"
"100004145","BOVE00558","1.0000","1.0000","1.0000","0.0000","0.0000"
"100004146","BOVE00111","2.0000","2.0000","2.0000","0.0000","0.0000"
"100004146","BOVE00228","2.0000","2.0000","2.0000","0.0000","0.0000"
"100004147","BOVE00513","1.0000","1.0000","1.0000","0.0000","0.0000"
"100004148","CBRYPS0001","2.0000","2.0000","2.0000","0.0000","0.0000"
"100004149","BOVE00379","2.0000","2.0000","2.0000","0.0000","0.0000"
"100004150","BOVE00790","1.0000","1.0000","1.0000","0.0000","0.0000"
"100004151","BOAL00414","1.0000","1.0000","1.0000","0.0000","0.0000"
"100004152","BOVE00296","1.0000","1.0000","1.0000","0.0000","0.0000"
"100004153","BOVE00513","1.0000","1.0000","1.0000","0.0000","0.0000"
"100004154","LLW0010003","1.0000","1.0000","1.0000","0.0000","0.0000"
"100004155","ME00C127","1.0000","1.0000","1.0000","0.0000","0.0000"
"100004156","BOVA01418","2.0000","2.0000","2.0000","0.0000","0.0000"
"100004157","CBR0010001","2.0000","2.0000","2.0000","0.0000","0.0000"
"100004158","BOAL00799","2.0000","2.0000","2.0000","0.0000","0.0000"
"100004159","BOVE00373","2.0000","2.0000","2.0000","0.0000","0.0000"
"100004160","BOBB00107","1.0000","1.0000","1.0000","0.0000","0.0000"
"100004161","CCS0010002","3.0000","3.0000","3.0000","0.0000","0.0000"
"100004161","CCS0030003","3.0000","3.0000","3.0000","0.0000","0.0000"
"100004161","CCSEXP0017","1.0000","1.0000","1.0000","0.0000","0.0000"
"100004162","BOCI00826","1.0000","1.0000","1.0000","0.0000","0.0000"
"100004163","BOCI00861","1.0000","1.0000","1.0000","0.0000","0.0000"
"100004163","BOVE00749","1.0000","1.0000","1.0000","0.0000","0.0000"
"100004164","BOVE00631","1.0000","1.0000","1.0000","0.0000","0.0000"
"100004164","BOVE00557","1.0000","1.0000","1.0000","0.0000","0.0000"
"100004164","SDO0028011","1.0000","1.0000","1.0000","0.0000","0.0000"
"100004164","SDO0028010","1.0000","1.0000","1.0000","0.0000","0.0000"
"100004164","SDO0028017","1.0000","1.0000","1.0000","0.0000","0.0000"
"100004165","BOVE00768","1.0000","1.0000","1.0000","0.0000","0.0000"
"100004165","BOVE00764","1.0000","1.0000","1.0000","0.0000","0.0000"
"100004166","CCS0010014","2.0000","2.0000","2.0000","0.0000","0.0000"
"100004167","BAM0030004","5.0000","5.0000","5.0000","0.0000","0.0000"
"100004167","BAM0030002","5.0000","5.0000","5.0000","0.0000","0.0000"
"100004167","BAM0030003","5.0000","5.0000","5.0000","0.0000","0.0000"
"100004167","BAM0030001","5.0000","5.0000","5.0000","0.0000","0.0000"
"100004168","BOBB00038","2.0000","2.0000","2.0000","0.0000","0.0000"
"100004169","BOAL01182-BOAL00327-BOAL00328-BOAL00329-BOAL00330","1.0000","1.0000","1.0000","0.0000","0.0000"
"100004169","BOAL00327","1.0000","1.0000","1.0000","0.0000","0.0000"
"100004169","BOAL00328","1.0000","1.0000","1.0000","0.0000","0.0000"
"100004169","BOAL00329","1.0000","1.0000","1.0000","0.0000","0.0000"
"100004169","BOAL00330","1.0000","1.0000","1.0000","0.0000","0.0000"
"100004170","CPR0010005","1.0000","1.0000","1.0000","0.0000","0.0000"
"100004170","CPR0010009","1.0000","1.0000","1.0000","0.0000","0.0000"
"100004170","CPR0010010","1.0000","1.0000","1.0000","0.0000","0.0000"
"100004171","CAR0010002","2.0000","2.0000","2.0000","0.0000","0.0000"
"100004172","ME00C51","1.0000","0.0000","0.0000","1.0000","0.0000"
"100004172","ME00C127","1.0000","0.0000","0.0000","1.0000","0.0000"
"100004173","ME00C51","1.0000","1.0000","1.0000","0.0000","0.0000"
"100004173","ME00C127","1.0000","1.0000","1.0000","0.0000","0.0000"
"100004174","BOVE00558","2.0000","2.0000","2.0000","0.0000","0.0000"
"100004175","BOVE00521","1.0000","1.0000","1.0000","0.0000","0.0000"
"100004176","BOVA00946","18.0000","18.0000","18.0000","0.0000","0.0000"
"100004176","BOVA00944","18.0000","18.0000","18.0000","0.0000","0.0000"
"100004176","BOVA00533","12.0000","12.0000","12.0000","0.0000","0.0000"
"100004177","BOVA01296","1.0000","1.0000","1.0000","0.0000","0.0000"
"100004178","LLRBUD0002","2.0000","2.0000","2.0000","0.0000","0.0000"
"100004178","BOVE00705","2.0000","2.0000","2.0000","0.0000","0.0000"
"100004179","BOBB00038","6.0000","0.0000","0.0000","6.0000","0.0000"
"100004180","CCS0010002","1.0000","1.0000","1.0000","0.0000","0.0000"
"100004181","LLRLYO0039","1.0000","1.0000","1.0000","0.0000","0.0000"
"100004182","ME00480","1.0000","1.0000","1.0000","0.0000","0.0000"
"100004183","ME00C127","1.0000","1.0000","1.0000","0.0000","0.0000"
"100004184","BOAL00317","1.0000","1.0000","1.0000","0.0000","0.0000"
"100004184","BOAL00321","1.0000","1.0000","1.0000","0.0000","0.0000"
"100004184","BOAL00325","1.0000","1.0000","1.0000","0.0000","0.0000"
"100004184","BOAL00323","1.0000","1.0000","1.0000","0.0000","0.0000"
"100004185","BOVE00387","1.0000","1.0000","1.0000","0.0000","0.0000"
"100004186","BOAL00229","4.0000","4.0000","4.0000","0.0000","4.0000"
"100004186","BOAL00264","2.0000","2.0000","2.0000","0.0000","0.0000"
"100004187","BOVE00378","1.0000","1.0000","1.0000","0.0000","0.0000"
"100004187","BOCI00486","1.0000","1.0000","1.0000","0.0000","0.0000"
"100004188","CCS0010001","2.0000","0.0000","0.0000","2.0000","0.0000"
"100004189","CCS0010001","2.0000","0.0000","0.0000","2.0000","0.0000"
"100004190","CCS0010001","2.0000","0.0000","0.0000","2.0000","0.0000"
"100004191","CCS0010001","2.0000","2.0000","2.0000","0.0000","0.0000"
"100004192","ME00C127","1.0000","1.0000","1.0000","0.0000","0.0000"
"100004193","BOAL01521","1.0000","1.0000","1.0000","0.0000","0.0000"
"100004193","BOAL01511","1.0000","1.0000","1.0000","0.0000","0.0000"
"100004193","BOAL00346","1.0000","1.0000","1.0000","0.0000","0.0000"
"100004193","BOAL00347","2.0000","2.0000","2.0000","0.0000","0.0000"
"100004194","CAR0010002","2.0000","2.0000","2.0000","0.0000","0.0000"
"100004195","ME00C51","1.0000","1.0000","1.0000","0.0000","0.0000"
"100004196","BOVE00389","1.0000","1.0000","1.0000","0.0000","0.0000"
"100004197","LLRBAL0077","1.0000","1.0000","1.0000","0.0000","0.0000"
"100004198","BOAL01510","1.0000","1.0000","1.0000","0.0000","0.0000"
"100004198","BOAL01509","1.0000","1.0000","1.0000","0.0000","0.0000"
"100004198","BOAL01508","1.0000","1.0000","1.0000","0.0000","0.0000"
"100004198","BOAL01507","1.0000","1.0000","1.0000","0.0000","0.0000"
"100004198","BOAL01506","1.0000","1.0000","1.0000","0.0000","0.0000"
"100004198","BOVE00149","1.0000","1.0000","1.0000","0.0000","0.0000"
"100004199","BOVE00202","2.0000","2.0000","2.0000","0.0000","0.0000"
"100004199","BOVE00203","2.0000","2.0000","2.0000","0.0000","0.0000"
"100004200","BOVE00521","1.0000","1.0000","1.0000","0.0000","0.0000"
"100004200","SDO0011020","1.0000","1.0000","1.0000","0.0000","0.0000"
"100004201","CCS0010003","1.0000","1.0000","1.0000","0.0000","0.0000"
"100004202","BOAL00382","1.0000","1.0000","1.0000","0.0000","0.0000"
"100004202","BOAL00386","2.0000","2.0000","2.0000","0.0000","0.0000"
"100004202","BOAL00381","2.0000","2.0000","2.0000","0.0000","0.0000"
"100004203","CBR0050001","1.0000","1.0000","1.0000","0.0000","0.0000"
"100004204","BOAL01507","2.0000","2.0000","2.0000","0.0000","0.0000"
"100004204","BOAL01508","2.0000","2.0000","2.0000","0.0000","0.0000"
"100004204","BOAL01509","2.0000","2.0000","2.0000","0.0000","0.0000"
"100004204","BOAL01515","2.0000","2.0000","2.0000","0.0000","0.0000"
"100004204","BOAL01516","2.0000","2.0000","2.0000","0.0000","0.0000"
"100004204","BOAL01514","2.0000","2.0000","2.0000","0.0000","0.0000"
"100004204","BOAL01512","2.0000","2.0000","2.0000","0.0000","0.0000"
"100004204","BOAL01513","2.0000","2.0000","2.0000","0.0000","0.0000"
"100004205","BOVE00359","1.0000","1.0000","1.0000","0.0000","0.0000"
"100004206","BOVE00467","1.0000","1.0000","1.0000","0.0000","0.0000"
"100004207","BOVE00199","2.0000","2.0000","2.0000","0.0000","0.0000"
"100004207","BOVE00197","2.0000","2.0000","2.0000","0.0000","0.0000"
"100004207","BOVE00467","1.0000","1.0000","1.0000","0.0000","0.0000"
"100004207","BOVE00389","2.0000","2.0000","2.0000","0.0000","0.0000"
"100004208","ME00C113","1.0000","1.0000","1.0000","0.0000","0.0000"
"100004209","ME00C113","1.0000","1.0000","1.0000","0.0000","0.0000"
"100004210","BOVE00097","1.0000","1.0000","1.0000","0.0000","0.0000"
"100004211","CCS0030005","2.0000","2.0000","2.0000","0.0000","0.0000"
"100004211","BOBB00026","1.0000","1.0000","1.0000","0.0000","0.0000"
"100004211","BOVE00199","1.0000","1.0000","1.0000","0.0000","0.0000"
"100004211","BOVE00782","1.0000","1.0000","1.0000","0.0000","0.0000"
"100004211","BOVE00197","1.0000","1.0000","1.0000","0.0000","0.0000"
"100004212","BOVA00762","3.0000","3.0000","3.0000","0.0000","0.0000"
"100004213","BOVE00284","1.0000","1.0000","1.0000","0.0000","0.0000"
"100004214","BOVE00009","1.0000","1.0000","1.0000","0.0000","0.0000"
"200000023","BGD0010007-BGD0010002-BOAL00373-BGD0010006","1.0000","1.0000","1.0000","0.0000","0.0000"
"200000023","BGD0010002","1.0000","1.0000","1.0000","0.0000","0.0000"
"200000023","BOAL00373","1.0000","1.0000","1.0000","0.0000","0.0000"
"200000023","BGD0010006","1.0000","1.0000","1.0000","0.0000","0.0000"
"100004215","BOAL01391-BOAL00208-BOAL00264-BOAL00222-BOAL00241","1.0000","1.0000","1.0000","0.0000","0.0000"
"100004215","BOAL00208","2.0000","1.0000","1.0000","0.0000","0.0000"
"100004215","BOAL00264","2.0000","1.0000","1.0000","0.0000","0.0000"
"100004215","BOAL00222","2.0000","1.0000","1.0000","0.0000","0.0000"
"100004215","BOAL00241","2.0000","1.0000","1.0000","0.0000","0.0000"
"100004215","BOAL00195","2.0000","2.0000","2.0000","0.0000","0.0000"
"100004215","BOAL00252","2.0000","2.0000","2.0000","0.0000","0.0000"
"100004216","BOCI00719","1.0000","1.0000","1.0000","0.0000","0.0000"
"100004216","BOCI00776","1.0000","1.0000","1.0000","0.0000","0.0000"
"100004216","BOCI00778","1.0000","1.0000","1.0000","0.0000","0.0000"
"100004217","BOVE00557","1.0000","1.0000","1.0000","0.0000","0.0000"
"100004217","BOVE00574","1.0000","1.0000","1.0000","0.0000","0.0000"
"100004218","BOAL00394","2.0000","2.0000","2.0000","0.0000","0.0000"
"100004218","BOAL00393","1.0000","1.0000","1.0000","0.0000","0.0000"
"100004218","BOAL00396","1.0000","1.0000","1.0000","0.0000","0.0000"
"100004218","BOAL00388","1.0000","1.0000","1.0000","0.0000","0.0000"
"100004219","BOVE00539","1.0000","1.0000","1.0000","0.0000","0.0000"
"100004219","BOVE00467","1.0000","1.0000","1.0000","0.0000","0.0000"
"100004219","BOVE00283","1.0000","1.0000","1.0000","0.0000","0.0000"
"100004220","BOVE00467","1.0000","1.0000","1.0000","0.0000","0.0000"
"100004221","CCS0010007","1.0000","0.0000","0.0000","1.0000","0.0000"
"100004222","CCS0010007","1.0000","1.0000","1.0000","0.0000","0.0000"
"100004223","BOVE00513","2.0000","2.0000","2.0000","0.0000","0.0000"
"100004224","CCS0010002","2.0000","2.0000","2.0000","0.0000","0.0000"
"100004225","ME00C113","1.0000","1.0000","1.0000","0.0000","0.0000"
"100004226","BOVE00109","1.0000","1.0000","1.0000","0.0000","0.0000"
"100004227","BOAL01374-BOAL00206-BOAL00261-BOAL00238-BOAL00219","1.0000","1.0000","1.0000","0.0000","0.0000"
"100004227","BOAL00206","2.0000","1.0000","1.0000","0.0000","0.0000"
"100004227","BOAL00261","2.0000","1.0000","1.0000","0.0000","0.0000"
"100004227","BOAL00238","2.0000","1.0000","1.0000","0.0000","0.0000"
"100004227","BOAL00219","2.0000","1.0000","1.0000","0.0000","0.0000"
"100004228","BCO0070001","2.0000","2.0000","2.0000","0.0000","0.0000"
"100004228","BCO0070004","2.0000","2.0000","2.0000","0.0000","0.0000"
"100004228","BCO0070002","2.0000","2.0000","2.0000","0.0000","0.0000"
"100004229","BOVE00117","1.0000","1.0000","1.0000","0.0000","0.0000"
"100004230","BOUU00014","1.0000","1.0000","1.0000","0.0000","0.0000"
"100004231","BOVE00220","2.0000","2.0000","2.0000","0.0000","0.0000"
"100004231","BOVE00021","3.0000","3.0000","3.0000","0.0000","0.0000"
"100004231","BOVE00311","1.0000","1.0000","1.0000","0.0000","0.0000"
"100004232","BOAL00920","26.0000","0.0000","0.0000","26.0000","0.0000"
"100004233","ME00C127","1.0000","1.0000","1.0000","0.0000","0.0000"
"100004234","BOVE00511","1.0000","1.0000","1.0000","0.0000","0.0000"
"100004234","BOVE00510","1.0000","1.0000","1.0000","0.0000","0.0000"
"100004235","ME00C127","2.0000","2.0000","2.0000","0.0000","0.0000"
"100004236","ME00C127","1.0000","0.0000","0.0000","1.0000","0.0000"
"100004236","BCO0010017-BCO0010002-BCO0010001-BCO0010003-BCO0010004-BCO0010008-BCO0010007-BCO0010006-BCO0010005-BCO0010010-BCO0010009","1.0000","0.0000","0.0000","1.0000","0.0000"
"100004236","BCO0010002","2.0000","0.0000","0.0000","0.0000","0.0000"
"100004236","BCO0010001","2.0000","0.0000","0.0000","0.0000","0.0000"
"100004236","BCO0010003","2.0000","0.0000","0.0000","0.0000","0.0000"
"100004236","BCO0010004","2.0000","0.0000","0.0000","0.0000","0.0000"
"100004236","BCO0010008","2.0000","0.0000","0.0000","0.0000","0.0000"
"100004236","BCO0010007","2.0000","0.0000","0.0000","0.0000","0.0000"
"100004236","BCO0010006","2.0000","0.0000","0.0000","0.0000","0.0000"
"100004236","BCO0010005","2.0000","0.0000","0.0000","0.0000","0.0000"
"100004236","BCO0010010","1.0000","0.0000","0.0000","0.0000","0.0000"
"100004236","BCO0010009","1.0000","0.0000","0.0000","0.0000","0.0000"
"100004237","ME00C127","1.0000","0.0000","0.0000","1.0000","0.0000"
"100004237","BCO0010017-BCO0010002-BCO0010001-BCO0010003-BCO0010004-BCO0010008-BCO0010007-BCO0010006-BCO0010005-BCO0010010-BCO0010009","1.0000","0.0000","0.0000","1.0000","0.0000"
"100004237","BCO0010002","2.0000","0.0000","0.0000","0.0000","0.0000"
"100004237","BCO0010001","2.0000","0.0000","0.0000","0.0000","0.0000"
"100004237","BCO0010003","2.0000","0.0000","0.0000","0.0000","0.0000"
"100004237","BCO0010004","2.0000","0.0000","0.0000","0.0000","0.0000"
"100004237","BCO0010008","2.0000","0.0000","0.0000","0.0000","0.0000"
"100004237","BCO0010007","2.0000","0.0000","0.0000","0.0000","0.0000"
"100004237","BCO0010006","2.0000","0.0000","0.0000","0.0000","0.0000"
"100004237","BCO0010005","2.0000","0.0000","0.0000","0.0000","0.0000"
"100004237","BCO0010010","1.0000","0.0000","0.0000","0.0000","0.0000"
"100004237","BCO0010009","1.0000","0.0000","0.0000","0.0000","0.0000"
"100004238","ME00C127","1.0000","1.0000","1.0000","0.0000","0.0000"
"100004238","BCO0010017-BCO0010002-BCO0010001-BCO0010003-BCO0010004-BCO0010008-BCO0010007-BCO0010006-BCO0010005-BCO0010010-BCO0010009","1.0000","1.0000","1.0000","0.0000","0.0000"
"100004238","BCO0010002","2.0000","1.0000","1.0000","0.0000","0.0000"
"100004238","BCO0010001","2.0000","1.0000","1.0000","0.0000","0.0000"
"100004238","BCO0010003","2.0000","1.0000","1.0000","0.0000","0.0000"
"100004238","BCO0010004","2.0000","1.0000","1.0000","0.0000","0.0000"
"100004238","BCO0010008","2.0000","1.0000","1.0000","0.0000","0.0000"
"100004238","BCO0010007","2.0000","1.0000","1.0000","0.0000","0.0000"
"100004238","BCO0010006","2.0000","1.0000","1.0000","0.0000","0.0000"
"100004238","BCO0010005","2.0000","1.0000","1.0000","0.0000","0.0000"
"100004238","BCO0010010","1.0000","1.0000","1.0000","0.0000","0.0000"
"100004238","BCO0010009","1.0000","1.0000","1.0000","0.0000","0.0000"
"100004239","CCS0010014","2.0000","2.0000","2.0000","0.0000","0.0000"
"100004240","BOVE00341","6.0000","6.0000","6.0000","0.0000","0.0000"
"100004241","BAR0120010-BAR0120006-BAR0120007-BAR0120003-BAR0120002","1.0000","1.0000","1.0000","0.0000","0.0000"
"100004241","BAR0120006","1.0000","1.0000","1.0000","0.0000","0.0000"
"100004241","BAR0120007","1.0000","1.0000","1.0000","0.0000","0.0000"
"100004241","BAR0120003","1.0000","1.0000","1.0000","0.0000","0.0000"
"100004241","BAR0120002","1.0000","1.0000","1.0000","0.0000","0.0000"
"100004242","ME00C127","1.0000","1.0000","1.0000","0.0000","0.0000"
"100004243","BOAL00613","3.0000","0.0000","0.0000","3.0000","0.0000"
"100004243","BOAL00607","2.0000","0.0000","0.0000","2.0000","0.0000"
"100004243","BOAL00610","2.0000","0.0000","0.0000","2.0000","0.0000"
"100004243","BOAL00615","2.0000","0.0000","0.0000","2.0000","0.0000"
"100004244","BOAL00613","3.0000","3.0000","3.0000","0.0000","0.0000"
"100004244","BOAL00607","2.0000","2.0000","2.0000","0.0000","0.0000"
"100004244","BOAL00610","2.0000","2.0000","2.0000","0.0000","0.0000"
"100004244","BOAL00615","2.0000","2.0000","2.0000","0.0000","0.0000"
"100004245","BOVE00341","1.0000","1.0000","1.0000","0.0000","0.0000"
"100004246","BOVE00513","1.0000","1.0000","1.0000","0.0000","0.0000"
"100004247","BOVE00445","1.0000","1.0000","1.0000","0.0000","0.0000"
"100004247","CBRBAV0001","1.0000","1.0000","1.0000","0.0000","0.0000"
"100004248","CCS0010002","3.0000","3.0000","3.0000","0.0000","0.0000"
"100004248","CCS0010012","3.0000","3.0000","3.0000","0.0000","0.0000"
"100004249","BOVE00475","1.0000","1.0000","1.0000","0.0000","0.0000"
"100004250","LLRVEN0089","1.0000","1.0000","1.0000","0.0000","0.0000"
"100004251","CCS0010002","2.0000","2.0000","2.0000","0.0000","0.0000"
"100004252","BOAL01476","1.0000","1.0000","1.0000","0.0000","1.0000"
"100004252","BOBB00126","1.0000","1.0000","1.0000","0.0000","0.0000"
"100004252","BOBB00069","1.0000","1.0000","1.0000","0.0000","0.0000"
"100004252","BOCI00864","1.0000","1.0000","1.0000","0.0000","1.0000"
"100004252","BRE0010003","3.0000","3.0000","3.0000","0.0000","0.0000"
"100004252","BOVE00537","1.0000","1.0000","1.0000","0.0000","1.0000"
"100004252","BOVE00100","1.0000","1.0000","1.0000","0.0000","0.0000"
"100004253","BOVE00547","1.0000","1.0000","1.0000","0.0000","0.0000"
"100004253","BOBB00055","1.0000","1.0000","1.0000","0.0000","0.0000"
"100004253","BOVE00538","1.0000","1.0000","1.0000","0.0000","0.0000"
"100004253","BOBB00064","1.0000","1.0000","1.0000","0.0000","0.0000"
"100004254","BOVE00007","3.0000","3.0000","3.0000","0.0000","0.0000"
"100004254","BOVE00017","2.0000","2.0000","2.0000","0.0000","0.0000"
"100004255","BOVE00547","1.0000","1.0000","1.0000","0.0000","0.0000"
"100004255","BOVE00469","1.0000","1.0000","1.0000","0.0000","0.0000"
"100004256","BOAL01523-BOAL01508-BOAL01509-BOAL01507-BOAL01510","1.0000","0.0000","0.0000","1.0000","0.0000"
"100004256","BOAL01508","1.0000","0.0000","0.0000","0.0000","0.0000"
"100004256","BOAL01509","1.0000","0.0000","0.0000","0.0000","0.0000"
"100004256","BOAL01507","1.0000","0.0000","0.0000","0.0000","0.0000"
"100004256","BOAL01510","1.0000","0.0000","0.0000","0.0000","0.0000"
"100004256","BOAL01513","1.0000","0.0000","0.0000","1.0000","0.0000"
"100004256","BOAL01514","1.0000","0.0000","0.0000","1.0000","0.0000"
"100004257","BOAL01523-BOAL01508-BOAL01509-BOAL01507-BOAL01510","1.0000","1.0000","1.0000","0.0000","0.0000"
"100004257","BOAL01508","1.0000","1.0000","1.0000","0.0000","0.0000"
"100004257","BOAL01509","1.0000","1.0000","1.0000","0.0000","0.0000"
"100004257","BOAL01507","1.0000","1.0000","1.0000","0.0000","0.0000"
"100004257","BOAL01510","1.0000","1.0000","1.0000","0.0000","0.0000"
"100004257","BOAL01513","1.0000","1.0000","1.0000","0.0000","0.0000"
"100004257","BOAL01514","1.0000","1.0000","1.0000","0.0000","0.0000"
"100004258","ME00139","2.0000","2.0000","2.0000","0.0000","0.0000"
"100004259","BOVA00423","12.0000","12.0000","12.0000","0.0000","0.0000"
"100004260","BOVE00113","10.0000","10.0000","10.0000","0.0000","0.0000"
"100004261","CCS0010014","3.0000","3.0000","3.0000","0.0000","0.0000"
"100004262","BOAL00347","1.0000","1.0000","1.0000","0.0000","0.0000"
"100004263","BOVE00523","1.0000","1.0000","1.0000","0.0000","0.0000"
"100004264","CCS0010002","2.0000","0.0000","0.0000","2.0000","0.0000"
"100004265","CCS0010002","2.0000","2.0000","2.0000","0.0000","0.0000"
"100004266","CBRYPS0019","1.0000","1.0000","1.0000","0.0000","0.0000"
"100004266","BOAL00894","1.0000","1.0000","1.0000","0.0000","0.0000"
"100004266","BOAL00897","2.0000","2.0000","2.0000","0.0000","0.0000"
"100004267","CAR0040001","1.0000","1.0000","1.0000","0.0000","0.0000"
"100004267","BOVE00389","1.0000","1.0000","1.0000","0.0000","0.0000"
"100004268","BOVE00242","1.0000","1.0000","1.0000","0.0000","0.0000"
"100004269","ME00C113","1.0000","1.0000","1.0000","0.0000","0.0000"
"100004270","ME00C113","1.0000","1.0000","1.0000","0.0000","0.0000"
"100004271","BAM0030002","3.0000","3.0000","3.0000","0.0000","0.0000"
"100004271","BAM0030003","2.0000","2.0000","2.0000","0.0000","0.0000"
"100004271","BAM0030004","3.0000","3.0000","3.0000","0.0000","0.0000"
"100004272","BOAL01182-BOAL00327-BOAL00328-BOAL00329-BOAL00330","1.0000","1.0000","1.0000","0.0000","0.0000"
"100004272","BOAL00327","1.0000","1.0000","1.0000","0.0000","0.0000"
"100004272","BOAL00328","1.0000","1.0000","1.0000","0.0000","0.0000"
"100004272","BOAL00329","1.0000","1.0000","1.0000","0.0000","0.0000"
"100004272","BOAL00330","1.0000","1.0000","1.0000","0.0000","0.0000"
"100004273","BOVA01192","2.0000","2.0000","2.0000","0.0000","0.0000"
"100004274","BOVA00866","6.0000","6.0000","6.0000","0.0000","0.0000"
"100004275","BOBB00227","1.0000","1.0000","1.0000","0.0000","1.0000"
"100004276","BOVA01383","1.0000","1.0000","1.0000","0.0000","0.0000"
"100004277","BOAL01431-BOAL00209-BOAL00262-BOAL00220","3.0000","3.0000","3.0000","0.0000","0.0000"
"100004277","BOAL00209","3.0000","1.0000","1.0000","0.0000","0.0000"
"100004277","BOAL00262","3.0000","1.0000","1.0000","0.0000","0.0000"
"100004277","BOAL00220","3.0000","1.0000","1.0000","0.0000","0.0000"
"100004277","BOBB00187","1.0000","1.0000","1.0000","0.0000","0.0000"
"100004277","BOAL00241","1.0000","1.0000","1.0000","0.0000","0.0000"
"100004277","BOVE00156","2.0000","2.0000","2.0000","0.0000","0.0000"
"100004278","BOVA00744","1.0000","0.0000","0.0000","1.0000","0.0000"
"100004279","BOVA00744","1.0000","1.0000","1.0000","0.0000","0.0000"
"100004280","BOBB00035","30.0000","30.0000","30.0000","0.0000","0.0000"
"100004284","BOAL00743","2.0000","0.0000","0.0000","2.0000","0.0000"
"100004285","BOAL00743","2.0000","0.0000","0.0000","2.0000","0.0000"
"100004286","BOAL00743","2.0000","2.0000","2.0000","0.0000","0.0000"
"100004287","BOVE00389","1.0000","1.0000","1.0000","0.0000","0.0000"
"100004288","DEV471210","1.0000","1.0000","1.0000","0.0000","0.0000"
"100004289","BOVE00113","1.0000","1.0000","1.0000","0.0000","0.0000"
"100004290","BOVE00052","2.0000","0.0000","0.0000","2.0000","0.0000"
"100004290","BOVE00053","2.0000","0.0000","0.0000","2.0000","0.0000"
"100004290","BOVE00041","2.0000","0.0000","0.0000","2.0000","0.0000"
"100004291","ME00C127","1.0000","1.0000","1.0000","0.0000","0.0000"
"100004292","BOVA01081","2.0000","2.0000","2.0000","0.0000","0.0000"
"100004292","BOVA01080","2.0000","2.0000","2.0000","0.0000","0.0000"
"100004292","BOVE00378","1.0000","1.0000","1.0000","0.0000","0.0000"
"100004293","ME00C127","1.0000","1.0000","1.0000","0.0000","0.0000"
"100004294","BOBB00121","1.0000","1.0000","1.0000","0.0000","0.0000"
"100004295","CCS0010002","2.0000","2.0000","2.0000","0.0000","0.0000"
"100004296","BOVE00606","5.0000","0.0000","0.0000","5.0000","0.0000"
"100004297","BOVE00606","5.0000","5.0000","5.0000","0.0000","0.0000"
"100004298","BOVE00335","1.0000","1.0000","1.0000","0.0000","0.0000"
"100004299","BOVE00105","1.0000","1.0000","1.0000","0.0000","0.0000"
"100004300","BOUU00071","1.0000","1.0000","1.0000","0.0000","0.0000"
"100004301","BOVE00255","3.0000","3.0000","3.0000","0.0000","0.0000"
"100004302","ME00C127","1.0000","1.0000","1.0000","0.0000","0.0000"
"100004303","BOVE00518","1.0000","1.0000","1.0000","0.0000","0.0000"
"100004303","BOVE00526","1.0000","1.0000","1.0000","0.0000","0.0000"
"100004303","BOVE00522","1.0000","1.0000","1.0000","0.0000","0.0000"
"100004304","BOVE00585","1.0000","1.0000","1.0000","0.0000","0.0000"
"300000020","BOVE00149","1.0000","0.0000","0.0000","1.0000","0.0000"
"300000020","BOAL00662","1.0000","0.0000","0.0000","1.0000","0.0000"
"300000020","BOAL00661","1.0000","0.0000","0.0000","1.0000","0.0000"
"300000020","BOAL00663","1.0000","0.0000","0.0000","1.0000","0.0000"
"300000020","BOVE00540","1.0000","0.0000","0.0000","1.0000","0.0000"
"300000020","ME00480","1.0000","0.0000","0.0000","1.0000","0.0000"
"100004305","CCS0010013U","1.0000","1.0000","1.0000","0.0000","0.0000"
"100004306","BOVE00478","1.0000","1.0000","1.0000","0.0000","0.0000"
"100004307","BOUU00010","3.0000","3.0000","3.0000","0.0000","0.0000"
"100004308","BOVE00112","1.0000","1.0000","1.0000","0.0000","0.0000"
"100004308","BOVE00111","1.0000","1.0000","1.0000","0.0000","0.0000"
"100004308","BOVE00228","1.0000","1.0000","1.0000","0.0000","0.0000"
"100004309","ME00228","1.0000","1.0000","1.0000","0.0000","0.0000"
"100004309","ME00239","1.0000","1.0000","1.0000","0.0000","0.0000"
"100004309","BOBB00191","1.0000","1.0000","1.0000","0.0000","0.0000"
"100004309","BOBB00205","1.0000","1.0000","1.0000","0.0000","0.0000"
"100004309","ME00228","1.0000","1.0000","1.0000","0.0000","0.0000"
"100004309","ME00228","1.0000","1.0000","1.0000","0.0000","0.0000"
"100004309","ME00239","1.0000","1.0000","1.0000","0.0000","0.0000"
"100004309","ME00239","1.0000","1.0000","1.0000","0.0000","0.0000"
"100004309","BOBB00191","1.0000","1.0000","1.0000","0.0000","0.0000"
"100004309","BOBB00191","1.0000","1.0000","1.0000","0.0000","0.0000"
"100004309","BOBB00205","1.0000","1.0000","1.0000","0.0000","0.0000"
"100004310","BOVE00114","1.0000","1.0000","1.0000","0.0000","0.0000"
"100004311","BOVE00116","2.0000","2.0000","2.0000","0.0000","0.0000"
"100004311","BOVE00117","1.0000","1.0000","1.0000","0.0000","0.0000"
"100004311","BOVE00040","1.0000","1.0000","1.0000","0.0000","0.0000"
"100004312","BOVE00013","2.0000","2.0000","2.0000","0.0000","0.0000"
"100004313","ME00C127","1.0000","1.0000","1.0000","0.0000","0.0000"
"100004314","BOVE00108","1.0000","1.0000","1.0000","0.0000","0.0000"
"100004314","BOVE00040","1.0000","1.0000","1.0000","0.0000","0.0000"
"100004315","BOVE00391","2.0000","2.0000","2.0000","0.0000","0.0000"
"100004316","BOVE00202","1.0000","1.0000","1.0000","0.0000","0.0000"
"100004316","BOVE00203","1.0000","1.0000","1.0000","0.0000","0.0000"
"100004317","BOCI00583","1.0000","0.0000","0.0000","1.0000","0.0000"
"100004318","BOCI00583","1.0000","1.0000","1.0000","0.0000","0.0000"
"100004319","BET0120006-BOAL00617-BOAL00623-BOAL00625-BOAL00616-BOAL00622-BOAL00619","1.0000","1.0000","1.0000","0.0000","0.0000"
"100004319","BOAL00617","2.0000","1.0000","1.0000","0.0000","0.0000"
"100004319","BOAL00623","2.0000","1.0000","1.0000","0.0000","0.0000"
"100004319","BOAL00625","2.0000","1.0000","1.0000","0.0000","0.0000"
"100004319","BOAL00616","2.0000","1.0000","1.0000","0.0000","0.0000"
"100004319","BOAL00622","2.0000","1.0000","1.0000","0.0000","0.0000"
"100004319","BOAL00619","2.0000","1.0000","1.0000","0.0000","0.0000"
"100004320","ME00135","1.0000","1.0000","1.0000","0.0000","0.0000"
"100004320","ME00137","1.0000","1.0000","1.0000","0.0000","0.0000"
"100004321","BOVA00694","1.0000","1.0000","1.0000","0.0000","0.0000"
"100004322","BOVA00852","6.0000","6.0000","6.0000","0.0000","0.0000"
"100004323","BCO0010013-BCO0010004-BCO0010001-BCO0010002-BCO0010003","1.0000","0.0000","0.0000","1.0000","0.0000"
"100004323","BCO0010004","2.0000","0.0000","0.0000","0.0000","0.0000"
"100004323","BCO0010001","2.0000","0.0000","0.0000","0.0000","0.0000"
"100004323","BCO0010002","2.0000","0.0000","0.0000","0.0000","0.0000"
"100004323","BCO0010003","2.0000","0.0000","0.0000","0.0000","0.0000"
"100004324","BOBB00098","1.0000","1.0000","1.0000","0.0000","0.0000"
"100004325","BOAL00264","1.0000","1.0000","1.0000","0.0000","0.0000"
"100004326","BOVE00503","1.0000","1.0000","1.0000","0.0000","0.0000"
"100004327","BOVE00155","1.0000","1.0000","1.0000","0.0000","0.0000"
"100004328","BOAL01183-BOAL00327-BOAL00328-BOAL00329-BOAL00330","1.0000","1.0000","1.0000","0.0000","0.0000"
"100004328","BOAL00327","2.0000","1.0000","1.0000","0.0000","0.0000"
"100004328","BOAL00328","2.0000","1.0000","1.0000","0.0000","0.0000"
"100004328","BOAL00329","2.0000","1.0000","1.0000","0.0000","0.0000"
"100004328","BOAL00330","2.0000","1.0000","1.0000","0.0000","0.0000"
"100004329","BOAL01457-BOAL00656-BOAL00661-BOAL00662-BOAL00663","1.0000","1.0000","1.0000","0.0000","0.0000"
"100004330","BOVE00286","1.0000","1.0000","1.0000","0.0000","0.0000"
"100004331","BOVE00341","1.0000","1.0000","1.0000","0.0000","0.0000"
"100004331","BOVE00344","1.0000","1.0000","1.0000","0.0000","0.0000"
"100004332","BOVE00083","1.0000","1.0000","1.0000","0.0000","0.0000"
"100004332","BOVE00082","1.0000","1.0000","1.0000","0.0000","0.0000"
"100004332","BOVE00084","1.0000","1.0000","1.0000","0.0000","0.0000"
"100004333","ME00C127","2.0000","2.0000","2.0000","0.0000","0.0000"
"100004334","CCS0010013","3.0000","3.0000","3.0000","0.0000","0.0000"
"100004334","CCS0030005","3.0000","3.0000","3.0000","0.0000","0.0000"
"100004335","BOVE00313","7.0000","7.0000","7.0000","0.0000","0.0000"
"100004336","ME00C127","1.0000","1.0000","1.0000","0.0000","0.0000"
"100004337","BOBB00110","1.0000","1.0000","1.0000","0.0000","0.0000"
"100004338","BOBB00038","1.0000","1.0000","1.0000","0.0000","0.0000"
"100004339","BOVA00945","18.0000","18.0000","18.0000","0.0000","0.0000"
"100004340","BOAL01523-BOAL01508-BOAL01509-BOAL01507-BOAL01510","1.0000","0.0000","0.0000","1.0000","0.0000"
"100004340","BOAL01508","1.0000","0.0000","0.0000","0.0000","0.0000"
"100004340","BOAL01509","1.0000","0.0000","0.0000","0.0000","0.0000"
"100004340","BOAL01507","1.0000","0.0000","0.0000","0.0000","0.0000"
"100004340","BOAL01510","1.0000","0.0000","0.0000","0.0000","0.0000"
"100004340","BOAL01516","1.0000","0.0000","0.0000","1.0000","0.0000"
"100004340","BOAL01506","1.0000","0.0000","0.0000","1.0000","0.0000"
"100004341","BOVE00510","1.0000","1.0000","1.0000","0.0000","0.0000"
"100004342","BOVE00510","1.0000","1.0000","1.0000","0.0000","0.0000"
"100004343","CCS0010011","3.0000","3.0000","3.0000","0.0000","0.0000"
"100004344","BOVE00615","1.0000","1.0000","1.0000","0.0000","0.0000"
"100004344","LLRBUB0095","1.0000","1.0000","1.0000","0.0000","0.0000"
"100004345","BOVE00082","2.0000","2.0000","2.0000","0.0000","0.0000"
"100004346","BOAL01183-BOAL00327-BOAL00328-BOAL00329-BOAL00330","1.0000","1.0000","1.0000","0.0000","0.0000"
"100004346","BOAL00327","2.0000","1.0000","1.0000","0.0000","0.0000"
"100004346","BOAL00328","2.0000","1.0000","1.0000","0.0000","0.0000"
"100004346","BOAL00329","2.0000","1.0000","1.0000","0.0000","0.0000"
"100004346","BOAL00330","2.0000","1.0000","1.0000","0.0000","0.0000"
"100004347","BOAL01522-BOAL01508-BOAL01509-BOAL01510","1.0000","1.0000","1.0000","0.0000","0.0000"
"100004347","BOAL01508","1.0000","1.0000","1.0000","0.0000","0.0000"
"100004347","BOAL01509","1.0000","1.0000","1.0000","0.0000","0.0000"
"100004347","BOAL01510","1.0000","1.0000","1.0000","0.0000","0.0000"
"100004347","BOAL01510","1.0000","1.0000","1.0000","0.0000","0.0000"
"100004347","LLW0010003","1.0000","1.0000","1.0000","0.0000","0.0000"
"100004348","BOAL00433","1.0000","1.0000","1.0000","0.0000","0.0000"
"100004349","ME00C127","1.0000","1.0000","1.0000","0.0000","0.0000"
"100004350","BOAL01456-BOAL00656-BOAL00661-BOAL00662-BOAL00663","1.0000","1.0000","1.0000","0.0000","0.0000"
"100004350","BOAL00656","1.0000","1.0000","1.0000","0.0000","0.0000"
"100004350","BOAL00661","1.0000","1.0000","1.0000","0.0000","0.0000"
"100004350","BOAL00662","1.0000","1.0000","1.0000","0.0000","0.0000"
"100004350","BOAL00663","1.0000","1.0000","1.0000","0.0000","0.0000"
"100004351","CCS0010002","2.0000","2.0000","2.0000","0.0000","0.0000"
"100004352","BCO0010011-BCO0010004-BCO0010001-BCO0010002-BCO0010003","1.0000","1.0000","1.0000","0.0000","0.0000"
"100004352","BCO0010004","1.0000","1.0000","1.0000","0.0000","0.0000"
"100004352","BCO0010001","1.0000","1.0000","1.0000","0.0000","0.0000"
"100004352","BCO0010002","1.0000","1.0000","1.0000","0.0000","0.0000"
"100004352","BCO0010003","1.0000","1.0000","1.0000","0.0000","0.0000"
"100004353","BOVE00312","1.0000","1.0000","1.0000","0.0000","0.0000"
"100004354","BOVE00255","2.0000","2.0000","2.0000","0.0000","0.0000"
"100004354","BOVE00155","1.0000","1.0000","1.0000","0.0000","0.0000"
"100004355","ME00234","1.0000","1.0000","1.0000","0.0000","0.0000"
"100004355","ME00284-ME00283","1.0000","1.0000","1.0000","0.0000","0.0000"
"100004355","ME00283","6.0000","1.0000","1.0000","0.0000","0.0000"
"100004356","ME00C127","1.0000","1.0000","1.0000","0.0000","0.0000"
"100004357","CCS0010002","1.0000","1.0000","1.0000","0.0000","0.0000"
"100004358","BOVE00503","1.0000","1.0000","1.0000","0.0000","0.0000"
"100004359","LLRABE0017","1.0000","1.0000","1.0000","0.0000","0.0000"
"100004359","LLRABE0005","1.0000","1.0000","1.0000","0.0000","0.0000"
"100004359","BOUU00077","1.0000","1.0000","1.0000","0.0000","0.0000"
"100004359","BOVA00726","6.0000","6.0000","6.0000","0.0000","0.0000"
"100004359","BOVA01088","4.0000","4.0000","4.0000","0.0000","0.0000"
"100004360","BOAL00221","3.0000","3.0000","3.0000","0.0000","0.0000"
"100004360","BOAL01381-BOAL00210-BOAL00263-BOAL00221-BOAL00240-BOAL00189-BOAL00247-BOAL00228","3.0000","3.0000","3.0000","0.0000","0.0000"
"100004360","BOAL00210","3.0000","1.0000","1.0000","0.0000","0.0000"
"100004360","BOAL00263","3.0000","1.0000","1.0000","0.0000","0.0000"
"100004360","BOAL00221","3.0000","1.0000","1.0000","0.0000","0.0000"
"100004360","BOAL00240","3.0000","1.0000","1.0000","0.0000","0.0000"
"100004360","BOAL00189","3.0000","1.0000","1.0000","0.0000","0.0000"
"100004360","BOAL00247","3.0000","1.0000","1.0000","0.0000","0.0000"
"100004360","BOAL00228","3.0000","1.0000","1.0000","0.0000","0.0000"
"100004361","BOAL00796","1.0000","1.0000","1.0000","0.0000","0.0000"
"100004361","BOAL00795","1.0000","1.0000","1.0000","0.0000","0.0000"
"100004361","BOAL00792","2.0000","2.0000","2.0000","0.0000","0.0000"
"100004361","BOBB00025","1.0000","1.0000","1.0000","0.0000","0.0000"
"100004362","CLB0010001","3.0000","3.0000","3.0000","0.0000","0.0000"
"100004363","BOAL01183-BOAL00327-BOAL00328-BOAL00329-BOAL00330","1.0000","1.0000","1.0000","0.0000","0.0000"
"100004363","BOAL00327","2.0000","1.0000","1.0000","0.0000","0.0000"
"100004363","BOAL00328","2.0000","1.0000","1.0000","0.0000","0.0000"
"100004363","BOAL00329","2.0000","1.0000","1.0000","0.0000","0.0000"
"100004363","BOAL00330","2.0000","1.0000","1.0000","0.0000","0.0000"
"100004364","ME00296-ME00295","1.0000","1.0000","1.0000","0.0000","0.0000"
"100004364","ME00295","6.0000","1.0000","1.0000","0.0000","0.0000"
"100004365","BOAL00427","1.0000","1.0000","1.0000","0.0000","0.0000"
"100004365","BOAL00424","1.0000","1.0000","1.0000","0.0000","0.0000"
"100004366","ME00C127","2.0000","0.0000","0.0000","2.0000","0.0000"
"100004367","ME00C127","2.0000","2.0000","2.0000","0.0000","0.0000"
"100004368","BOAL00413","1.0000","1.0000","1.0000","0.0000","0.0000"
"100004368","BOAL00410","1.0000","1.0000","1.0000","0.0000","0.0000"
"100004369","ME00C127","1.0000","1.0000","1.0000","0.0000","0.0000"
"100004370","ME00C51","1.0000","1.0000","1.0000","0.0000","0.0000"
"100004371","ME00C127","1.0000","0.0000","0.0000","1.0000","0.0000"
"100004372","ME00C127","1.0000","0.0000","0.0000","1.0000","0.0000"
"100004373","ME00C127","1.0000","0.0000","0.0000","1.0000","0.0000"
"100004374","ME00C127","1.0000","1.0000","1.0000","0.0000","0.0000"
"100004375","BOAL01524C-BOAL01508-BOAL01509-BOAL01507-BOAL01510-ME00C51","1.0000","0.0000","0.0000","1.0000","0.0000"
"100004375","BOAL01508","2.0000","0.0000","0.0000","0.0000","0.0000"
"100004375","BOAL01509","2.0000","0.0000","0.0000","0.0000","0.0000"
"100004375","BOAL01507","2.0000","0.0000","0.0000","0.0000","0.0000"
"100004375","BOAL01510","2.0000","0.0000","0.0000","0.0000","0.0000"
"100004375","ME00C51","1.0000","0.0000","0.0000","0.0000","0.0000"
"100004376","BOAL01524C-BOAL01508-BOAL01509-BOAL01507-BOAL01510-ME00C51","1.0000","1.0000","1.0000","0.0000","0.0000"
"100004376","BOAL01508","2.0000","1.0000","1.0000","0.0000","0.0000"
"100004376","BOAL01509","2.0000","1.0000","1.0000","0.0000","0.0000"
"100004376","BOAL01507","2.0000","1.0000","1.0000","0.0000","0.0000"
"100004376","BOAL01510","2.0000","1.0000","1.0000","0.0000","0.0000"
"100004376","ME00C51","1.0000","1.0000","1.0000","0.0000","0.0000"
"100004377","BOVE00424","1.0000","1.0000","1.0000","0.0000","0.0000"
"100004378","ME00C127","1.0000","1.0000","1.0000","0.0000","0.0000"
"100004379","BOVA01452","12.0000","12.0000","12.0000","0.0000","0.0000"
"100004380","ME00C51","1.0000","1.0000","1.0000","0.0000","0.0000"
"100004381","BOVE00521","1.0000","1.0000","1.0000","0.0000","0.0000"
"100004382","BCO0030046-BCO0030033-BCO0030032-BCO0030034-BCO0030035","1.0000","1.0000","1.0000","0.0000","0.0000"
"100004382","BCO0030033","1.0000","1.0000","1.0000","0.0000","0.0000"
"100004382","BCO0030032","1.0000","1.0000","1.0000","0.0000","0.0000"
"100004382","BCO0030034","1.0000","1.0000","1.0000","0.0000","0.0000"
"100004382","BCO0030035","1.0000","1.0000","1.0000","0.0000","0.0000"
"100004382","BCO0030040","1.0000","1.0000","1.0000","0.0000","0.0000"
"100004382","BCO0030041","1.0000","1.0000","1.0000","0.0000","0.0000"
"100004383","CADEAU50","1.0000","0.0000","0.0000","1.0000","0.0000"
"100004384","CADEAU50","1.0000","1.0000","0.0000","0.0000","0.0000"
"100004385","BOAL01523-BOAL01508-BOAL01509-BOAL01507-BOAL01510","1.0000","1.0000","1.0000","0.0000","0.0000"
"100004385","BOAL01508","1.0000","1.0000","1.0000","0.0000","0.0000"
"100004385","BOAL01509","1.0000","1.0000","1.0000","0.0000","0.0000"
"100004385","BOAL01507","1.0000","1.0000","1.0000","0.0000","0.0000"
"100004385","BOAL01510","1.0000","1.0000","1.0000","0.0000","0.0000"
"100004385","BOBB00028","1.0000","1.0000","1.0000","0.0000","0.0000"
"100004386","BOVE00354","1.0000","1.0000","1.0000","0.0000","0.0000"
"100004386","BOBB00053","1.0000","1.0000","1.0000","0.0000","0.0000"
"100004386","BOVE00518","1.0000","1.0000","1.0000","0.0000","0.0000"
"100004386","BOVE00482","1.0000","1.0000","1.0000","0.0000","0.0000"
"100004386","BOVE00287","1.0000","1.0000","1.0000","0.0000","0.0000"
"100004387","BOBB00122","1.0000","0.0000","0.0000","1.0000","0.0000"
"100004388","BOBB00122","1.0000","0.0000","0.0000","1.0000","0.0000"
"100004389","BOBB00122","1.0000","0.0000","0.0000","1.0000","0.0000"
"100004390","BOBB00122","1.0000","0.0000","0.0000","1.0000","0.0000"
"100004391","BOBB00122","1.0000","0.0000","0.0000","1.0000","0.0000"
"100004392","BOBB00122","1.0000","1.0000","1.0000","0.0000","0.0000"
"100004393","BOBB00112","1.0000","1.0000","1.0000","0.0000","0.0000"
"100004394","LLRABE0014","2.0000","2.0000","2.0000","0.0000","0.0000"
"100004394","BOVE00395","1.0000","1.0000","1.0000","0.0000","0.0000"
"100004394","BOVE00711","2.0000","2.0000","2.0000","0.0000","0.0000"
"100004395","CCS0010012","3.0000","3.0000","3.0000","0.0000","0.0000"
"100004396","ME00C127","1.0000","0.0000","0.0000","1.0000","0.0000"
"100004397","ME00C127","1.0000","1.0000","1.0000","0.0000","0.0000"
"100004398","BOVA01296","12.0000","12.0000","12.0000","0.0000","0.0000"
"100004399","ME00C127","1.0000","1.0000","1.0000","0.0000","0.0000"
"100004400","BOVE00658","1.0000","1.0000","1.0000","0.0000","0.0000"
"100004401","BOBB00265","8.0000","8.0000","8.0000","0.0000","0.0000"
"100004402","BOAL00759","1.0000","0.0000","0.0000","1.0000","0.0000"
"100004403","BOVE00485","2.0000","2.0000","2.0000","0.0000","0.0000"
"100004404","BOBB00038","2.0000","2.0000","2.0000","0.0000","0.0000"
"100004405","BOAL00759","1.0000","1.0000","1.0000","0.0000","0.0000"
"100004406","BOAL01174-BOAL00317-BOAL00321-BOAL00323-BOAL00325","1.0000","1.0000","1.0000","0.0000","0.0000"
"100004406","BOAL00317","2.0000","1.0000","1.0000","0.0000","0.0000"
"100004406","BOAL00321","2.0000","1.0000","1.0000","0.0000","0.0000"
"100004406","BOAL00323","2.0000","1.0000","1.0000","0.0000","0.0000"
"100004406","BOAL00325","2.0000","1.0000","1.0000","0.0000","0.0000"
"100004407","BCO0040055-BCO0040049-BCO0040050-BCO0040051-BCO0040052","1.0000","1.0000","1.0000","0.0000","0.0000"
"200000024","BOVE00797-BOVE00796-BOVE00795-BOVE00794","18.0000","18.0000","18.0000","0.0000","0.0000"
"200000024","BOVE00796","18.0000","1.0000","1.0000","0.0000","0.0000"
"200000024","BOVE00795","18.0000","1.0000","1.0000","0.0000","0.0000"
"200000024","BOVE00794","18.0000","1.0000","1.0000","0.0000","0.0000"
"100004408","BOAL00920","60.0000","33.0000","33.0000","27.0000","0.0000"
"100004409","BOVE00157","1.0000","1.0000","1.0000","0.0000","0.0000"
"100004410","BOAL00701","2.0000","2.0000","2.0000","0.0000","0.0000"
"100004411","LLRABE0022","2.0000","2.0000","2.0000","0.0000","0.0000"
"100004412","CCS0010003","3.0000","0.0000","0.0000","3.0000","0.0000"
"100004413","BOAL01174-BOAL00317-BOAL00321-BOAL00323-BOAL00325","1.0000","1.0000","1.0000","0.0000","0.0000"
"100004413","BOAL00317","2.0000","1.0000","1.0000","0.0000","0.0000"
"100004413","BOAL00321","2.0000","1.0000","1.0000","0.0000","0.0000"
"100004413","BOAL00323","2.0000","1.0000","1.0000","0.0000","0.0000"
"100004413","BOAL00325","2.0000","1.0000","1.0000","0.0000","0.0000"
"100004413","BOAL00323","1.0000","1.0000","1.0000","0.0000","0.0000"
"100004414","BOVE00601","3.0000","3.0000","3.0000","0.0000","0.0000"
"100004415","ME00C127","1.0000","1.0000","1.0000","0.0000","0.0000"
"100004416","ME00183","1.0000","1.0000","1.0000","0.0000","0.0000"
"100004416","BAR0110012","1.0000","1.0000","1.0000","0.0000","0.0000"
"100004417","ME00294-ME00293","2.0000","0.0000","0.0000","2.0000","0.0000"
"100004417","ME00293","12.0000","0.0000","0.0000","0.0000","0.0000"
"100004418","BOVE00378","1.0000","1.0000","1.0000","0.0000","0.0000"
"100004418","BOVE00379","1.0000","1.0000","1.0000","0.0000","0.0000"
"100004418","BOVE00381","1.0000","1.0000","1.0000","0.0000","0.0000"
"100004419","ME00C113","1.0000","1.0000","1.0000","0.0000","0.0000"
"100004419","BOAL00210","2.0000","2.0000","2.0000","0.0000","0.0000"
"100004420","BOVE00380","1.0000","1.0000","1.0000","0.0000","0.0000"
"100004421","CCS0010003","3.0000","3.0000","3.0000","0.0000","0.0000"
"100004422","ME00C127","3.0000","3.0000","3.0000","0.0000","0.0000"
"100004423","ME00C127","1.0000","1.0000","1.0000","0.0000","0.0000"
"100004424","BOVE00584","1.0000","1.0000","1.0000","0.0000","0.0000"
"100004425","BOVE00517","3.0000","3.0000","3.0000","0.0000","0.0000"
"100004425","BOVE00537","2.0000","2.0000","2.0000","0.0000","0.0000"
"100004425","BOBB00055","1.0000","1.0000","1.0000","0.0000","0.0000"
"100004426","BOCI00405","1.0000","1.0000","1.0000","0.0000","0.0000"
"100004427","BOAL01523-BOAL01508-BOAL01509-BOAL01507-BOAL01510","1.0000","0.0000","0.0000","1.0000","0.0000"
"100004427","BOAL01508","1.0000","0.0000","0.0000","0.0000","0.0000"
"100004427","BOAL01509","1.0000","0.0000","0.0000","0.0000","0.0000"
"100004427","BOAL01507","1.0000","0.0000","0.0000","0.0000","0.0000"
"100004427","BOAL01510","1.0000","0.0000","0.0000","0.0000","0.0000"
"100004427","BOAL01516","1.0000","0.0000","0.0000","1.0000","0.0000"
"100004427","BOAL01506","1.0000","0.0000","0.0000","1.0000","0.0000"
"300000021","BOVE00149","1.0000","0.0000","0.0000","1.0000","0.0000"
"300000021","BOAL00662","1.0000","0.0000","0.0000","1.0000","0.0000"
"300000021","BOAL00661","1.0000","0.0000","0.0000","1.0000","0.0000"
"300000021","BOAL00663","1.0000","0.0000","0.0000","1.0000","0.0000"
"300000021","BOVE00540","1.0000","0.0000","0.0000","1.0000","0.0000"
"300000021","ME00480","1.0000","0.0000","0.0000","1.0000","0.0000"
"100004428","LLRBAL0076","1.0000","1.0000","1.0000","0.0000","0.0000"
"100004429","BOVA00252","1.0000","1.0000","1.0000","0.0000","0.0000"
"100004429","BOVA00481","1.0000","1.0000","1.0000","0.0000","0.0000"
"100004429","BOVA00516","1.0000","1.0000","1.0000","0.0000","0.0000"
"100004429","BOVA00533","2.0000","2.0000","2.0000","0.0000","0.0000"
"100004429","BOVA00535","1.0000","1.0000","1.0000","0.0000","0.0000"
"100004429","BOVA00585","1.0000","1.0000","1.0000","0.0000","0.0000"
"100004429","BOVA00814","1.0000","1.0000","1.0000","0.0000","0.0000"
"100004429","BOVA00823","1.0000","1.0000","1.0000","0.0000","0.0000"
"100004429","BOVA01223","1.0000","1.0000","1.0000","0.0000","0.0000"
"100004429","BOVA01224","1.0000","1.0000","1.0000","0.0000","0.0000"
"100004430","BOUU00010","3.0000","0.0000","0.0000","3.0000","0.0000"
"100004431","BOVE00113","1.0000","0.0000","0.0000","1.0000","0.0000"
"100004432","BCO0010012-BCO0010004-BCO0010001-BCO0010002","1.0000","0.0000","0.0000","1.0000","0.0000"
"100004433","BOVE00782","1.0000","1.0000","1.0000","0.0000","0.0000"
"100004434","BOVE00507","1.0000","1.0000","1.0000","0.0000","0.0000"
"100004435","BOVE00389","2.0000","2.0000","2.0000","0.0000","0.0000"
"100004436","BOAL00222","5.0000","5.0000","5.0000","0.0000","0.0000"
"100004437","BOAL00349","3.0000","0.0000","0.0000","3.0000","0.0000"
"100004438","BOAL00349","3.0000","3.0000","3.0000","0.0000","0.0000"
"100004439","BOVE00513","1.0000","1.0000","1.0000","0.0000","0.0000"
"100004440","BOVE00781","1.0000","1.0000","1.0000","0.0000","0.0000"
"100004441","BOCI00489","1.0000","1.0000","1.0000","0.0000","0.0000"
"100004442","BOAL01224-BOAL00398-BOAL00403-BOAL00404","2.0000","2.0000","2.0000","0.0000","0.0000"
"100004442","BOAL00398","2.0000","1.0000","1.0000","0.0000","0.0000"
"100004442","BOAL00403","2.0000","1.0000","1.0000","0.0000","0.0000"
"100004442","BOAL00404","2.0000","1.0000","1.0000","0.0000","0.0000"
"100004443","BOVE00307","2.0000","2.0000","2.0000","0.0000","0.0000"
"100004443","BOVE00308","2.0000","2.0000","2.0000","0.0000","0.0000"
"100004444","BOVA00424","12.0000","12.0000","12.0000","0.0000","0.0000"
"100004445","BOVE00114","3.0000","0.0000","0.0000","3.0000","0.0000"
"100004445","BOVE00452","3.0000","0.0000","0.0000","3.0000","0.0000"
"100004445","BOAL00901","1.0000","0.0000","0.0000","1.0000","0.0000"
"100004445","BOVE00297","1.0000","0.0000","0.0000","1.0000","0.0000"
"100004445","BOVE00296","3.0000","0.0000","0.0000","3.0000","0.0000"
"100004445","CBRLOR0001","3.0000","0.0000","0.0000","3.0000","0.0000"
"100004446","BOAL01516","1.0000","1.0000","1.0000","0.0000","0.0000"
"100004446","BOAL01506","1.0000","1.0000","1.0000","0.0000","0.0000"
"100004446","BOAL01523-BOAL01508-BOAL01509-BOAL01507-BOAL01510","1.0000","1.0000","1.0000","0.0000","0.0000"
"100004446","BOAL01508","1.0000","1.0000","1.0000","0.0000","0.0000"
"100004446","BOAL01509","1.0000","1.0000","1.0000","0.0000","0.0000"
"100004446","BOAL01507","1.0000","1.0000","1.0000","0.0000","0.0000"
"100004446","BOAL01510","1.0000","1.0000","1.0000","0.0000","0.0000"
"100004447","BOVE00505","1.0000","1.0000","1.0000","0.0000","0.0000"
"100004448","BOVE00379","2.0000","2.0000","2.0000","0.0000","0.0000"
"100004448","BOVE00380","1.0000","1.0000","1.0000","0.0000","0.0000"
"100004449","BOVE00764","4.0000","0.0000","0.0000","4.0000","0.0000"
"100004449","BOVE00247","2.0000","0.0000","0.0000","2.0000","0.0000"
"100004450","BOVE00764","4.0000","4.0000","4.0000","0.0000","0.0000"
"100004450","BOVE00247","2.0000","2.0000","2.0000","0.0000","2.0000"
"100004451","BOVE00114","3.0000","3.0000","3.0000","0.0000","0.0000"
"100004451","BOVE00452","3.0000","3.0000","3.0000","0.0000","0.0000"
"100004451","BOAL00901","1.0000","1.0000","1.0000","0.0000","0.0000"
"100004451","BOVE00297","1.0000","1.0000","0.0000","0.0000","1.0000"
"100004451","BOVE00296","3.0000","3.0000","3.0000","0.0000","0.0000"
"100004451","CBRLOR0001","3.0000","3.0000","3.0000","0.0000","0.0000"
"100004452","BOCI00761","10.0000","10.0000","10.0000","0.0000","0.0000"
"100004453","LLRTAH0111","1.0000","1.0000","1.0000","0.0000","0.0000"
"100004454","ME00C127","1.0000","1.0000","1.0000","0.0000","0.0000"
"100004455","BOVE00468","1.0000","1.0000","1.0000","0.0000","0.0000"
"100004455","BOVE00342","1.0000","1.0000","1.0000","0.0000","0.0000"
"100004456","BOAL00698","1.0000","1.0000","1.0000","0.0000","0.0000"
"100004456","BET0140005-BOAL00648-BOAL00651-BOAL00655-BOAL00646-BOAL00649-BOAL00652-BOAL00654","1.0000","1.0000","1.0000","0.0000","0.0000"
"100004456","BOAL00648","2.0000","1.0000","1.0000","0.0000","0.0000"
"100004456","BOAL00651","2.0000","1.0000","1.0000","0.0000","0.0000"
"100004456","BOAL00655","2.0000","1.0000","1.0000","0.0000","0.0000"
"100004456","BOAL00646","2.0000","1.0000","1.0000","0.0000","0.0000"
"100004456","BOAL00649","2.0000","1.0000","1.0000","0.0000","0.0000"
"100004456","BOAL00652","2.0000","1.0000","1.0000","0.0000","0.0000"
"100004456","BOAL00654","2.0000","1.0000","1.0000","0.0000","0.0000"
"100004457","BOVE00296","1.0000","1.0000","1.0000","0.0000","0.0000"
"100004458","BOVE00543","1.0000","1.0000","1.0000","0.0000","0.0000"
"100004459","BCO0010011-BCO0010004-BCO0010001-BCO0010002-BCO0010003","1.0000","1.0000","1.0000","0.0000","0.0000"
"100004459","BCO0010004","1.0000","1.0000","1.0000","0.0000","0.0000"
"100004459","BCO0010001","1.0000","1.0000","1.0000","0.0000","0.0000"
"100004459","BCO0010002","1.0000","1.0000","1.0000","0.0000","0.0000"
"100004459","BCO0010003","1.0000","1.0000","1.0000","0.0000","0.0000"
"100004459","BCO0010008","1.0000","1.0000","1.0000","0.0000","0.0000"
"100004460","BOVE00749","1.0000","1.0000","1.0000","0.0000","0.0000"
"100004461","BOAL01216-BOAL00388-BOAL00393-BOAL00394","1.0000","1.0000","1.0000","0.0000","0.0000"
"100004461","BOAL00388","1.0000","1.0000","1.0000","0.0000","0.0000"
"100004461","BOAL00393","1.0000","1.0000","1.0000","0.0000","0.0000"
"100004461","BOAL00394","1.0000","1.0000","1.0000","0.0000","0.0000"
"100004461","BOAL00394","4.0000","4.0000","4.0000","0.0000","0.0000"
"100004461","BOAL00396","1.0000","1.0000","1.0000","0.0000","0.0000"
"100004462","BOCI00583","1.0000","1.0000","1.0000","0.0000","0.0000"
"100004463","BET0170002-BOAL00656-BOAL00661-BOAL00663-BOAL00658-BOAL00660-BOAL00662-BOAL01503","1.0000","1.0000","1.0000","0.0000","0.0000"
"100004463","BOAL00656","2.0000","1.0000","1.0000","0.0000","0.0000"
"100004463","BOAL00661","2.0000","1.0000","1.0000","0.0000","0.0000"
"100004463","BOAL00663","2.0000","1.0000","1.0000","0.0000","0.0000"
"100004463","BOAL00658","2.0000","1.0000","1.0000","0.0000","0.0000"
"100004463","BOAL00660","2.0000","1.0000","1.0000","0.0000","0.0000"
"100004463","BOAL00662","2.0000","1.0000","1.0000","0.0000","0.0000"
"100004463","BOAL01503","2.0000","1.0000","1.0000","0.0000","0.0000"
"100004463","BOVE00386","2.0000","2.0000","2.0000","0.0000","0.0000"
"100004463","LLRSPL0101","3.0000","3.0000","3.0000","0.0000","0.0000"
"100004463","LLRSOL0031","2.0000","2.0000","2.0000","0.0000","0.0000"
"100004463","BOVE00296","2.0000","2.0000","2.0000","0.0000","0.0000"
"100004463","CBR0040001","1.0000","1.0000","1.0000","0.0000","0.0000"
"100004464","BOVE00108","2.0000","2.0000","2.0000","0.0000","0.0000"
"200000025","BOAL01243-BOAL00428-BOAL00433-BOAL00434-BOAL00436","1.0000","1.0000","1.0000","0.0000","0.0000"
"200000025","BOAL00428","1.0000","1.0000","1.0000","0.0000","0.0000"
"200000025","BOAL00433","1.0000","1.0000","1.0000","0.0000","0.0000"
"200000025","BOAL00434","1.0000","1.0000","1.0000","0.0000","0.0000"
"200000025","BOAL00436","1.0000","1.0000","1.0000","0.0000","0.0000"
"100004465","BOVE00485","4.0000","4.0000","4.0000","0.0000","0.0000"
"100004466","CCS0010001","2.0000","2.0000","2.0000","0.0000","2.0000"
"100004467","BOAL00971","1.0000","0.0000","0.0000","1.0000","0.0000"
"100004468","BOBB00038","1.0000","1.0000","1.0000","0.0000","0.0000"
"100004469","BOVE00521","5.0000","5.0000","5.0000","0.0000","3.0000"
"100004470","ME00534-ME00057-ME00058-ME00059-ME00066-ME00061-ME00062-ME00070-ME00075-ME00067-ME00073-ME00074-ME00063-ME00064-ME00065-ME00071-ME00072-ME00069","1.0000","1.0000","1.0000","0.0000","0.0000"
"100004470","ME00057","2.0000","1.0000","1.0000","0.0000","0.0000"
"100004470","ME00058","2.0000","1.0000","1.0000","0.0000","0.0000"
"100004470","ME00059","2.0000","1.0000","1.0000","0.0000","0.0000"
"100004470","ME00066","2.0000","1.0000","1.0000","0.0000","0.0000"
"100004470","ME00061","2.0000","1.0000","1.0000","0.0000","0.0000"
"100004470","ME00062","2.0000","1.0000","1.0000","0.0000","0.0000"
"100004470","ME00070","1.0000","1.0000","1.0000","0.0000","0.0000"
"100004470","ME00075","1.0000","1.0000","1.0000","0.0000","0.0000"
"100004470","ME00067","2.0000","1.0000","1.0000","0.0000","0.0000"
"100004470","ME00073","2.0000","1.0000","1.0000","0.0000","0.0000"
"100004470","ME00074","1.0000","1.0000","1.0000","0.0000","0.0000"
"100004470","ME00063","2.0000","1.0000","1.0000","0.0000","0.0000"
"100004470","ME00064","2.0000","1.0000","1.0000","0.0000","0.0000"
"100004470","ME00065","2.0000","1.0000","1.0000","0.0000","0.0000"
"100004470","ME00071","1.0000","1.0000","1.0000","0.0000","0.0000"
"100004470","ME00072","1.0000","1.0000","1.0000","0.0000","0.0000"
"100004470","ME00069","1.0000","1.0000","1.0000","0.0000","0.0000"
"100004471","CNNPLA0026","1.0000","1.0000","1.0000","0.0000","0.0000"
"100004471","CNNPLA0031","1.0000","1.0000","0.0000","0.0000","1.0000"
"100004472","BOVE00389IB","1.0000","1.0000","1.0000","0.0000","0.0000"
"100004473","CCS0010010","3.0000","3.0000","3.0000","0.0000","0.0000"
"100004473","BOVE00082","2.0000","2.0000","2.0000","0.0000","0.0000"
"100004474","BOBB00116","1.0000","1.0000","1.0000","0.0000","0.0000"
"100004475","ME00C24","1.0000","1.0000","1.0000","0.0000","0.0000"
"100004476","EME0010003","2.0000","2.0000","2.0000","0.0000","0.0000"
"100004477","CCS0010002","1.0000","1.0000","1.0000","0.0000","0.0000"
"100004477","CCS0010010","1.0000","1.0000","1.0000","0.0000","0.0000"
"100004478","BOAL01524C-BOAL01508-BOAL01509-BOAL01507-BOAL01510-ME00C51","1.0000","1.0000","1.0000","0.0000","0.0000"
"100004478","BOAL01508","2.0000","1.0000","1.0000","0.0000","0.0000"
"100004478","BOAL01509","2.0000","1.0000","1.0000","0.0000","0.0000"
"100004478","BOAL01507","2.0000","1.0000","1.0000","0.0000","0.0000"
"100004478","BOAL01510","2.0000","1.0000","1.0000","0.0000","0.0000"
"100004478","ME00C51","1.0000","1.0000","1.0000","0.0000","0.0000"
"100004479","CBR0030002","1.0000","1.0000","1.0000","0.0000","0.0000"
"100004480","BOCI00625","1.0000","1.0000","1.0000","0.0000","0.0000"
"100004481","BAM0010002","1.0000","1.0000","1.0000","0.0000","1.0000"
"100004481","BAM0010003","1.0000","1.0000","1.0000","0.0000","1.0000"
"100004481","BAM0010004","1.0000","1.0000","1.0000","0.0000","1.0000"
"100004481","ME00037","1.0000","1.0000","1.0000","0.0000","1.0000"
"100004482","CCS0010002","1.0000","1.0000","1.0000","0.0000","0.0000"
"100004483","BOVE00110","3.0000","3.0000","3.0000","0.0000","0.0000"
"100004483","BOVE00112","3.0000","3.0000","3.0000","0.0000","0.0000"
"100004484","BOVE00765","4.0000","4.0000","4.0000","0.0000","0.0000"
"100004485","BOAL01514","2.0000","2.0000","2.0000","0.0000","0.0000"
"100004485","ME00C127","1.0000","1.0000","1.0000","0.0000","0.0000"
"100004486","BET0110003-BOAL00607-BOAL00613-BOAL00615-BOAL00609","1.0000","1.0000","1.0000","0.0000","0.0000"
"100004486","BOAL00607","2.0000","1.0000","1.0000","0.0000","0.0000"
"100004486","BOAL00613","2.0000","1.0000","1.0000","0.0000","0.0000"
"100004486","BOAL00615","2.0000","1.0000","1.0000","0.0000","0.0000"
"100004486","BOAL00609","2.0000","1.0000","1.0000","0.0000","0.0000"
"100004487","ME00C127","1.0000","0.0000","0.0000","1.0000","0.0000"
"100004488","ME00C127","1.0000","0.0000","0.0000","1.0000","0.0000"
"100004489","BOAL01494-BOAL01492-BOAL00422-BOAL00424-BOAL00426","1.0000","1.0000","1.0000","0.0000","0.0000"
"100004489","BOAL01492","1.0000","1.0000","1.0000","0.0000","0.0000"
"100004489","BOAL00422","1.0000","1.0000","1.0000","0.0000","0.0000"
"100004489","BOAL00424","1.0000","1.0000","1.0000","0.0000","0.0000"
"100004489","BOAL00426","1.0000","1.0000","1.0000","0.0000","0.0000"
"100004489","BOVE00454","1.0000","1.0000","1.0000","0.0000","0.0000"
"100004490","BOVE00754","1.0000","1.0000","1.0000","0.0000","0.0000"
"100004491","BOVE00630","2.0000","2.0000","2.0000","0.0000","0.0000"
"100004492","BOAL00030","1.0000","1.0000","1.0000","0.0000","0.0000"
"100004492","BOAL00026","1.0000","1.0000","1.0000","0.0000","0.0000"
"100004492","BOAL00029","1.0000","1.0000","1.0000","0.0000","0.0000"
"100004493","LLRABE0013","1.0000","1.0000","1.0000","0.0000","0.0000"
"100004494","BOVE00108","1.0000","1.0000","1.0000","0.0000","0.0000"
"100004495","BOAL01485","1.0000","1.0000","1.0000","0.0000","0.0000"
"100004496","ME00C127","1.0000","0.0000","0.0000","1.0000","0.0000"
"100004497","ME00C127","1.0000","0.0000","0.0000","1.0000","0.0000"
"100004498","ME00C127","1.0000","1.0000","1.0000","0.0000","0.0000"
"100004499","BOVE00378","1.0000","0.0000","0.0000","1.0000","0.0000"
"100004499","BOVE00379","1.0000","0.0000","0.0000","1.0000","0.0000"
"100004499","BOVE00380","1.0000","0.0000","0.0000","1.0000","0.0000"
"100004499","BOVE00381","1.0000","0.0000","0.0000","1.0000","0.0000"
"100004500","BOVE00378","1.0000","1.0000","1.0000","0.0000","0.0000"
"100004500","BOVE00379","1.0000","1.0000","1.0000","0.0000","0.0000"
"100004500","BOVE00380","1.0000","1.0000","1.0000","0.0000","0.0000"
"100004500","BOVE00381","1.0000","1.0000","1.0000","0.0000","0.0000"
"100004501","BOVE00510","1.0000","1.0000","1.0000","0.0000","0.0000"
"100004502","BOVE00524","1.0000","1.0000","1.0000","0.0000","0.0000"
"100004503","BOVA01191","1.0000","1.0000","1.0000","0.0000","0.0000"
"100004503","BOVA01189","1.0000","1.0000","1.0000","0.0000","0.0000"
"100004503","BOVA01188","1.0000","1.0000","1.0000","0.0000","0.0000"
"100004503","BOVA01190","1.0000","1.0000","1.0000","0.0000","0.0000"
"100004504","BOVE00591","1.0000","1.0000","1.0000","0.0000","0.0000"
"100004504","BOVE00278","1.0000","1.0000","1.0000","0.0000","0.0000"
"100004505","BOAL01504-BOAL01492-BOAL00422-BOAL00424","1.0000","1.0000","1.0000","0.0000","0.0000"
"100004505","BOAL01492","1.0000","1.0000","1.0000","0.0000","0.0000"
"100004505","BOAL00422","1.0000","1.0000","1.0000","0.0000","0.0000"
"100004505","BOAL00424","1.0000","1.0000","1.0000","0.0000","0.0000"
"100004506","BOBB00098","1.0000","1.0000","1.0000","0.0000","0.0000"
"100004507","BOCI00513","1.0000","1.0000","1.0000","0.0000","0.0000"
"100004507","BOCI00512","1.0000","1.0000","1.0000","0.0000","0.0000"
"100004508","BOAL01524C-BOAL01508-BOAL01509-BOAL01507-BOAL01510-ME00C51","1.0000","1.0000","1.0000","0.0000","0.0000"
"100004508","BOAL01508","2.0000","1.0000","1.0000","0.0000","0.0000"
"100004508","BOAL01509","2.0000","1.0000","1.0000","0.0000","0.0000"
"100004508","BOAL01507","2.0000","1.0000","1.0000","0.0000","0.0000"
"100004508","BOAL01510","2.0000","1.0000","1.0000","0.0000","0.0000"
"100004508","ME00C51","1.0000","1.0000","1.0000","0.0000","0.0000"
"100004509","BOVE00521","1.0000","1.0000","1.0000","0.0000","0.0000"
"100004510","BOAL00784","20.0000","20.0000","20.0000","0.0000","0.0000"
"100004511","BOVA01528","1.0000","1.0000","1.0000","0.0000","0.0000"
"100004512","BOVE00386","2.0000","2.0000","2.0000","0.0000","0.0000"
"100004513","BOAL00397","2.0000","0.0000","0.0000","2.0000","0.0000"
"100004514","BOAL00394","2.0000","2.0000","2.0000","0.0000","0.0000"
"100004515","BOVE00040","4.0000","0.0000","0.0000","4.0000","0.0000"
"100004516","BOBB00292","1.0000","1.0000","1.0000","0.0000","0.0000"
"100004517","BOVA00865","30.0000","30.0000","30.0000","0.0000","0.0000"
"100004517","BET0110003-BOAL00607-BOAL00613-BOAL00615-BOAL00609","2.0000","2.0000","2.0000","0.0000","0.0000"
"100004517","BOAL00607","4.0000","1.0000","1.0000","0.0000","0.0000"
"100004517","BOAL00613","4.0000","1.0000","1.0000","0.0000","0.0000"
"100004517","BOAL00615","4.0000","1.0000","1.0000","0.0000","0.0000"
"100004517","BOAL00609","4.0000","1.0000","1.0000","0.0000","0.0000"
"100004517","BOVA01485","2.0000","2.0000","2.0000","0.0000","0.0000"
"100004517","CAR0070001","2.0000","2.0000","2.0000","0.0000","0.0000"
"100004518","LLRARU0100-LLRARU0100-1-LLRARU0100-2","1.0000","1.0000","1.0000","0.0000","0.0000"
"100004518","LLRARU0100-1","1.0000","1.0000","1.0000","0.0000","0.0000"
"100004518","LLRARU0100-2","1.0000","1.0000","1.0000","0.0000","0.0000"
"100004519","BOVE00278","2.0000","2.0000","2.0000","0.0000","0.0000"
"100004520","BOVE00059","1.0000","1.0000","1.0000","0.0000","0.0000"
"100004521","BOVE00359","1.0000","1.0000","1.0000","0.0000","0.0000"
"100004522","CLP0010006","1.0000","1.0000","1.0000","0.0000","0.0000"
"100004523","BOVE00469","1.0000","1.0000","1.0000","0.0000","0.0000"
"100004524","BOVE00606","1.0000","1.0000","1.0000","0.0000","0.0000"
"300000022","BOAL01262-BOAL00468-BOAL00473-BOAL00474-BOAL00476","1.0000","1.0000","1.0000","0.0000","0.0000"
"300000022","BOAL00468","2.0000","1.0000","1.0000","0.0000","0.0000"
"300000022","BOAL00473","2.0000","1.0000","1.0000","0.0000","0.0000"
"300000022","BOAL00474","2.0000","1.0000","1.0000","0.0000","0.0000"
"300000022","BOAL00476","2.0000","1.0000","1.0000","0.0000","0.0000"
"100004525","ME00C127","1.0000","1.0000","1.0000","0.0000","0.0000"
"100004526","BOVE00445","3.0000","3.0000","3.0000","0.0000","0.0000"
"100004526","BOVA01437","18.0000","18.0000","18.0000","0.0000","0.0000"
"100004526","BOAL00930","2.0000","2.0000","2.0000","0.0000","0.0000"
"100004526","BOAL00940","3.0000","3.0000","3.0000","0.0000","0.0000"
"100004526","BOAL00221","3.0000","3.0000","3.0000","0.0000","0.0000"
"100004526","BOAL00927","1.0000","1.0000","1.0000","0.0000","0.0000"
"100004527","BAR0100004","1.0000","1.0000","1.0000","0.0000","0.0000"
"100004528","BOVE00595","1.0000","1.0000","1.0000","0.0000","0.0000"
"100004528","BOVE00721","1.0000","1.0000","1.0000","0.0000","0.0000"
"100004528","BOVE00513","1.0000","1.0000","1.0000","0.0000","0.0000"
"100004528","BOVE00557","1.0000","1.0000","1.0000","0.0000","0.0000"
"100004528","BOVE00556","1.0000","1.0000","1.0000","0.0000","0.0000"
"100004529","BOVA01379","8.0000","8.0000","8.0000","0.0000","0.0000"
"100004529","BOVA01385","8.0000","8.0000","8.0000","0.0000","0.0000"
"100004530","EME0020004","1.0000","1.0000","1.0000","0.0000","0.0000"
"100004531","BOVE00112","1.0000","1.0000","1.0000","0.0000","0.0000"
"100004531","BOVE00228","1.0000","1.0000","1.0000","0.0000","0.0000"
"100004531","BOVE00284","2.0000","2.0000","2.0000","0.0000","0.0000"
"100004531","BOVE00287","2.0000","2.0000","2.0000","0.0000","0.0000"
"100004532","ME00C127","1.0000","1.0000","1.0000","0.0000","0.0000"
"100004533","BOAL01524C-BOAL01508-BOAL01509-BOAL01507-BOAL01510-ME00C51","1.0000","0.0000","0.0000","1.0000","0.0000"
"100004533","BOAL01508","2.0000","0.0000","0.0000","0.0000","0.0000"
"100004533","BOAL01509","2.0000","0.0000","0.0000","0.0000","0.0000"
"100004533","BOAL01507","2.0000","0.0000","0.0000","0.0000","0.0000"
"100004533","BOAL01510","2.0000","0.0000","0.0000","0.0000","0.0000"
"100004533","ME00C51","1.0000","0.0000","0.0000","0.0000","0.0000"
"100004534","BOAL00696","2.0000","2.0000","2.0000","0.0000","0.0000"
"100004534","BOVE00425","1.0000","1.0000","1.0000","0.0000","0.0000"
"100004534","BET0110004-BOAL00607-BOAL00613-BOAL00615-BOAL00606-BOAL00612-BOAL00614-BOAL00609","1.0000","1.0000","1.0000","0.0000","0.0000"
"100004534","BOAL00607","1.0000","1.0000","1.0000","0.0000","0.0000"
"100004534","BOAL00613","1.0000","1.0000","1.0000","0.0000","0.0000"
"100004534","BOAL00615","1.0000","1.0000","1.0000","0.0000","0.0000"
"100004534","BOAL00606","1.0000","1.0000","1.0000","0.0000","0.0000"
"100004534","BOAL00612","1.0000","1.0000","1.0000","0.0000","0.0000"
"100004534","BOAL00614","1.0000","1.0000","1.0000","0.0000","0.0000"
"100004534","BOAL00609","1.0000","1.0000","1.0000","0.0000","0.0000"
"100004534","BOVE00312","1.0000","1.0000","1.0000","0.0000","0.0000"
"100004535","BOVA00537","2.0000","2.0000","2.0000","0.0000","0.0000"
"100004536","BOAL01524-BOAL01508-BOAL01509-BOAL01507-BOAL01510","1.0000","1.0000","1.0000","0.0000","0.0000"
"100004536","BOAL01508","2.0000","1.0000","1.0000","0.0000","0.0000"
"100004536","BOAL01509","2.0000","1.0000","1.0000","0.0000","0.0000"
"100004536","BOAL01507","2.0000","1.0000","1.0000","0.0000","0.0000"
"100004536","BOAL01510","2.0000","1.0000","1.0000","0.0000","0.0000"
"100004537","BOAL01523-BOAL01508-BOAL01509-BOAL01507-BOAL01510","1.0000","1.0000","1.0000","0.0000","0.0000"
"100004537","BOAL01508","1.0000","1.0000","1.0000","0.0000","0.0000"
"100004537","BOAL01509","1.0000","1.0000","1.0000","0.0000","0.0000"
"100004537","BOAL01507","1.0000","1.0000","1.0000","0.0000","0.0000"
"100004537","BOAL01510","1.0000","1.0000","1.0000","0.0000","0.0000"
"100004537","BOCI00732","6.0000","6.0000","6.0000","0.0000","0.0000"
"100004538","CCS0010003","3.0000","3.0000","3.0000","0.0000","0.0000"
"100004538","CCS0030005","3.0000","3.0000","3.0000","0.0000","0.0000"
"100004539","BOVA00943","2.0000","2.0000","2.0000","0.0000","0.0000"
"100004539","BOVA01525","6.0000","6.0000","6.0000","0.0000","0.0000"
"100004540","BOAL00323","1.0000","0.0000","0.0000","1.0000","0.0000"
"100004541","BOAL00323","1.0000","1.0000","1.0000","0.0000","0.0000"
"100004542","BOVE00782","1.0000","1.0000","1.0000","0.0000","0.0000"
"100004543","BOVE00387","2.0000","2.0000","2.0000","0.0000","0.0000"
"100004543","BOVE00386","2.0000","2.0000","2.0000","0.0000","0.0000"
"100004544","BOVE00265","1.0000","1.0000","1.0000","0.0000","0.0000"
"100004545","BOBB00038","1.0000","1.0000","1.0000","0.0000","0.0000"
"100004546","BOAL01524C-BOAL01508-BOAL01509-BOAL01507-BOAL01510-ME00C51","1.0000","1.0000","1.0000","0.0000","0.0000"
"100004546","BOAL01508","2.0000","1.0000","1.0000","0.0000","0.0000"
"100004546","BOAL01509","2.0000","1.0000","1.0000","0.0000","0.0000"
"100004546","BOAL01507","2.0000","1.0000","1.0000","0.0000","0.0000"
"100004546","BOAL01510","2.0000","1.0000","1.0000","0.0000","0.0000"
"100004546","ME00C51","1.0000","1.0000","1.0000","0.0000","0.0000"
"100004547","BOAL00113","2.0000","2.0000","2.0000","0.0000","0.0000"
"100004547","BOAL00109","1.0000","1.0000","1.0000","0.0000","0.0000"
"100004547","BOAL00111","1.0000","1.0000","1.0000","0.0000","0.0000"
"100004548","BOAL01457-BOAL00656-BOAL00661-BOAL00662-BOAL00663","1.0000","1.0000","1.0000","0.0000","0.0000"
"100004549","BOUU00010","3.0000","0.0000","0.0000","3.0000","0.0000"
"100004550","BOUU00010","3.0000","0.0000","0.0000","3.0000","0.0000"
"100004551","BOUU00010","3.0000","0.0000","0.0000","3.0000","0.0000"
"100004552","BOUU00010","3.0000","3.0000","3.0000","0.0000","0.0000"
"100004553","ME00C127","1.0000","0.0000","0.0000","1.0000","0.0000"
"100004553","BOBB00017","1.0000","0.0000","0.0000","1.0000","0.0000"
"100004553","BOVE00111","1.0000","0.0000","0.0000","1.0000","0.0000"
"100004554","ME00C127","1.0000","1.0000","1.0000","0.0000","0.0000"
"100004554","BOBB00017","1.0000","1.0000","1.0000","0.0000","0.0000"
"100004554","BOVE00111","1.0000","1.0000","1.0000","0.0000","0.0000"
"100004555","ME00C51","1.0000","1.0000","1.0000","0.0000","0.0000"
"100004556","BOVE00116","2.0000","2.0000","2.0000","0.0000","0.0000"
"100004557","BOVE00497","1.0000","1.0000","1.0000","0.0000","0.0000"
"100004558","BNN0010001","1.0000","1.0000","1.0000","0.0000","0.0000"
"100004559","CCS0030005","1.0000","1.0000","1.0000","0.0000","0.0000"
"100004560","BOAL00914","2.0000","2.0000","2.0000","0.0000","0.0000"
"100004561","ME00C127","1.0000","1.0000","1.0000","0.0000","0.0000"
"100004562","CBRYPS0019","1.0000","1.0000","1.0000","0.0000","0.0000"
"100004563","ME00C127","1.0000","1.0000","1.0000","0.0000","1.0000"
"100004564","LLW0010003","1.0000","1.0000","1.0000","0.0000","0.0000"
"100004565","BOVE00261","5.0000","5.0000","5.0000","0.0000","0.0000"
"100004566","BOVE00425","1.0000","1.0000","1.0000","0.0000","0.0000"
"100004566","BOVE00113","1.0000","1.0000","1.0000","0.0000","0.0000"
"100004566","BOVE00224","1.0000","1.0000","1.0000","0.0000","0.0000"
"100004567","LLRBOR0118","1.0000","1.0000","1.0000","0.0000","0.0000"
"100004568","BOVE00587","1.0000","0.0000","0.0000","1.0000","0.0000"
"100004569","BOVE00654","1.0000","1.0000","1.0000","0.0000","0.0000"
"100004570","BOCI00327","12.0000","12.0000","12.0000","0.0000","0.0000"
"100004571","ME00C127","1.0000","1.0000","1.0000","0.0000","0.0000"
"100004572","BOBB00105","3.0000","3.0000","3.0000","0.0000","0.0000"
"100004572","BOBB00106","2.0000","2.0000","2.0000","0.0000","0.0000"
"100004572","BOCI00323","2.0000","2.0000","2.0000","0.0000","0.0000"
"100004573","BOVE00789","1.0000","1.0000","1.0000","0.0000","0.0000"
"100004574","BOAL01513","1.0000","1.0000","1.0000","0.0000","0.0000"
"100004574","BOAL01522-BOAL01508-BOAL01509-BOAL01510","1.0000","1.0000","1.0000","0.0000","0.0000"
"100004574","BOAL01508","1.0000","1.0000","1.0000","0.0000","0.0000"
"100004574","BOAL01509","1.0000","1.0000","1.0000","0.0000","0.0000"
"100004574","BOAL01510","1.0000","1.0000","1.0000","0.0000","0.0000"
"100004574","BOAL01511","1.0000","1.0000","1.0000","0.0000","0.0000"
"100004574","BOVE00658","1.0000","1.0000","1.0000","0.0000","0.0000"
"100004575","BOVE00313","3.0000","3.0000","3.0000","0.0000","0.0000"
"100004576","BOVE00149","2.0000","2.0000","2.0000","0.0000","0.0000"
"100004576","BOVE00147","2.0000","2.0000","2.0000","0.0000","0.0000"
"100004576","BOBB00026","1.0000","1.0000","1.0000","0.0000","0.0000"
"100004577","BOAL01185-BOAL00340-BOAL00343-BOAL00347-BOAL00349","1.0000","0.0000","0.0000","1.0000","0.0000"
"100004577","BOAL00340","1.0000","0.0000","0.0000","0.0000","0.0000"
"100004577","BOAL00343","1.0000","0.0000","0.0000","0.0000","0.0000"
"100004577","BOAL00347","1.0000","0.0000","0.0000","0.0000","0.0000"
"100004577","BOAL00349","1.0000","0.0000","0.0000","0.0000","0.0000"
"100004577","BOAL00344","1.0000","0.0000","0.0000","1.0000","0.0000"
"100004577","BOAL00342","1.0000","0.0000","0.0000","1.0000","0.0000"
"100004578","BOAL01185-BOAL00340-BOAL00343-BOAL00347-BOAL00349","1.0000","1.0000","1.0000","0.0000","0.0000"
"100004578","BOAL00340","1.0000","1.0000","1.0000","0.0000","0.0000"
"100004578","BOAL00343","1.0000","1.0000","1.0000","0.0000","0.0000"
"100004578","BOAL00347","1.0000","1.0000","1.0000","0.0000","0.0000"
"100004578","BOAL00349","1.0000","1.0000","1.0000","0.0000","0.0000"
"100004578","BOAL00344","1.0000","1.0000","1.0000","0.0000","0.0000"
"100004578","BOAL00342","1.0000","1.0000","1.0000","0.0000","0.0000"
"100004579","BOVA01199","1.0000","0.0000","0.0000","1.0000","0.0000"
"100004579","BOVA01200","1.0000","0.0000","0.0000","1.0000","0.0000"
"100004579","BOVA01201","2.0000","0.0000","0.0000","2.0000","0.0000"
"100004580","BOVA01199","1.0000","1.0000","1.0000","0.0000","0.0000"
"100004580","BOVA01200","1.0000","1.0000","1.0000","0.0000","0.0000"
"100004580","BOVA01201","2.0000","2.0000","2.0000","0.0000","0.0000"
"100004581","BOBB00133","1.0000","1.0000","1.0000","0.0000","0.0000"
"100004582","BOVE00763","1.0000","1.0000","1.0000","0.0000","0.0000"
"100004583","BOVE00492","1.0000","1.0000","1.0000","0.0000","0.0000"
"100004584","ME00C127","1.0000","1.0000","1.0000","0.0000","0.0000"
"100004585","BOVE00797-BOVE00796-BOVE00795-BOVE00794","8.0000","8.0000","8.0000","0.0000","0.0000"
"100004586","BOVE00444","1.0000","1.0000","1.0000","0.0000","0.0000"
"100004587","BOVA01192","2.0000","2.0000","2.0000","0.0000","0.0000"
"100004587","BOVA01186","4.0000","4.0000","4.0000","0.0000","0.0000"
"100004588","BOAL01186-BOAL00340-BOAL00343-BOAL00347-BOAL00349","1.0000","1.0000","1.0000","0.0000","0.0000"
"100004588","BOAL00340","2.0000","1.0000","1.0000","0.0000","0.0000"
"100004588","BOAL00343","2.0000","1.0000","1.0000","0.0000","0.0000"
"100004588","BOAL00347","2.0000","1.0000","1.0000","0.0000","0.0000"
"100004588","BOAL00349","2.0000","1.0000","1.0000","0.0000","0.0000"
"100004589","BOVE00358","1.0000","1.0000","1.0000","0.0000","0.0000"
"100004590","ME00C127","1.0000","1.0000","1.0000","0.0000","0.0000"
"100004591","CCS0010013","1.0000","1.0000","1.0000","0.0000","0.0000"
"100004604","CCS0010001","1.0000","0.0000","0.0000","1.0000","0.0000"
"100004605","BOCI00768","1.0000","1.0000","1.0000","0.0000","0.0000"
"100004606","ME00439","1.0000","0.0000","0.0000","1.0000","0.0000"
"100004607","BCO0010017-BCO0010002-BCO0010001-BCO0010003-BCO0010004-BCO0010008-BCO0010007-BCO0010006-BCO0010005-BCO0010010-BCO0010009","1.0000","1.0000","1.0000","0.0000","0.0000"
"100004607","BCO0010002","2.0000","1.0000","1.0000","0.0000","0.0000"
"100004607","BCO0010001","2.0000","1.0000","1.0000","0.0000","0.0000"
"100004607","BCO0010003","2.0000","1.0000","1.0000","0.0000","0.0000"
"100004607","BCO0010004","2.0000","1.0000","1.0000","0.0000","0.0000"
"100004607","BCO0010008","2.0000","1.0000","1.0000","0.0000","0.0000"
"100004607","BCO0010007","2.0000","1.0000","1.0000","0.0000","0.0000"
"100004607","BCO0010006","2.0000","1.0000","1.0000","0.0000","0.0000"
"100004607","BCO0010005","2.0000","1.0000","1.0000","0.0000","0.0000"
"100004607","BCO0010010","1.0000","1.0000","1.0000","0.0000","0.0000"
"100004607","BCO0010009","1.0000","1.0000","1.0000","0.0000","0.0000"
"100004608","BOVE00271","2.0000","2.0000","2.0000","0.0000","0.0000"
"100004609","BOVE00296","1.0000","1.0000","1.0000","0.0000","0.0000"
"100004609","CCS0010010","4.0000","4.0000","4.0000","0.0000","0.0000"
"100004609","CCS0010001","3.0000","3.0000","3.0000","0.0000","0.0000"
"100004610","PPABAR0001","34.0000","34.0000","34.0000","0.0000","0.0000"
"100004611","ME00C127","1.0000","1.0000","1.0000","0.0000","0.0000"
"100004612","CCS0010002","2.0000","2.0000","2.0000","0.0000","0.0000"
"100004613","CCS0010012","2.0000","2.0000","2.0000","0.0000","0.0000"
"100004613","CCS0010010","2.0000","2.0000","2.0000","0.0000","0.0000"
"100004613","CCS0010002","2.0000","2.0000","2.0000","0.0000","0.0000"
"100004614","BOVE00513","1.0000","1.0000","1.0000","0.0000","0.0000"
"100004615","BOBB00098","1.0000","1.0000","1.0000","0.0000","0.0000"
"100004616","ME00C127","1.0000","1.0000","1.0000","0.0000","0.0000"
"100004616","LLW0010003","1.0000","1.0000","1.0000","0.0000","0.0000"
"300000023","LLRBAL0077","1.0000","1.0000","1.0000","0.0000","0.0000"
"300000023","LLRBAL0078","1.0000","1.0000","1.0000","0.0000","0.0000"
"100004617","LLRGRA0052-LLRGRA0052-1-LLRGRA0052-2","1.0000","1.0000","1.0000","0.0000","0.0000"
"100004617","LLRGRA0052-1","1.0000","1.0000","1.0000","0.0000","0.0000"
"100004617","LLRGRA0052-2","1.0000","1.0000","1.0000","0.0000","0.0000"
"100004618","BET0110003-BOAL00607-BOAL00613-BOAL00615-BOAL00609","1.0000","0.0000","0.0000","1.0000","0.0000"
"100004618","BOAL00607","2.0000","0.0000","0.0000","0.0000","0.0000"
"100004618","BOAL00613","2.0000","0.0000","0.0000","0.0000","0.0000"
"100004618","BOAL00615","2.0000","0.0000","0.0000","0.0000","0.0000"
"100004618","BOAL00609","2.0000","0.0000","0.0000","0.0000","0.0000"
"100004619","BOVE00197","1.0000","1.0000","1.0000","0.0000","0.0000"
"100004619","BOVE00200","1.0000","1.0000","1.0000","0.0000","0.0000"
"100004620","VOL00065","1.0000","1.0000","1.0000","0.0000","0.0000"
"100004621","BOAL01182-BOAL00327-BOAL00328-BOAL00329-BOAL00330","2.0000","2.0000","2.0000","0.0000","0.0000"
"100004621","BOAL00327","2.0000","1.0000","1.0000","0.0000","0.0000"
"100004621","BOAL00328","2.0000","1.0000","1.0000","0.0000","0.0000"
"100004621","BOAL00329","2.0000","1.0000","1.0000","0.0000","0.0000"
"100004621","BOAL00330","2.0000","1.0000","1.0000","0.0000","0.0000"
"100004622","BET0120002-BOAL00617-BOAL00623-BOAL00625-BOAL00619","1.0000","0.0000","0.0000","1.0000","0.0000"
"100004622","BOAL00617","1.0000","0.0000","0.0000","0.0000","0.0000"
"100004622","BOAL00623","1.0000","0.0000","0.0000","0.0000","0.0000"
"100004622","BOAL00625","1.0000","0.0000","0.0000","0.0000","0.0000"
"100004622","BOAL00619","1.0000","0.0000","0.0000","0.0000","0.0000"
"100004623","BET0120002-BOAL00617-BOAL00623-BOAL00625-BOAL00619","1.0000","0.0000","0.0000","1.0000","0.0000"
"100004623","BOAL00617","1.0000","0.0000","0.0000","0.0000","0.0000"
"100004623","BOAL00623","1.0000","0.0000","0.0000","0.0000","0.0000"
"100004623","BOAL00625","1.0000","0.0000","0.0000","0.0000","0.0000"
"100004623","BOAL00619","1.0000","0.0000","0.0000","0.0000","0.0000"
"100004624","BET0120002-BOAL00617-BOAL00623-BOAL00625-BOAL00619","1.0000","0.0000","0.0000","1.0000","0.0000"
"100004624","BOAL00617","1.0000","0.0000","0.0000","0.0000","0.0000"
"100004624","BOAL00623","1.0000","0.0000","0.0000","0.0000","0.0000"
"100004624","BOAL00625","1.0000","0.0000","0.0000","0.0000","0.0000"
"100004624","BOAL00619","1.0000","0.0000","0.0000","0.0000","0.0000"
"100004625","BOVA01172","12.0000","0.0000","0.0000","12.0000","0.0000"
"100004625","BOVA01086","8.0000","0.0000","0.0000","8.0000","0.0000"
"100004626","BOVA01172","12.0000","12.0000","12.0000","0.0000","0.0000"
"100004626","BOVA01086","8.0000","8.0000","8.0000","0.0000","0.0000"
"100004627","BOVE00456","1.0000","1.0000","1.0000","0.0000","0.0000"
"100004628","BOVA01401","6.0000","6.0000","6.0000","0.0000","0.0000"
"100004629","BOVE00772","1.0000","0.0000","0.0000","1.0000","0.0000"
"100004630","BOVE00772","1.0000","1.0000","1.0000","0.0000","0.0000"
"100004631","BOAL00926","1.0000","1.0000","1.0000","0.0000","0.0000"
"100004632","ME00C127","1.0000","0.0000","0.0000","1.0000","0.0000"
"100004633","ME00C127","1.0000","1.0000","1.0000","0.0000","0.0000"
"100004634","BOVE00308","1.0000","1.0000","1.0000","0.0000","0.0000"
"100004635","CCS0030005","3.0000","3.0000","3.0000","0.0000","0.0000"
"100004635","CCS0030001","1.0000","1.0000","1.0000","0.0000","0.0000"
"100004635","BOBB00018","1.0000","1.0000","1.0000","0.0000","0.0000"
"100004635","BOVE00636","1.0000","1.0000","1.0000","0.0000","0.0000"
"100004636","CCS0010010","2.0000","2.0000","2.0000","0.0000","0.0000"
"100004636","CCS0010002","1.0000","1.0000","1.0000","0.0000","0.0000"
"100004637","BOVE00503","1.0000","1.0000","1.0000","0.0000","0.0000"
"100004638","BAM0040004","1.0000","1.0000","1.0000","0.0000","0.0000"
"300000024","BOVE00554","1.0000","1.0000","1.0000","0.0000","0.0000"
"300000024","BOVE00149","1.0000","1.0000","1.0000","0.0000","0.0000"
"300000024","BOAL00662","1.0000","1.0000","1.0000","0.0000","0.0000"
"300000024","BOAL00661","1.0000","1.0000","1.0000","0.0000","0.0000"
"300000024","BOAL00663","1.0000","1.0000","1.0000","0.0000","0.0000"
"300000024","BOVE00540","1.0000","1.0000","1.0000","0.0000","0.0000"
"300000024","ME00480","1.0000","1.0000","1.0000","0.0000","0.0000"
"300000024","BOVE00296","1.0000","1.0000","1.0000","0.0000","0.0000"
"300000024","BOVE00555","1.0000","1.0000","1.0000","0.0000","0.0000"
"100004639","CCS0010002","1.0000","1.0000","1.0000","0.0000","0.0000"
"100004639","BOVE00770","1.0000","1.0000","1.0000","0.0000","0.0000"
"300000025","BOVE00772","1.0000","1.0000","1.0000","0.0000","0.0000"
"300000025","BOVE00774","1.0000","1.0000","1.0000","0.0000","0.0000"
"300000025","BOVE00777","1.0000","1.0000","1.0000","0.0000","0.0000"
"100004640","BOAL00321","1.0000","1.0000","1.0000","0.0000","0.0000"
"100004640","BOAL00325","1.0000","1.0000","1.0000","0.0000","0.0000"
"100004640","BOAL00323","1.0000","1.0000","1.0000","0.0000","0.0000"
"100004641","CCS0010002","3.0000","3.0000","3.0000","0.0000","0.0000"
"100004642","BOVE00444","12.0000","12.0000","12.0000","0.0000","0.0000"
"100004643","BOVE00687","1.0000","1.0000","1.0000","0.0000","0.0000"
"100004644","BOAL00720","2.0000","2.0000","2.0000","0.0000","0.0000"
"100004644","BOAL00721","2.0000","2.0000","2.0000","0.0000","0.0000"
"100004644","BOAL00719","2.0000","2.0000","2.0000","0.0000","0.0000"
"100004645","ME00296-ME00295","1.0000","1.0000","1.0000","0.0000","0.0000"
"100004646","BOVE00455","1.0000","1.0000","1.0000","0.0000","0.0000"
"100004647","BOAL00938","1.0000","0.0000","0.0000","1.0000","0.0000"
"100004648","BOAL00938","1.0000","1.0000","1.0000","0.0000","0.0000"
"100004649","BOVE00485","5.0000","5.0000","5.0000","0.0000","0.0000"
"100004650","BOAL01524-BOAL01508-BOAL01509-BOAL01507-BOAL01510","1.0000","1.0000","1.0000","0.0000","0.0000"
"100004650","BOAL01508","2.0000","1.0000","1.0000","0.0000","0.0000"
"100004650","BOAL01509","2.0000","1.0000","1.0000","0.0000","0.0000"
"100004650","BOAL01507","2.0000","1.0000","1.0000","0.0000","0.0000"
"100004650","BOAL01510","2.0000","1.0000","1.0000","0.0000","0.0000"
"100004651","BOVE00792","1.0000","1.0000","1.0000","0.0000","0.0000"
"100004651","BOVE00793","1.0000","1.0000","1.0000","0.0000","0.0000"
"100004652","BOVE00485","2.0000","2.0000","2.0000","0.0000","0.0000"
"100004653","BOVE00350","1.0000","1.0000","1.0000","0.0000","0.0000"
"100004654","BET0120002-BOAL00617-BOAL00623-BOAL00625-BOAL00619","1.0000","0.0000","0.0000","1.0000","0.0000"
"100004654","BOAL00617","1.0000","0.0000","0.0000","0.0000","0.0000"
"100004654","BOAL00623","1.0000","0.0000","0.0000","0.0000","0.0000"
"100004654","BOAL00625","1.0000","0.0000","0.0000","0.0000","0.0000"
"100004654","BOAL00619","1.0000","0.0000","0.0000","0.0000","0.0000"
"100004655","BOVA01201","1.0000","1.0000","1.0000","0.0000","0.0000"
"100004655","BOVA01200","1.0000","1.0000","1.0000","0.0000","0.0000"
"100004655","BOVA01193","1.0000","1.0000","1.0000","0.0000","0.0000"
"100004655","BOVA01194","1.0000","1.0000","1.0000","0.0000","0.0000"
"100004655","BOVA01195","1.0000","1.0000","1.0000","0.0000","0.0000"
"100004655","BOVA01196","1.0000","1.0000","1.0000","0.0000","0.0000"
"100004655","BOVA01197","1.0000","1.0000","1.0000","0.0000","0.0000"
"100004655","BOVA01198","1.0000","1.0000","1.0000","0.0000","0.0000"
"100004655","BOVA01199","1.0000","1.0000","1.0000","0.0000","0.0000"
"100004656","BOVE00521","1.0000","1.0000","1.0000","0.0000","0.0000"
"100004657","BOVE00268","10.0000","10.0000","10.0000","0.0000","0.0000"
"100004657","BOVE00267","11.0000","11.0000","11.0000","0.0000","0.0000"
"100004657","BOVE00424","16.0000","16.0000","16.0000","0.0000","0.0000"
"100004658","BOVE00391","1.0000","0.0000","0.0000","1.0000","0.0000"
"100004658","BOVE00511","5.0000","0.0000","0.0000","5.0000","0.0000"
"100004658","BOCI00877LC","1.0000","0.0000","0.0000","1.0000","0.0000"
"100004658","BOBB00119","1.0000","0.0000","0.0000","1.0000","0.0000"
"100004658","BOVA01404","3.0000","0.0000","0.0000","3.0000","0.0000"
"100004658","BOVE00501","1.0000","0.0000","0.0000","1.0000","0.0000"
"100004658","BOVE00503","1.0000","0.0000","0.0000","1.0000","0.0000"
"100004658","BOBB00099","1.0000","0.0000","0.0000","1.0000","0.0000"
"100004658","BOVE00351","1.0000","0.0000","0.0000","1.0000","0.0000"
"100004658","BOVE00283","3.0000","0.0000","0.0000","3.0000","0.0000"
"100004659","LLRABE0014","2.0000","2.0000","2.0000","0.0000","0.0000"
"100004660","CBR0040001","1.0000","1.0000","1.0000","0.0000","0.0000"
"100004661","LLRGRA0051","1.0000","1.0000","1.0000","0.0000","0.0000"
"100004661","LLRGRA0052-LLRGRA0052-1-LLRGRA0052-2","1.0000","1.0000","1.0000","0.0000","0.0000"
"100004661","LLRGRA0052-1","1.0000","1.0000","1.0000","0.0000","0.0000"
"100004661","LLRGRA0052-2","1.0000","1.0000","1.0000","0.0000","0.0000"
"100004662","BOVE00043","2.0000","2.0000","2.0000","0.0000","2.0000"
"100004663","ME00C127","1.0000","1.0000","1.0000","0.0000","0.0000"
"100004663","BOVE00475","1.0000","1.0000","1.0000","0.0000","0.0000"
"100004663","BOCI00718","1.0000","1.0000","1.0000","0.0000","0.0000"
"100004664","BOVA01383","10.0000","0.0000","0.0000","10.0000","0.0000"
"100004665","BOVE00110","1.0000","1.0000","1.0000","0.0000","0.0000"
"100004666","BOVE00311","1.0000","1.0000","1.0000","0.0000","0.0000"
"100004667","BOVE00478","1.0000","1.0000","1.0000","0.0000","0.0000"
"100004668","CCS0010002","1.0000","1.0000","1.0000","0.0000","0.0000"
"100004669","BOAL01182-BOAL00327-BOAL00328-BOAL00329-BOAL00330","1.0000","1.0000","1.0000","0.0000","0.0000"
"100004669","BOAL00327","1.0000","1.0000","1.0000","0.0000","0.0000"
"100004669","BOAL00328","1.0000","1.0000","1.0000","0.0000","0.0000"
"100004669","BOAL00329","1.0000","1.0000","1.0000","0.0000","0.0000"
"100004669","BOAL00330","1.0000","1.0000","1.0000","0.0000","0.0000"
"100004670","BOAL00698","3.0000","3.0000","3.0000","0.0000","0.0000"
"100004670","BOVA01208","2.0000","2.0000","2.0000","0.0000","0.0000"
"100004670","BOVA01206","1.0000","1.0000","1.0000","0.0000","0.0000"
"100004671","ME00C127","1.0000","1.0000","1.0000","0.0000","0.0000"
"100004672","BOVE00526","1.0000","1.0000","1.0000","0.0000","0.0000"
"100004672","BOVE00377","2.0000","2.0000","2.0000","0.0000","0.0000"
"100004672","CBR0010001","2.0000","2.0000","2.0000","0.0000","0.0000"
"100004673","BOVE00278","2.0000","2.0000","2.0000","0.0000","0.0000"
"100004673","BOVE00116","2.0000","2.0000","2.0000","0.0000","0.0000"
"100004674","BOAL00454","1.0000","1.0000","1.0000","0.0000","0.0000"
"100004675","BOVA01136","1.0000","0.0000","0.0000","1.0000","0.0000"
"100004676","BOVA01136","1.0000","1.0000","1.0000","0.0000","0.0000"
"100004677","BOVE00675","1.0000","0.0000","0.0000","1.0000","0.0000"
"100004677","BOVE00678","1.0000","0.0000","0.0000","1.0000","0.0000"
"100004678","BOBB00038","1.0000","1.0000","1.0000","0.0000","0.0000"
"100004679","LLRFLE0120","2.0000","0.0000","0.0000","2.0000","0.0000"
"100004680","LLRFLE0120","2.0000","2.0000","2.0000","0.0000","0.0000"
"100004681","BOAL01174-BOAL00317-BOAL00321-BOAL00323-BOAL00325","1.0000","1.0000","1.0000","0.0000","0.0000"
"100004681","BOAL00317","2.0000","1.0000","1.0000","0.0000","0.0000"
"100004681","BOAL00321","2.0000","1.0000","1.0000","0.0000","0.0000"
"100004681","BOAL00323","2.0000","1.0000","1.0000","0.0000","0.0000"
"100004681","BOAL00325","2.0000","1.0000","1.0000","0.0000","0.0000"
"100004682","BOVE00766","1.0000","0.0000","0.0000","1.0000","0.0000"
"100004683","BOVE00766","1.0000","1.0000","1.0000","0.0000","0.0000"
"100004684","CBR0040001","1.0000","0.0000","0.0000","1.0000","0.0000"
"100004685","ME00C127","1.0000","1.0000","1.0000","0.0000","0.0000"
"100004685","BOAL00732","1.0000","1.0000","1.0000","0.0000","0.0000"
"100004685","BOCI00866","1.0000","1.0000","1.0000","0.0000","0.0000"
"100004686","BOBB00027","2.0000","2.0000","2.0000","0.0000","0.0000"
"100004686","BOBB00097","1.0000","1.0000","1.0000","0.0000","0.0000"
"100004686","BOBB00067","2.0000","2.0000","2.0000","0.0000","0.0000"
"100004686","BOBB00065","2.0000","2.0000","2.0000","0.0000","0.0000"
"100004686","BOVE00771","1.0000","1.0000","1.0000","0.0000","0.0000"
"100004686","CPEIBI0001","1.0000","1.0000","1.0000","0.0000","0.0000"
"100004686","BOBB00025","2.0000","2.0000","2.0000","0.0000","0.0000"
"100004687","BOVE00378","1.0000","1.0000","1.0000","0.0000","0.0000"
"100004687","BOVE00379","1.0000","1.0000","1.0000","0.0000","0.0000"
"100004688","BCO0040054-BCO0040049-BCO0040050-BCO0040051-BCO0040052","1.0000","1.0000","1.0000","0.0000","0.0000"
"100004688","BCO0040049","1.0000","1.0000","1.0000","0.0000","0.0000"
"100004688","BCO0040050","1.0000","1.0000","1.0000","0.0000","0.0000"
"100004688","BCO0040051","1.0000","1.0000","1.0000","0.0000","0.0000"
"100004688","BCO0040052","1.0000","1.0000","1.0000","0.0000","0.0000"
"100004689","CAR0010002","2.0000","0.0000","0.0000","2.0000","0.0000"
"100004690","BOVE00077","1.0000","1.0000","1.0000","0.0000","0.0000"
"100004691","BOVE00584","1.0000","1.0000","1.0000","0.0000","0.0000"
"100004691","BOVE00588","5.0000","5.0000","5.0000","0.0000","0.0000"
"100004691","BOAL00324","4.0000","4.0000","4.0000","0.0000","0.0000"
"100004692","CCS0010014","1.0000","1.0000","1.0000","0.0000","0.0000"
"100004693","BOAL00711","8.0000","8.0000","8.0000","0.0000","0.0000"
"100004693","BOAL00784","8.0000","8.0000","8.0000","0.0000","0.0000"
"100004693","BOAL00785","8.0000","8.0000","8.0000","0.0000","0.0000"
"100004693","BOBB00131","1.0000","1.0000","1.0000","0.0000","0.0000"
"100004693","BOBB00096","1.0000","1.0000","1.0000","0.0000","0.0000"
"100004694","LLRPER0058","1.0000","1.0000","1.0000","0.0000","0.0000"
"100004695","BOVE00114","2.0000","2.0000","2.0000","0.0000","0.0000"
"100004696","BOCI00583","1.0000","1.0000","1.0000","0.0000","0.0000"
"100004697","BOVE00503","1.0000","1.0000","1.0000","0.0000","0.0000"
"100004698","BOVE00113","1.0000","1.0000","1.0000","0.0000","0.0000"
"100004699","CCS0030005","3.0000","3.0000","3.0000","0.0000","0.0000"
"100004700","CCS0010013","3.0000","3.0000","3.0000","0.0000","0.0000"
"100004701","BOVE00007","1.0000","1.0000","1.0000","0.0000","0.0000"
"100004701","BOVE00029","1.0000","1.0000","1.0000","0.0000","0.0000"
"100004702","BOVE00419","1.0000","1.0000","1.0000","0.0000","0.0000"
"100004702","BOVA01387","1.0000","1.0000","1.0000","0.0000","0.0000"
"100004702","BOVA01375","2.0000","2.0000","2.0000","0.0000","0.0000"
"100004702","BOVA01381","1.0000","1.0000","1.0000","0.0000","0.0000"
"100004702","BOVA01393","1.0000","1.0000","1.0000","0.0000","0.0000"
"100004703","BOVE00763","1.0000","1.0000","1.0000","0.0000","0.0000"
"100004704","ME00C51","1.0000","1.0000","1.0000","0.0000","0.0000"
"100004705","BOVE00379","1.0000","1.0000","1.0000","0.0000","0.0000"
"100004705","BOVE00380","1.0000","1.0000","1.0000","0.0000","0.0000"
"100004705","BOVE00378","1.0000","1.0000","1.0000","0.0000","0.0000"
"100004705","BOVE00381","1.0000","1.0000","1.0000","0.0000","0.0000"
"100004705","BOVE00391IB","1.0000","1.0000","1.0000","0.0000","0.0000"
"100004705","BOVA01483","1.0000","1.0000","1.0000","0.0000","0.0000"
"100004706","BOAL00424","1.0000","0.0000","0.0000","1.0000","0.0000"
"100004707","BOAL00424","1.0000","1.0000","1.0000","0.0000","0.0000"
"100004708","BOCI00497","1.0000","1.0000","1.0000","0.0000","0.0000"
"100004708","BOCI00498","1.0000","1.0000","1.0000","0.0000","0.0000"
"100004709","BOCI00611","1.0000","1.0000","1.0000","0.0000","0.0000"
"100004710","CBR0010001","1.0000","0.0000","0.0000","1.0000","0.0000"
"100004711","CBR0010001","1.0000","0.0000","0.0000","1.0000","0.0000"
"100004712","BOCI00574","4.0000","0.0000","0.0000","4.0000","0.0000"
"100004713","BOCI00574","4.0000","4.0000","4.0000","0.0000","0.0000"
"100004714","BOVE00450","4.0000","4.0000","4.0000","0.0000","0.0000"
"100004715","CCS0010014","3.0000","3.0000","3.0000","0.0000","0.0000"
"100004715","CCS0010002","3.0000","3.0000","3.0000","0.0000","0.0000"
"100004716","BOUU00012","1.0000","1.0000","1.0000","0.0000","0.0000"
"100004717","BOVE00537","3.0000","3.0000","3.0000","0.0000","0.0000"
"100004717","BBR0010001","2.0000","2.0000","2.0000","0.0000","0.0000"
"100004717","BOVE00386","3.0000","3.0000","3.0000","0.0000","0.0000"
"100004717","BOBB00073","1.0000","1.0000","1.0000","0.0000","0.0000"
"100004718","BOVE00587","1.0000","0.0000","0.0000","1.0000","0.0000"
"100004719","BOVE00587","1.0000","1.0000","1.0000","0.0000","0.0000"
"100004720","LLRABE0009","2.0000","2.0000","2.0000","0.0000","0.0000"
"100004721","BOVE00503","1.0000","1.0000","1.0000","0.0000","0.0000"
"100004722","BOVE00469","1.0000","0.0000","0.0000","1.0000","0.0000"
"100004723","BOVE00469","1.0000","1.0000","1.0000","0.0000","0.0000"
"100004723","SDO0011052","1.0000","1.0000","1.0000","0.0000","0.0000"
"100004724","BOCI00787","12.0000","12.0000","12.0000","0.0000","0.0000"
"100004725","BOAL00952","1.0000","1.0000","1.0000","0.0000","0.0000"
"100004725","BOAL00959","1.0000","1.0000","1.0000","0.0000","0.0000"
"100004725","BOVA01080","1.0000","1.0000","1.0000","0.0000","0.0000"
"100004725","BOVA00866","1.0000","1.0000","1.0000","0.0000","0.0000"
"100004725","BOVA00863","1.0000","1.0000","1.0000","0.0000","0.0000"
"100004725","BOVA01083","1.0000","1.0000","1.0000","0.0000","0.0000"
"100004725","BOVA01081","1.0000","1.0000","1.0000","0.0000","0.0000"
"100004725","BOVA01293","1.0000","1.0000","1.0000","0.0000","0.0000"
"100004725","BOCI00672","1.0000","1.0000","1.0000","0.0000","0.0000"
"100004725","BOVA01200","1.0000","1.0000","1.0000","0.0000","0.0000"
"100004725","BOVA01193","1.0000","1.0000","1.0000","0.0000","0.0000"
"100004726","BOCI00583","1.0000","1.0000","1.0000","0.0000","0.0000"
"100004726","BOCI00345","3.0000","3.0000","3.0000","0.0000","0.0000"
"100004727","BCO0070011-BCO0070001-BCO0070002-BCO0070004","2.0000","2.0000","2.0000","0.0000","0.0000"
"100004727","BCO0070001","2.0000","1.0000","1.0000","0.0000","0.0000"
"100004727","BCO0070002","2.0000","1.0000","1.0000","0.0000","0.0000"
"100004727","BCO0070004","2.0000","1.0000","1.0000","0.0000","0.0000"
"100004728","BOAL01182-BOAL00327-BOAL00328-BOAL00329-BOAL00330","1.0000","0.0000","0.0000","1.0000","0.0000"
"100004728","BOAL00327","1.0000","0.0000","0.0000","0.0000","0.0000"
"100004728","BOAL00328","1.0000","0.0000","0.0000","0.0000","0.0000"
"100004728","BOAL00329","1.0000","0.0000","0.0000","0.0000","0.0000"
"100004728","BOAL00330","1.0000","0.0000","0.0000","0.0000","0.0000"
"100004729","BOAL01182-BOAL00327-BOAL00328-BOAL00329-BOAL00330","1.0000","0.0000","0.0000","1.0000","0.0000"
"100004729","BOAL00327","1.0000","0.0000","0.0000","0.0000","0.0000"
"100004729","BOAL00328","1.0000","0.0000","0.0000","0.0000","0.0000"
"100004729","BOAL00329","1.0000","0.0000","0.0000","0.0000","0.0000"
"100004729","BOAL00330","1.0000","0.0000","0.0000","0.0000","0.0000"
"100004730","BOAL01182-BOAL00327-BOAL00328-BOAL00329-BOAL00330","1.0000","0.0000","0.0000","1.0000","0.0000"
"100004730","BOAL00327","1.0000","0.0000","0.0000","0.0000","0.0000"
"100004730","BOAL00328","1.0000","0.0000","0.0000","0.0000","0.0000"
"100004730","BOAL00329","1.0000","0.0000","0.0000","0.0000","0.0000"
"100004730","BOAL00330","1.0000","0.0000","0.0000","0.0000","0.0000"
"100004731","BOAL01182-BOAL00327-BOAL00328-BOAL00329-BOAL00330","1.0000","1.0000","1.0000","0.0000","0.0000"
"100004731","BOAL00327","1.0000","1.0000","1.0000","0.0000","0.0000"
"100004731","BOAL00328","1.0000","1.0000","1.0000","0.0000","0.0000"
"100004731","BOAL00329","1.0000","1.0000","1.0000","0.0000","0.0000"
"100004731","BOAL00330","1.0000","1.0000","1.0000","0.0000","0.0000"
"100004732","BOAL00393","1.0000","1.0000","1.0000","0.0000","0.0000"
"100004732","BOAL00388","1.0000","1.0000","1.0000","0.0000","0.0000"
"100004732","BOAL00396","1.0000","1.0000","1.0000","0.0000","0.0000"
"100004732","BOAL00394","1.0000","1.0000","1.0000","0.0000","0.0000"
"100004733","BOVE00116","2.0000","2.0000","2.0000","0.0000","0.0000"
"100004734","CBR0050001","1.0000","1.0000","1.0000","0.0000","0.0000"
"100004735","BOAL01477","3.0000","3.0000","3.0000","0.0000","0.0000"
"100004736","BOVE00391","1.0000","0.0000","0.0000","1.0000","0.0000"
"100004736","BOVE00389","1.0000","0.0000","0.0000","1.0000","0.0000"
"100004737","BOVE00391","1.0000","0.0000","0.0000","1.0000","0.0000"
"100004737","BOVE00389","1.0000","0.0000","0.0000","1.0000","0.0000"
"100004738","LLRSAN0050","1.0000","1.0000","1.0000","0.0000","0.0000"
"100004738","BOVA00862","6.0000","6.0000","6.0000","0.0000","0.0000"
"100004739","BOAL01456-BOAL00656-BOAL00661-BOAL00662-BOAL00663","2.0000","2.0000","2.0000","0.0000","0.0000"
"100004739","BOAL00656","2.0000","1.0000","1.0000","0.0000","0.0000"
"100004739","BOAL00661","2.0000","1.0000","1.0000","0.0000","0.0000"
"100004739","BOAL00662","2.0000","1.0000","1.0000","0.0000","0.0000"
"100004739","BOAL00663","2.0000","1.0000","1.0000","0.0000","0.0000"
"100004740","ME00C51","1.0000","1.0000","1.0000","0.0000","0.0000"
"100004741","BOCI00588","1.0000","1.0000","1.0000","0.0000","0.0000"
"100004742","BOVE00308","1.0000","1.0000","1.0000","0.0000","0.0000"
"100004743","BOVE00094","1.0000","1.0000","1.0000","0.0000","0.0000"
"100004743","BOVE00092","2.0000","2.0000","2.0000","0.0000","0.0000"
"100004744","BOVE00687","1.0000","1.0000","1.0000","0.0000","0.0000"
"100004745","ME00C127","1.0000","1.0000","1.0000","0.0000","0.0000"
"100004746","BOAL01494-BOAL01492-BOAL00422-BOAL00424-BOAL00426","1.0000","1.0000","1.0000","0.0000","0.0000"
"100004746","BOAL01492","1.0000","1.0000","1.0000","0.0000","0.0000"
"100004746","BOAL00422","1.0000","1.0000","1.0000","0.0000","0.0000"
"100004746","BOAL00424","1.0000","1.0000","1.0000","0.0000","0.0000"
"100004746","BOAL00426","1.0000","1.0000","1.0000","0.0000","0.0000"
"100004747","BOVA01363","1.0000","1.0000","1.0000","0.0000","0.0000"
"100004748","ME00C127","1.0000","1.0000","1.0000","0.0000","0.0000"
"100004749","BOVE00113","3.0000","3.0000","3.0000","0.0000","0.0000"
"100004750","ME00C127","5.0000","5.0000","5.0000","0.0000","0.0000"
"100004751","BOAL01270-BOAL00478-BOAL00482-BOAL00484-BOAL00486","1.0000","1.0000","1.0000","0.0000","0.0000"
"100004751","BOAL00478","1.0000","1.0000","1.0000","0.0000","0.0000"
"100004751","BOAL00482","1.0000","1.0000","1.0000","0.0000","0.0000"
"100004751","BOAL00484","1.0000","1.0000","1.0000","0.0000","0.0000"
"100004751","BOAL00486","1.0000","1.0000","1.0000","0.0000","0.0000"
"100004752","BOVE00772","2.0000","2.0000","2.0000","0.0000","0.0000"
"100004753","CCS0010015","1.0000","1.0000","1.0000","0.0000","0.0000"
"100004753","CCS0010012","1.0000","1.0000","1.0000","0.0000","0.0000"
"100004754","BOVE00468","1.0000","1.0000","1.0000","0.0000","0.0000"
"100004755","BOBB00038","1.0000","1.0000","1.0000","0.0000","0.0000"
"100004756","BET0120001-BOAL00617-BOAL00623-BOAL00619","1.0000","1.0000","1.0000","0.0000","0.0000"
"100004756","BOAL00617","1.0000","1.0000","1.0000","0.0000","0.0000"
"100004756","BOAL00623","1.0000","1.0000","1.0000","0.0000","0.0000"
"100004756","BOAL00619","1.0000","1.0000","1.0000","0.0000","0.0000"
"100004757","BOAL01176-BOAL00317-BOAL00321-BOAL00323-BOAL00325-BOAL00319-BOAL00322-BOAL00324-BOAL00318-BOAL00320","1.0000","1.0000","1.0000","0.0000","0.0000"
"100004757","BOAL00317","1.0000","1.0000","1.0000","0.0000","0.0000"
"100004757","BOAL00321","1.0000","1.0000","1.0000","0.0000","0.0000"
"100004757","BOAL00323","1.0000","1.0000","1.0000","0.0000","0.0000"
"100004757","BOAL00325","1.0000","1.0000","1.0000","0.0000","0.0000"
"100004757","BOAL00319","1.0000","1.0000","1.0000","0.0000","0.0000"
"100004757","BOAL00322","1.0000","1.0000","1.0000","0.0000","0.0000"
"100004757","BOAL00324","1.0000","1.0000","1.0000","0.0000","0.0000"
"100004757","BOAL00318","1.0000","1.0000","1.0000","0.0000","0.0000"
"100004757","BOAL00320","1.0000","1.0000","1.0000","0.0000","0.0000"
"100004758","BOCI00777","1.0000","1.0000","1.0000","0.0000","0.0000"
"100004759","CCS0010015","2.0000","2.0000","2.0000","0.0000","0.0000"
"100004760","BOVE00443","1.0000","1.0000","1.0000","0.0000","0.0000"
"100004760","PPABAR0002","1.0000","1.0000","1.0000","0.0000","0.0000"
"100004760","SDO0011059","1.0000","1.0000","1.0000","0.0000","0.0000"
"100004761","ME00C51","1.0000","1.0000","1.0000","0.0000","0.0000"
"100004762","BOVE00591","2.0000","2.0000","2.0000","0.0000","0.0000"
"100004762","BOBB00038","10.0000","10.0000","10.0000","0.0000","0.0000"
"100004762","BOBB00032","10.0000","10.0000","10.0000","0.0000","0.0000"
"100004762","BOBB00045","10.0000","10.0000","10.0000","0.0000","0.0000"
"100004762","BOAL00720","6.0000","6.0000","6.0000","0.0000","0.0000"
"100004762","BOAL00714","10.0000","10.0000","10.0000","0.0000","0.0000"
"100004762","BOBB00238","2.0000","2.0000","2.0000","0.0000","0.0000"
"100004762","BOBB00048","2.0000","2.0000","2.0000","0.0000","0.0000"
"100004763","BOAL00712","20.0000","20.0000","20.0000","0.0000","0.0000"
"100004764","LLRBOC0081","1.0000","1.0000","1.0000","0.0000","0.0000"
"100004764","LLRBOC0083","1.0000","1.0000","1.0000","0.0000","0.0000"
"100004765","BOVE00114","7.0000","7.0000","7.0000","0.0000","0.0000"
"100004766","BOAL01183-BOAL00327-BOAL00328-BOAL00329-BOAL00330","1.0000","1.0000","1.0000","0.0000","0.0000"
"100004766","BOAL00327","2.0000","1.0000","1.0000","0.0000","0.0000"
"100004766","BOAL00328","2.0000","1.0000","1.0000","0.0000","0.0000"
"100004766","BOAL00329","2.0000","1.0000","1.0000","0.0000","0.0000"
"100004766","BOAL00330","2.0000","1.0000","1.0000","0.0000","0.0000"
"100004767","CLRCRA0002","1.0000","1.0000","1.0000","0.0000","0.0000"
"100004768","BOVE00012","1.0000","1.0000","1.0000","0.0000","0.0000"
"100004769","BOVE00170","1.0000","1.0000","1.0000","0.0000","0.0000"
"100004770","BOBB00033","1.0000","1.0000","1.0000","0.0000","0.0000"
"100004771","BOVE00512","1.0000","1.0000","1.0000","0.0000","0.0000"
"100004772","BOVA01083","1.0000","1.0000","1.0000","0.0000","0.0000"
"100004773","ME00C127","2.0000","2.0000","2.0000","0.0000","2.0000"
"100004774","BOBB00238","1.0000","1.0000","1.0000","0.0000","0.0000"
"100004775","ME00C24","1.0000","1.0000","1.0000","0.0000","0.0000"
"100004776","PPABAR0003","20.0000","20.0000","20.0000","0.0000","0.0000"
"100004777","BOVE00619","1.0000","0.0000","0.0000","1.0000","0.0000"
"100004778","BOVE00619","1.0000","1.0000","1.0000","0.0000","0.0000"
"100004779","BOBB00270","1.0000","1.0000","1.0000","0.0000","0.0000"
"100004780","BOVE00556","2.0000","2.0000","2.0000","0.0000","0.0000"
"100004781","BOVE00393","1.0000","1.0000","1.0000","0.0000","0.0000"
"100004782","BOVE00311","1.0000","1.0000","1.0000","0.0000","0.0000"
"100004783","BOVE00790","1.0000","1.0000","1.0000","0.0000","0.0000"
"100004783","BOVE00512","1.0000","1.0000","1.0000","0.0000","0.0000"
"100004783","BOAL01503","1.0000","1.0000","1.0000","0.0000","0.0000"
"100004783","BOBB00091","1.0000","1.0000","1.0000","0.0000","0.0000"
"100004784","BOVE00761","1.0000","1.0000","1.0000","0.0000","1.0000"
"100004785","BOVE00344","1.0000","1.0000","1.0000","0.0000","0.0000"
"100004786","LLRBAL0076","2.0000","2.0000","2.0000","0.0000","0.0000"
"100004787","BOVE00309","1.0000","1.0000","1.0000","0.0000","0.0000"
"100004787","BBR0010002","1.0000","1.0000","1.0000","0.0000","0.0000"
"100004787","LLRMIS0093","1.0000","1.0000","1.0000","0.0000","0.0000"
"100004788","BOVE00503","1.0000","1.0000","1.0000","0.0000","0.0000"
"100004789","LLRGRA0051","1.0000","0.0000","0.0000","1.0000","0.0000"
"100004790","CBR0010001","1.0000","1.0000","1.0000","0.0000","0.0000"
"100004790","CAR0070001","1.0000","1.0000","1.0000","0.0000","0.0000"
"100004791","BOCI00583","1.0000","1.0000","1.0000","0.0000","0.0000"
"100004792","ME00C127","1.0000","1.0000","1.0000","0.0000","0.0000"
"100004793","BOAL01226-BOAL00398-BOAL00403-BOAL00404-BOAL00406","1.0000","1.0000","1.0000","0.0000","0.0000"
"100004793","BOAL00398","2.0000","1.0000","1.0000","0.0000","0.0000"
"100004793","BOAL00403","2.0000","1.0000","1.0000","0.0000","0.0000"
"100004793","BOAL00404","2.0000","1.0000","1.0000","0.0000","0.0000"
"100004793","BOAL00406","2.0000","1.0000","1.0000","0.0000","0.0000"
"100004794","BOCI00583","1.0000","1.0000","1.0000","0.0000","0.0000"
"100004794","BOVE00174","1.0000","1.0000","1.0000","0.0000","0.0000"
"100004794","ME00238","1.0000","1.0000","1.0000","0.0000","0.0000"
"100004795","ME00C127","1.0000","1.0000","1.0000","0.0000","0.0000"
"100004795","ME00187","1.0000","1.0000","1.0000","0.0000","0.0000"
"100004796","LLRVEN0088","1.0000","1.0000","1.0000","0.0000","0.0000"
"100004797","BOAL01186-BOAL00340-BOAL00343-BOAL00347-BOAL00349","1.0000","0.0000","0.0000","1.0000","0.0000"
"100004797","BOAL00340","2.0000","0.0000","0.0000","0.0000","0.0000"
"100004797","BOAL00343","2.0000","0.0000","0.0000","0.0000","0.0000"
"100004797","BOAL00347","2.0000","0.0000","0.0000","0.0000","0.0000"
"100004797","BOAL00349","2.0000","0.0000","0.0000","0.0000","0.0000"
"100004797","BOAL00198","2.0000","0.0000","0.0000","2.0000","0.0000"
"100004798","BOAL01186-BOAL00340-BOAL00343-BOAL00347-BOAL00349","1.0000","1.0000","1.0000","0.0000","0.0000"
"100004798","BOAL00340","2.0000","1.0000","1.0000","0.0000","0.0000"
"100004798","BOAL00343","2.0000","1.0000","1.0000","0.0000","0.0000"
"100004798","BOAL00347","2.0000","1.0000","1.0000","0.0000","0.0000"
"100004798","BOAL00349","2.0000","1.0000","1.0000","0.0000","0.0000"
"100004798","BOAL00198","2.0000","2.0000","2.0000","0.0000","0.0000"
"100004799","BOVE00117","2.0000","2.0000","2.0000","0.0000","0.0000"
"100004800","BOAL01181-BOAL00327-BOAL00328-BOAL00329","1.0000","0.0000","0.0000","1.0000","0.0000"
"100004800","BOAL00327","1.0000","0.0000","0.0000","0.0000","0.0000"
"100004800","BOAL00328","1.0000","0.0000","0.0000","0.0000","0.0000"
"100004800","BOAL00329","1.0000","0.0000","0.0000","0.0000","0.0000"
"100004801","BOAL01181-BOAL00327-BOAL00328-BOAL00329","1.0000","1.0000","1.0000","0.0000","0.0000"
"100004801","BOAL00327","1.0000","1.0000","1.0000","0.0000","0.0000"
"100004801","BOAL00328","1.0000","1.0000","1.0000","0.0000","0.0000"
"100004801","BOAL00329","1.0000","1.0000","1.0000","0.0000","0.0000"
"100004802","BOCI00589","1.0000","1.0000","1.0000","0.0000","0.0000"
"100004803","BOVE00520","1.0000","1.0000","1.0000","0.0000","0.0000"
"100004804","CBRBAV0001","2.0000","2.0000","2.0000","0.0000","0.0000"
"100004805","BOAL01524-BOAL01508-BOAL01509-BOAL01507-BOAL01510","1.0000","1.0000","1.0000","0.0000","0.0000"
"100004805","BOAL01508","2.0000","1.0000","1.0000","0.0000","0.0000"
"100004805","BOAL01509","2.0000","1.0000","1.0000","0.0000","0.0000"
"100004805","BOAL01507","2.0000","1.0000","1.0000","0.0000","0.0000"
"100004805","BOAL01510","2.0000","1.0000","1.0000","0.0000","0.0000"
"100004806","BOVE00615","1.0000","1.0000","1.0000","0.0000","0.0000"
"100004807","BOAL00759","8.0000","8.0000","8.0000","0.0000","0.0000"
"100004807","BOCI00623","1.0000","1.0000","1.0000","0.0000","0.0000"
"300000026","BOVE00026","1.0000","1.0000","1.0000","0.0000","0.0000"
"100004808","BOVE00393","1.0000","1.0000","1.0000","0.0000","0.0000"
"100004809","BOVE00034","2.0000","2.0000","2.0000","0.0000","0.0000"
"100004809","BOVE00478","2.0000","2.0000","2.0000","0.0000","0.0000"
"100004810","BOVA01291","1.0000","1.0000","1.0000","0.0000","0.0000"
"100004810","BOCI00745","1.0000","1.0000","1.0000","0.0000","0.0000"
"100004811","CCS0030005","1.0000","1.0000","1.0000","0.0000","0.0000"
"100004811","CCS0010003","1.0000","1.0000","1.0000","0.0000","0.0000"
"100004812","BOVE00626","2.0000","2.0000","2.0000","0.0000","0.0000"
"100004813","BOVE00503","1.0000","1.0000","1.0000","0.0000","0.0000"
"100004814","ME00183","1.0000","1.0000","1.0000","0.0000","0.0000"
"100004815","BOVE00445","1.0000","1.0000","1.0000","0.0000","1.0000"
"100004815","BOVE00450","2.0000","2.0000","2.0000","0.0000","2.0000"
"100004816","BOVE00359","1.0000","1.0000","1.0000","0.0000","0.0000"
"100004817","LLRVEN0089","2.0000","2.0000","2.0000","0.0000","0.0000"
"100004818","BOBB00270","1.0000","1.0000","1.0000","0.0000","0.0000"
"100004819","BOVA01273","2.0000","0.0000","0.0000","2.0000","0.0000"
"100004820","BOVE00094","1.0000","0.0000","0.0000","1.0000","0.0000"
"100004821","BOVE00094","1.0000","1.0000","1.0000","0.0000","0.0000"
"100004822","BOBB00122","1.0000","1.0000","1.0000","0.0000","0.0000"
"100004822","BOVE00513","1.0000","1.0000","1.0000","0.0000","0.0000"
"100004823","BOVE00792","2.0000","2.0000","2.0000","0.0000","0.0000"
"100004823","BOVE00791","3.0000","3.0000","3.0000","0.0000","0.0000"
"100004823","LLW0010002","2.0000","2.0000","2.0000","0.0000","0.0000"
"100004823","BOVE00646","1.0000","1.0000","1.0000","0.0000","0.0000"
"100004824","BOBB00038","5.0000","5.0000","5.0000","0.0000","0.0000"
"100004825","ME00C127","1.0000","1.0000","1.0000","0.0000","0.0000"
"100004826","BOVE00607","4.0000","4.0000","4.0000","0.0000","0.0000"
"100004827","BOVE00540","1.0000","1.0000","1.0000","0.0000","0.0000"
"100004828","BOBB00025","1.0000","1.0000","1.0000","0.0000","0.0000"
"100004829","BOVE00469","1.0000","1.0000","1.0000","0.0000","0.0000"
"100004830","KRIS00001","1.0000","1.0000","1.0000","0.0000","0.0000"
"100004831","CCS0010009","2.0000","2.0000","2.0000","0.0000","0.0000"
"100004831","BOVE00391IB","5.0000","5.0000","5.0000","0.0000","0.0000"
"100004832","BOVE00447","1.0000","1.0000","1.0000","0.0000","0.0000"
"100004832","BOVE00537","1.0000","1.0000","1.0000","0.0000","0.0000"
"100004832","CBR0050001","1.0000","1.0000","1.0000","0.0000","0.0000"
"100004833","BOAL01183-BOAL00327-BOAL00328-BOAL00329-BOAL00330","1.0000","1.0000","1.0000","0.0000","0.0000"
"100004833","BOAL00327","2.0000","1.0000","1.0000","0.0000","0.0000"
"100004833","BOAL00328","2.0000","1.0000","1.0000","0.0000","0.0000"
"100004833","BOAL00329","2.0000","1.0000","1.0000","0.0000","0.0000"
"100004833","BOAL00330","2.0000","1.0000","1.0000","0.0000","0.0000"
"100004833","BOAL00329","1.0000","1.0000","1.0000","0.0000","0.0000"
"100004833","BOCI00572","1.0000","1.0000","1.0000","0.0000","0.0000"
"100004833","BOCI00778","1.0000","1.0000","1.0000","0.0000","0.0000"
"100004834","BOAL00330","1.0000","1.0000","1.0000","0.0000","0.0000"
"100004835","CNN0050002","4.0000","4.0000","4.0000","0.0000","4.0000"
"100004836","BOVE00109","4.0000","4.0000","4.0000","0.0000","0.0000"
"100004837","BOAL01174C-BOAL00317-BOAL00321-BOAL00323-BOAL00325-ME00C51","1.0000","1.0000","1.0000","0.0000","0.0000"
"100004837","BOAL00317","2.0000","1.0000","1.0000","0.0000","0.0000"
"100004837","BOAL00321","2.0000","1.0000","1.0000","0.0000","0.0000"
"100004837","BOAL00323","2.0000","1.0000","1.0000","0.0000","0.0000"
"100004837","BOAL00325","2.0000","1.0000","1.0000","0.0000","0.0000"
"100004837","ME00C51","1.0000","1.0000","1.0000","0.0000","0.0000"
"100004838","ME00261","8.0000","8.0000","8.0000","0.0000","0.0000"
"100004838","BOVA01455","3.0000","3.0000","3.0000","0.0000","0.0000"
"100004838","ME00251","1.0000","1.0000","1.0000","0.0000","0.0000"
"100004838","ME00185","3.0000","3.0000","3.0000","0.0000","0.0000"
"100004838","ME00163","1.0000","1.0000","1.0000","0.0000","0.0000"
"100004838","ME00174","2.0000","2.0000","2.0000","0.0000","0.0000"
"100004838","ME00152","4.0000","4.0000","4.0000","0.0000","0.0000"
"100004839","BOVE00547","1.0000","1.0000","1.0000","0.0000","0.0000"
"100004840","BOVE00767","1.0000","1.0000","1.0000","0.0000","0.0000"
"100004841","BOVE00313","4.0000","4.0000","4.0000","0.0000","0.0000"
"100004842","BOVE00073","1.0000","1.0000","1.0000","0.0000","1.0000"
"100004842","BOVE00113","1.0000","1.0000","1.0000","0.0000","0.0000"
"100004843","BOVE00196","2.0000","2.0000","2.0000","0.0000","0.0000"
"100004844","BOVE00774","2.0000","2.0000","2.0000","0.0000","0.0000"
"100004845","BOAL00766","4.0000","0.0000","0.0000","4.0000","0.0000"
"100004845","BOAL00765","2.0000","0.0000","0.0000","2.0000","0.0000"
"100004846","BOVE00540","2.0000","2.0000","2.0000","0.0000","0.0000"
"100004846","BOVE00547","2.0000","2.0000","2.0000","0.0000","0.0000"
"100004846","CAR0010002","2.0000","2.0000","2.0000","0.0000","0.0000"
"100004846","BOVE00520","2.0000","2.0000","2.0000","0.0000","0.0000"
"100004847","BOAL01173-BOAL00317-BOAL00321-BOAL00323-BOAL00325","1.0000","0.0000","0.0000","1.0000","0.0000"
"100004847","BOAL01173-BOAL00317-BOAL00321-BOAL00323-BOAL00325","1.0000","0.0000","0.0000","1.0000","0.0000"
"100004847","BOAL00317","1.0000","0.0000","0.0000","0.0000","0.0000"
"100004847","BOAL00321","1.0000","0.0000","0.0000","0.0000","0.0000"
"100004847","BOAL00323","1.0000","0.0000","0.0000","0.0000","0.0000"
"100004847","BOAL00325","1.0000","0.0000","0.0000","0.0000","0.0000"
"100004848","CNNPOT0002","3.0000","3.0000","3.0000","0.0000","0.0000"
"100004848","BOAL00763","1.0000","1.0000","1.0000","0.0000","0.0000"
"300000027","BOBB00198","3.0000","0.0000","0.0000","3.0000","0.0000"
"300000027","ME00136","1.0000","0.0000","0.0000","1.0000","0.0000"
"300000027","ME00248","5.0000","0.0000","0.0000","5.0000","0.0000"
"300000027","BA00003","5.0000","0.0000","0.0000","5.0000","0.0000"
"100004849","BOVE00278","1.0000","1.0000","1.0000","0.0000","0.0000"
"300000028","BOBB00198","3.0000","0.0000","0.0000","3.0000","0.0000"
"300000028","ME00136","1.0000","0.0000","0.0000","1.0000","0.0000"
"300000028","ME00248","5.0000","0.0000","0.0000","5.0000","0.0000"
"300000028","BA00003","5.0000","0.0000","0.0000","5.0000","0.0000"
"300000029","BOBB00198","3.0000","0.0000","0.0000","3.0000","0.0000"
"300000029","ME00136","1.0000","0.0000","0.0000","1.0000","0.0000"
"300000029","ME00248","5.0000","0.0000","0.0000","5.0000","0.0000"
"300000029","BA00003","5.0000","0.0000","0.0000","5.0000","0.0000"
"300000030","BOVA01473","2.0000","0.0000","0.0000","2.0000","0.0000"
"300000030","BOVA01501","2.0000","0.0000","0.0000","2.0000","0.0000"
"300000031","BOVA01473","2.0000","0.0000","0.0000","2.0000","0.0000"
"300000031","BOVA01501","2.0000","0.0000","0.0000","2.0000","0.0000"
"300000032","CADEAU150","1.0000","0.0000","0.0000","1.0000","0.0000"
"100004850","BOBB00084","1.0000","1.0000","1.0000","0.0000","0.0000"
"100004851","BOVE00111","1.0000","1.0000","1.0000","0.0000","0.0000"
"100004851","BOVE00228","1.0000","1.0000","1.0000","0.0000","0.0000"
"100004852","BOVE00312","1.0000","1.0000","1.0000","0.0000","0.0000"
"200000026","BOVE00624","2.0000","2.0000","2.0000","0.0000","0.0000"
"100004853","ME00C113","1.0000","0.0000","0.0000","1.0000","0.0000"
"100004854","ME00C113","1.0000","1.0000","1.0000","0.0000","0.0000"
"100004855","BOVE00443","1.0000","1.0000","1.0000","0.0000","0.0000"
"100004856","BOCI00588","1.0000","1.0000","1.0000","0.0000","0.0000"
"100004856","BOVE00034","4.0000","4.0000","4.0000","0.0000","0.0000"
"100004857","LLRLYO0042","4.0000","0.0000","0.0000","4.0000","0.0000"
"100004857","BOBB00116","1.0000","0.0000","0.0000","1.0000","0.0000"
"100004857","BA00046","1.0000","0.0000","0.0000","1.0000","0.0000"
"100004858","LLRLYO0042","4.0000","4.0000","4.0000","0.0000","0.0000"
"100004858","BOBB00116","1.0000","1.0000","1.0000","0.0000","0.0000"
"100004858","BA00046","1.0000","1.0000","1.0000","0.0000","0.0000"
"100004859","BOCI00502","2.0000","2.0000","2.0000","0.0000","0.0000"
"100004860","CLB0010001","1.0000","1.0000","1.0000","0.0000","0.0000"
"100004861","BOAL00777","9.0000","9.0000","9.0000","0.0000","0.0000"
"100004862","CCS0010002","2.0000","2.0000","2.0000","0.0000","0.0000"
"100004862","CCS0010011","2.0000","2.0000","2.0000","0.0000","0.0000"
"100004862","CCS0010013","2.0000","2.0000","2.0000","0.0000","0.0000"
"100004862","BOBB00039","1.0000","1.0000","1.0000","0.0000","0.0000"
"100004863","CAR0070001","1.0000","1.0000","1.0000","0.0000","0.0000"
"100004864","VOL00085","1.0000","1.0000","1.0000","0.0000","0.0000"
"100004865","BOVE00455","1.0000","1.0000","1.0000","0.0000","0.0000"
"100004866","BOVE00389IB","6.0000","6.0000","6.0000","0.0000","0.0000"
"100004867","LLRPER0061","1.0000","1.0000","1.0000","0.0000","0.0000"
"100004867","LLRCOT0080","1.0000","1.0000","1.0000","0.0000","0.0000"
"100004868","BOVE00379","20.0000","20.0000","20.0000","0.0000","0.0000"
"100004868","BOVE00381","20.0000","20.0000","20.0000","0.0000","0.0000"
"100004869","BOCI00636","1.0000","1.0000","1.0000","0.0000","0.0000"
"100004870","ME00441","1.0000","1.0000","1.0000","0.0000","0.0000"
"100004870","BOVE00312","2.0000","2.0000","2.0000","0.0000","0.0000"
"100004871","BOVE00308","1.0000","1.0000","1.0000","0.0000","0.0000"
"300000033","BOVA01445","1.0000","0.0000","0.0000","1.0000","0.0000"
"300000033","BOVA01439","1.0000","0.0000","0.0000","1.0000","0.0000"
"300000033","BOAL00746","3.0000","0.0000","0.0000","3.0000","0.0000"
"300000033","BOVA01456","1.0000","0.0000","0.0000","1.0000","0.0000"
"300000034","BOVE00631","1.0000","0.0000","0.0000","1.0000","0.0000"
"300000034","ME00C127","1.0000","0.0000","0.0000","1.0000","0.0000"
"300000035","ME00216","1.0000","0.0000","0.0000","1.0000","0.0000"
"300000035","ME00134","1.0000","0.0000","0.0000","1.0000","0.0000"
"100004872","ME00568","1.0000","1.0000","1.0000","0.0000","0.0000"
"300000036","EME0010003","3.0000","0.0000","0.0000","3.0000","0.0000"
"300000036","BOVE00730","5.0000","0.0000","0.0000","5.0000","0.0000"
"300000036","BOVE00378","1.0000","0.0000","0.0000","1.0000","0.0000"
"300000036","BOBB00053","1.0000","0.0000","0.0000","1.0000","0.0000"
"300000036","BOVA00731","3.0000","0.0000","0.0000","3.0000","0.0000"
"300000036","BOVA01119","3.0000","0.0000","0.0000","3.0000","0.0000"
"300000036","BOVE00445","1.0000","0.0000","0.0000","1.0000","0.0000"
"100004873","BOAL01503","4.0000","0.0000","0.0000","4.0000","0.0000"
"100004873","BOVE00556","1.0000","0.0000","0.0000","1.0000","0.0000"
"100004873","BOAL00712","1.0000","0.0000","0.0000","1.0000","0.0000"
"100004874","BOVA01437","1.0000","0.0000","0.0000","1.0000","0.0000"
"100004874","BOAL00940","2.0000","0.0000","0.0000","2.0000","0.0000"
"100004875","BOVA01427","1.0000","0.0000","0.0000","1.0000","0.0000"
"100004875","BOVA01423","1.0000","0.0000","0.0000","1.0000","0.0000"
"100004876","BOVE00446","1.0000","1.0000","1.0000","0.0000","0.0000"
"100004876","BOVE00445","1.0000","1.0000","1.0000","0.0000","0.0000"
"100004877","BOVE00444","4.0000","4.0000","4.0000","0.0000","0.0000"
"100004877","BOBB00266","1.0000","1.0000","1.0000","0.0000","0.0000"
"100004877","BOBB00259","1.0000","1.0000","1.0000","0.0000","0.0000"
"100004878","CCS0010013","1.0000","1.0000","1.0000","0.0000","0.0000"
"100004879","BOBB00295","1.0000","1.0000","1.0000","0.0000","0.0000"
"100004880","BOVE00513","1.0000","1.0000","1.0000","0.0000","0.0000"
"200000027","BOVE00778","2.0000","2.0000","2.0000","0.0000","0.0000"
"100004881","BOAL01495-BOAL01492-BOAL00422-BOAL00424-BOAL00426","1.0000","1.0000","1.0000","0.0000","0.0000"
"100004881","BOAL01492","2.0000","1.0000","1.0000","0.0000","0.0000"
"100004881","BOAL00422","2.0000","1.0000","1.0000","0.0000","0.0000"
"100004881","BOAL00424","2.0000","1.0000","1.0000","0.0000","0.0000"
"100004881","BOAL00426","2.0000","1.0000","1.0000","0.0000","0.0000"
"100004882","BOAL00720","3.0000","3.0000","3.0000","0.0000","0.0000"
"100004883","BOVE00205","1.0000","1.0000","1.0000","0.0000","0.0000"
"100004884","ME00C127","1.0000","1.0000","1.0000","0.0000","0.0000"
"100004884","SDO0011052","1.0000","1.0000","1.0000","0.0000","0.0000"
"400000012","CCS0010002","3.0000","3.0000","3.0000","0.0000","0.0000"
"100004885","BOBB00058","1.0000","0.0000","0.0000","1.0000","0.0000"
"200000028","BOAL00642","15.0000","15.0000","15.0000","0.0000","0.0000"
"200000028","BOAL00637","15.0000","15.0000","15.0000","0.0000","0.0000"
"100004886","BOVA01333","18.0000","18.0000","18.0000","0.0000","0.0000"
"100004887","BOVE00714","6.0000","6.0000","6.0000","0.0000","0.0000"
"100004888","BOVE00721","40.0000","40.0000","40.0000","0.0000","0.0000"
"100004889","BOVE00505","1.0000","0.0000","0.0000","1.0000","0.0000"
"100004890","BOVE00505","1.0000","1.0000","1.0000","0.0000","0.0000"
"100004891","BBR0010001","1.0000","1.0000","1.0000","0.0000","0.0000"
"100004891","BOVA01260","6.0000","6.0000","6.0000","0.0000","0.0000"
"100004892","BOAL00929","1.0000","0.0000","0.0000","1.0000","0.0000"
"100004893","BOAL00929","1.0000","1.0000","1.0000","0.0000","0.0000"
"100004894","BOVE00034","1.0000","1.0000","1.0000","0.0000","0.0000"
"100004895","BOVE00296","1.0000","1.0000","1.0000","0.0000","0.0000"
"100004896","BOBB00058","1.0000","1.0000","1.0000","0.0000","0.0000"
"100004897","CCS0010010","2.0000","2.0000","2.0000","0.0000","0.0000"
"100004898","BOAL01226-BOAL00398-BOAL00403-BOAL00404-BOAL00406","1.0000","1.0000","1.0000","0.0000","0.0000"
"100004898","BOAL00398","2.0000","1.0000","1.0000","0.0000","0.0000"
"100004898","BOAL00403","2.0000","1.0000","1.0000","0.0000","0.0000"
"100004898","BOAL00404","2.0000","1.0000","1.0000","0.0000","0.0000"
"100004898","BOAL00406","2.0000","1.0000","1.0000","0.0000","0.0000"
"100004899","BOVE00573","1.0000","1.0000","1.0000","0.0000","0.0000"
"100004899","BOBB00047","1.0000","1.0000","1.0000","0.0000","0.0000"
"100004900","BOBB00038","2.0000","2.0000","2.0000","0.0000","0.0000"
"100004901","BOVE00711","4.0000","4.0000","4.0000","0.0000","0.0000"
"100004902","PPAPEL41672-00","1.0000","0.0000","0.0000","1.0000","0.0000"
"100004903","BOVA00694","1.0000","0.0000","0.0000","1.0000","0.0000"
"100004904","BOVE00033","1.0000","1.0000","1.0000","0.0000","0.0000"
"100004905","CCS0010003","1.0000","1.0000","1.0000","0.0000","0.0000"
"100004906","BOVA00554","6.0000","0.0000","0.0000","6.0000","0.0000"
"100004906","BOVA00553","6.0000","0.0000","0.0000","6.0000","0.0000"
"100004906","ME00213","1.0000","0.0000","0.0000","1.0000","0.0000"
"100004906","BOCI00414","1.0000","0.0000","0.0000","1.0000","0.0000"
"100004906","PPAPEL41672-00","1.0000","0.0000","0.0000","1.0000","0.0000"
"100004907","BOVE00605","2.0000","2.0000","2.0000","0.0000","0.0000"
"100004907","BOCI00356","1.0000","1.0000","1.0000","0.0000","0.0000"
"100004908","BOVE00284","1.0000","1.0000","1.0000","0.0000","0.0000"
"100004908","BOVE00282","1.0000","1.0000","1.0000","0.0000","0.0000"
"100004909","BOVA00665","3.0000","3.0000","3.0000","0.0000","0.0000"
"100004910","BOVE00170","1.0000","1.0000","1.0000","0.0000","0.0000"
"100004911","BOBB00098","1.0000","1.0000","1.0000","0.0000","0.0000"
"100004912","BOAL00394","2.0000","2.0000","2.0000","0.0000","0.0000"
"300000037","BOCI00826","1.0000","1.0000","1.0000","0.0000","0.0000"
"100004913","BOBB00098","2.0000","2.0000","2.0000","0.0000","0.0000"
"100004913","BOCI00395","1.0000","1.0000","1.0000","0.0000","0.0000"
"100004913","BOCI00667","1.0000","1.0000","1.0000","0.0000","0.0000"
"100004913","BOCI00669","1.0000","1.0000","1.0000","0.0000","0.0000"
"100004913","BOCI00668","1.0000","1.0000","1.0000","0.0000","0.0000"
"100004914","CLBATE0001","1.0000","1.0000","1.0000","0.0000","0.0000"
"100004914","BOVE00034","1.0000","1.0000","1.0000","0.0000","0.0000"
"100004914","BOVE00036","1.0000","1.0000","1.0000","0.0000","0.0000"
"100004915","BOVE00520","2.0000","2.0000","2.0000","0.0000","0.0000"
"100004916","BOVE00169","3.0000","3.0000","3.0000","0.0000","0.0000"
"100004916","BOVE00168","3.0000","3.0000","3.0000","0.0000","0.0000"
"100004916","BOVE00262","3.0000","3.0000","3.0000","0.0000","0.0000"
"100004917","BOVE00313","1.0000","1.0000","1.0000","0.0000","0.0000"
"300000038","BOAL01186-BOAL00340-BOAL00343-BOAL00347-BOAL00349","1.0000","1.0000","1.0000","0.0000","0.0000"
"300000038","BOAL00340","2.0000","1.0000","1.0000","0.0000","0.0000"
"300000038","BOAL00343","2.0000","1.0000","1.0000","0.0000","0.0000"
"300000038","BOAL00347","2.0000","1.0000","1.0000","0.0000","0.0000"
"300000038","BOAL00349","2.0000","1.0000","1.0000","0.0000","0.0000"
"100004918","CBRVIV0001","1.0000","1.0000","1.0000","0.0000","0.0000"
"100004919","BOVA00642","6.0000","6.0000","6.0000","0.0000","0.0000"
"100004919","BOVA00643","6.0000","6.0000","6.0000","0.0000","0.0000"
"100004920","BOAL01183-BOAL00327-BOAL00328-BOAL00329-BOAL00330","1.0000","1.0000","1.0000","0.0000","0.0000"
"100004921","BOAL00345","1.0000","1.0000","1.0000","0.0000","0.0000"
"100004921","BOAL00348","1.0000","1.0000","1.0000","0.0000","0.0000"
"100004921","BOAL00341","1.0000","1.0000","1.0000","0.0000","0.0000"
"100004922","CNN0005001","10.0000","10.0000","10.0000","0.0000","0.0000"
"100004923","ME00C51","1.0000","1.0000","1.0000","0.0000","0.0000"
"100004924","BOAL00209","1.0000","1.0000","1.0000","0.0000","0.0000"
"100004925","BCO0040054-BCO0040049-BCO0040050-BCO0040051-BCO0040052","1.0000","1.0000","1.0000","0.0000","0.0000"
"100004925","BCO0040049","1.0000","1.0000","1.0000","0.0000","0.0000"
"100004925","BCO0040050","1.0000","1.0000","1.0000","0.0000","0.0000"
"100004925","BCO0040051","1.0000","1.0000","1.0000","0.0000","0.0000"
"100004925","BCO0040052","1.0000","1.0000","1.0000","0.0000","0.0000"
"100004926","BOVE00268","1.0000","1.0000","1.0000","0.0000","0.0000"
"100004926","BOVE00267","1.0000","1.0000","1.0000","0.0000","0.0000"
"100004926","CBRYPS0002","1.0000","1.0000","1.0000","0.0000","0.0000"
"100004926","BOVE00391","1.0000","1.0000","1.0000","0.0000","0.0000"
"100004927","BOVE00503","1.0000","1.0000","1.0000","0.0000","0.0000"
"100004928","CCS0010003","1.0000","1.0000","1.0000","0.0000","0.0000"
"100004928","BOVE00503","1.0000","1.0000","1.0000","0.0000","0.0000"
"100004929","BOVA01529","2.0000","2.0000","2.0000","0.0000","0.0000"
"100004930","CCS0010002","1.0000","1.0000","1.0000","0.0000","0.0000"
"100004931","BOVE00687","1.0000","1.0000","1.0000","0.0000","0.0000"
"100004932","BOVE00119","4.0000","4.0000","4.0000","0.0000","0.0000"
"300000039","CCS0010004","3.0000","3.0000","3.0000","0.0000","0.0000"
"100004933","ME00C127","1.0000","1.0000","1.0000","0.0000","0.0000"
"100004934","ME00C127","1.0000","1.0000","1.0000","0.0000","0.0000"
"100004935","BOCI00569","1.0000","1.0000","1.0000","0.0000","0.0000"
"100004936","BOBB00038","1.0000","1.0000","1.0000","0.0000","0.0000"
"100004937","BOBB00028","1.0000","1.0000","1.0000","0.0000","0.0000"
"100004937","BOBB00032","1.0000","1.0000","1.0000","0.0000","0.0000"
"100004938","BOCI00522","1.0000","1.0000","1.0000","0.0000","0.0000"
"100004939","BOVE00717","1.0000","1.0000","1.0000","0.0000","0.0000"
"100004939","BOVE00718","1.0000","1.0000","1.0000","0.0000","0.0000"
"100004940","ME00C127","1.0000","1.0000","1.0000","0.0000","0.0000"
"100004941","BOVE00285","1.0000","1.0000","1.0000","0.0000","0.0000"
"100004941","BOVE00458","1.0000","1.0000","1.0000","0.0000","0.0000"
"100004942","BOVE00327","1.0000","1.0000","1.0000","0.0000","0.0000"
"100004942","BOVE00364","1.0000","1.0000","1.0000","0.0000","0.0000"
"100004942","BOVE00387","1.0000","1.0000","1.0000","0.0000","0.0000"
"100004942","BOVE00391","1.0000","1.0000","1.0000","0.0000","0.0000"
"100004943","BOVE00341","30.0000","0.0000","0.0000","30.0000","0.0000"
"100004944","BOVE00559","3.0000","3.0000","3.0000","0.0000","0.0000"
"100004945","LLW0010003","1.0000","1.0000","1.0000","0.0000","0.0000"
"100004946","BOAL00720","1.0000","1.0000","1.0000","0.0000","0.0000"
"100004947","BOVE00005","3.0000","3.0000","3.0000","0.0000","0.0000"
"100004947","BOVE00199","2.0000","2.0000","2.0000","0.0000","0.0000"
"100004948","CCS0010010","3.0000","3.0000","3.0000","0.0000","0.0000"
"100004948","CCS0010014","2.0000","2.0000","2.0000","0.0000","0.0000"
"100004949","BOCI00512","1.0000","1.0000","1.0000","0.0000","0.0000"
"100004949","BOCI00440","1.0000","1.0000","1.0000","0.0000","0.0000"
"100004950","BOAL01495-BOAL01492-BOAL00422-BOAL00424-BOAL00426","1.0000","1.0000","1.0000","0.0000","0.0000"
"100004950","BOAL01492","2.0000","1.0000","1.0000","0.0000","0.0000"
"100004950","BOAL00422","2.0000","1.0000","1.0000","0.0000","0.0000"
"100004950","BOAL00424","2.0000","1.0000","1.0000","0.0000","0.0000"
"100004950","BOAL00426","2.0000","1.0000","1.0000","0.0000","0.0000"
"100004951","BOVE00359","1.0000","1.0000","1.0000","0.0000","0.0000"
"100004952","BOAL01182-BOAL00327-BOAL00328-BOAL00329-BOAL00330","1.0000","1.0000","1.0000","0.0000","0.0000"
"100004952","BOAL00327","1.0000","1.0000","1.0000","0.0000","0.0000"
"100004952","BOAL00328","1.0000","1.0000","1.0000","0.0000","0.0000"
"100004952","BOAL00329","1.0000","1.0000","1.0000","0.0000","0.0000"
"100004952","BOAL00330","1.0000","1.0000","1.0000","0.0000","0.0000"
"100004953","BOVE00569","1.0000","1.0000","1.0000","0.0000","0.0000"
"100004954","BOVE00503","1.0000","0.0000","0.0000","1.0000","0.0000"
"100004955","ME00C24","1.0000","1.0000","1.0000","0.0000","0.0000"
"100004956","BOVE00503","1.0000","0.0000","0.0000","1.0000","0.0000"
"100004957","BOVE00503","1.0000","1.0000","1.0000","0.0000","0.0000"
"100004958","BOVE00175","1.0000","1.0000","1.0000","0.0000","0.0000"
"100004958","BBR0010002","1.0000","1.0000","1.0000","0.0000","0.0000"
"100004959","BGD0010005","1.0000","1.0000","1.0000","0.0000","0.0000"
"100004960","BOVE00007","1.0000","1.0000","1.0000","0.0000","0.0000"
"100004960","BOVE00482","1.0000","1.0000","1.0000","0.0000","0.0000"
"100004960","BOVE00451","1.0000","1.0000","1.0000","0.0000","0.0000"
"100004961","BOBB00045","3.0000","3.0000","3.0000","0.0000","0.0000"
"100004962","BOVE00778","1.0000","1.0000","1.0000","0.0000","0.0000"
"100004963","BOVE00359","1.0000","1.0000","1.0000","0.0000","0.0000"
"100004963","BOVE00749","1.0000","1.0000","1.0000","0.0000","0.0000"
"100004964","CCS0010012","2.0000","2.0000","2.0000","0.0000","0.0000"
"100004965","EME0010003","2.0000","2.0000","2.0000","0.0000","0.0000"
"100004965","PMAR12915-45","1.0000","1.0000","1.0000","0.0000","0.0000"
"100004966","CCS0030001","3.0000","3.0000","3.0000","0.0000","0.0000"
"100004966","CCS0030002","3.0000","3.0000","3.0000","0.0000","0.0000"
"100004967","CCS0010003","1.0000","1.0000","1.0000","0.0000","0.0000"
"100004967","BOVE00170","1.0000","1.0000","1.0000","0.0000","0.0000"
"100004968","BOAL00704","2.0000","2.0000","2.0000","0.0000","0.0000"
"100004969","BOBB00045","2.0000","2.0000","2.0000","0.0000","0.0000"
"100004969","BOBB00270","1.0000","1.0000","1.0000","0.0000","0.0000"
"100004969","BOVE00573","1.0000","1.0000","1.0000","0.0000","0.0000"
"100004969","BOVE00568","1.0000","1.0000","1.0000","0.0000","0.0000"
"100004969","BOVE00615","2.0000","2.0000","2.0000","0.0000","0.0000"
"100004970","BOVE00250","1.0000","1.0000","1.0000","0.0000","0.0000"
"100004971","BOCI00655","1.0000","1.0000","1.0000","0.0000","0.0000"
"100004972","BOVA00945","6.0000","6.0000","6.0000","0.0000","0.0000"
"100004973","CCS0010013","1.0000","1.0000","1.0000","0.0000","0.0000"
"100004974","BOVE00485","2.0000","0.0000","0.0000","2.0000","0.0000"
"100004975","BOVE00485","2.0000","2.0000","2.0000","0.0000","0.0000"
"100004976","BOVE00285","11.0000","11.0000","11.0000","0.0000","0.0000"
"100004976","BOVE00069","16.0000","16.0000","16.0000","0.0000","0.0000"
"100004976","BOVE00070","12.0000","12.0000","12.0000","0.0000","0.0000"
"100004976","BOVE00072","12.0000","12.0000","12.0000","0.0000","0.0000"
"100004977","BOBB00098","1.0000","1.0000","1.0000","0.0000","0.0000"
"100004978","CCS0010005","1.0000","1.0000","1.0000","0.0000","0.0000"
"100004979","BOVE00506","3.0000","3.0000","3.0000","0.0000","0.0000"
"100004980","BOVE00485","1.0000","1.0000","1.0000","0.0000","0.0000"
"100004981","BOVE00478","1.0000","1.0000","1.0000","0.0000","0.0000"
"100004982","BOAL01183-BOAL00327-BOAL00328-BOAL00329-BOAL00330","1.0000","1.0000","1.0000","0.0000","0.0000"
"100004982","BOAL00327","2.0000","1.0000","1.0000","0.0000","0.0000"
"100004982","BOAL00328","2.0000","1.0000","1.0000","0.0000","0.0000"
"100004982","BOAL00329","2.0000","1.0000","1.0000","0.0000","0.0000"
"100004982","BOAL00330","2.0000","1.0000","1.0000","0.0000","0.0000"
"100004983","BOVA01397","1.0000","1.0000","1.0000","0.0000","0.0000"
"100004984","BOVE00389","2.0000","2.0000","2.0000","0.0000","0.0000"
"100004985","BOAL00893","1.0000","0.0000","0.0000","1.0000","0.0000"
"100004985","BOVE00599","2.0000","0.0000","0.0000","2.0000","0.0000"
"100004986","BOVE00485","1.0000","1.0000","1.0000","0.0000","0.0000"
"100004987","BOVE00278","2.0000","2.0000","2.0000","0.0000","0.0000"
"100004987","BOVE00556","2.0000","2.0000","2.0000","0.0000","0.0000"
"100004988","BOVE00758","1.0000","1.0000","1.0000","0.0000","0.0000"
"200000029","BCO0020029-BCO0020019-BCO0020018-BCO0020020-BCO0020021","1.0000","1.0000","1.0000","0.0000","0.0000"
"200000029","BCO0020019","2.0000","1.0000","1.0000","0.0000","0.0000"
"200000029","BCO0020018","2.0000","1.0000","1.0000","0.0000","0.0000"
"200000029","BCO0020020","2.0000","1.0000","1.0000","0.0000","0.0000"
"200000029","BCO0020021","2.0000","1.0000","1.0000","0.0000","0.0000"
"100004989","CCS0010002","2.0000","2.0000","2.0000","0.0000","0.0000"
"100004990","BOCI00569","1.0000","1.0000","1.0000","0.0000","0.0000"
"100004991","BOVE00378","1.0000","1.0000","1.0000","0.0000","0.0000"
"100004991","BOVE00389IB","1.0000","1.0000","1.0000","0.0000","0.0000"
"100004992","BOVE00312","2.0000","2.0000","2.0000","0.0000","0.0000"
"100004992","BOVE00313","2.0000","2.0000","2.0000","0.0000","0.0000"
"100004992","BOVE00282","2.0000","2.0000","2.0000","0.0000","0.0000"
"100004993","CBR0050001","25.0000","25.0000","25.0000","0.0000","0.0000"
"100004994","CCS0010002","2.0000","2.0000","2.0000","0.0000","0.0000"
"100004994","CCS0010012","2.0000","2.0000","2.0000","0.0000","0.0000"
"100004994","CCS0010014","2.0000","2.0000","2.0000","0.0000","0.0000"
"100004995","BOAL00666","3.0000","3.0000","3.0000","0.0000","0.0000"
"100004996","BOAL00637","2.0000","2.0000","2.0000","0.0000","0.0000"
"100004996","BOAL00642","2.0000","2.0000","2.0000","0.0000","0.0000"
"100004997","BCO0070014-BCO0070001-BCO0070002-BCO0070003-BCO0070007-BCO0070008-BCO0070004","1.0000","1.0000","1.0000","0.0000","0.0000"
"100004997","BCO0070001","2.0000","1.0000","1.0000","0.0000","0.0000"
"100004997","BCO0070002","2.0000","1.0000","1.0000","0.0000","0.0000"
"100004997","BCO0070003","2.0000","1.0000","1.0000","0.0000","0.0000"
"100004997","BCO0070007","2.0000","1.0000","1.0000","0.0000","0.0000"
"100004997","BCO0070008","2.0000","1.0000","1.0000","0.0000","0.0000"
"100004997","BCO0070004","2.0000","1.0000","1.0000","0.0000","0.0000"
"100004998","ME00C127","1.0000","1.0000","1.0000","0.0000","0.0000"
"100004999","ME00C127","1.0000","1.0000","1.0000","0.0000","0.0000"
"100004999","CCS0010003","2.0000","2.0000","2.0000","0.0000","0.0000"
"100005000","BOVE00488","2.0000","2.0000","2.0000","0.0000","0.0000"
"100005000","BOBB00238","1.0000","1.0000","1.0000","0.0000","0.0000"
"100005000","LLRABE0018","1.0000","1.0000","1.0000","0.0000","0.0000"
"100005000","PCUI48280-30","1.0000","1.0000","1.0000","0.0000","0.0000"
"100005000","PCUI48280-31","1.0000","1.0000","1.0000","0.0000","0.0000"
"100005001","BOVE00381","1.0000","1.0000","1.0000","0.0000","0.0000"
"100005001","BOVE00116","1.0000","1.0000","1.0000","0.0000","0.0000"
"100005002","BOVE00202","1.0000","1.0000","1.0000","0.0000","0.0000"
"100005002","BOVE00255","1.0000","1.0000","1.0000","0.0000","0.0000"
"100005002","BOAL01182-BOAL00327-BOAL00328-BOAL00329-BOAL00330","1.0000","1.0000","1.0000","0.0000","0.0000"
"100005002","BOAL00327","1.0000","1.0000","1.0000","0.0000","0.0000"
"100005002","BOAL00328","1.0000","1.0000","1.0000","0.0000","0.0000"
"100005002","BOAL00329","1.0000","1.0000","1.0000","0.0000","0.0000"
"100005002","BOAL00330","1.0000","1.0000","1.0000","0.0000","0.0000"
"100005003","BOBB00098","1.0000","1.0000","1.0000","0.0000","0.0000"
"100005004","BET0140006-BOAL00648-BOAL00651-BOAL00655-BOAL00646-BOAL00649-BOAL00653-BOAL00652-BOAL00654","1.0000","1.0000","1.0000","0.0000","0.0000"
"100005004","BOAL00648","2.0000","1.0000","1.0000","0.0000","0.0000"
"100005004","BOAL00651","2.0000","1.0000","1.0000","0.0000","0.0000"
"100005004","BOAL00655","2.0000","1.0000","1.0000","0.0000","0.0000"
"100005004","BOAL00646","2.0000","1.0000","1.0000","0.0000","0.0000"
"100005004","BOAL00649","2.0000","1.0000","1.0000","0.0000","0.0000"
"100005004","BOAL00653","2.0000","1.0000","1.0000","0.0000","0.0000"
"100005004","BOAL00652","2.0000","1.0000","1.0000","0.0000","0.0000"
"100005004","BOAL00654","2.0000","1.0000","1.0000","0.0000","0.0000"
"100005005","BOAL00776","9.0000","9.0000","9.0000","0.0000","0.0000"
"100005006","BOUU00013","1.0000","1.0000","1.0000","0.0000","0.0000"
"100005007","BOVE00446","8.0000","8.0000","8.0000","0.0000","0.0000"
"100005008","CZITUB0021","1.0000","1.0000","1.0000","0.0000","0.0000"
"100005009","CPEIBI0001","1.0000","1.0000","1.0000","0.0000","0.0000"
"100005010","BOAL01404-BOAL00211-BOAL00264-BOAL00222-BOAL00241-BOAL00191-BOAL00248-BOAL00231-BOAL00229-BOAL00198-BOAL00195-BOAL00252","1.0000","1.0000","1.0000","0.0000","1.0000"
"100005010","BOAL00211","2.0000","1.0000","1.0000","0.0000","2.0000"
"100005010","BOAL00264","2.0000","1.0000","1.0000","0.0000","2.0000"
"100005010","BOAL00222","2.0000","1.0000","1.0000","0.0000","2.0000"
"100005010","BOAL00241","2.0000","1.0000","1.0000","0.0000","2.0000"
"100005010","BOAL00191","2.0000","1.0000","1.0000","0.0000","2.0000"
"100005010","BOAL00248","2.0000","1.0000","1.0000","0.0000","2.0000"
"100005010","BOAL00231","2.0000","1.0000","1.0000","0.0000","2.0000"
"100005010","BOAL00229","2.0000","1.0000","1.0000","0.0000","2.0000"
"100005010","BOAL00198","2.0000","1.0000","1.0000","0.0000","2.0000"
"100005010","BOAL00195","2.0000","1.0000","1.0000","0.0000","2.0000"
"100005010","BOAL00252","2.0000","1.0000","1.0000","0.0000","2.0000"
"100005011","BOVE00286","3.0000","3.0000","3.0000","0.0000","0.0000"
"100005012","CBRVIV0001","1.0000","1.0000","1.0000","0.0000","0.0000"
"100005013","BOVE00505","3.0000","3.0000","3.0000","0.0000","0.0000"
"100005014","BOVA00884","4.0000","4.0000","4.0000","0.0000","0.0000"
"100005015","ME00C24","2.0000","2.0000","2.0000","0.0000","0.0000"
"100005016","BOAL00710","10.0000","0.0000","0.0000","10.0000","0.0000"
"100005017","BOVE00482","8.0000","8.0000","8.0000","0.0000","0.0000"
"100005017","BOVE00537","1.0000","1.0000","1.0000","0.0000","0.0000"
"100005017","BOVE00518","1.0000","1.0000","1.0000","0.0000","0.0000"
"100005017","CCS0010002","2.0000","2.0000","2.0000","0.0000","0.0000"
"100005018","CAR0010002","1.0000","1.0000","1.0000","0.0000","0.0000"
"100005019","BOVE00341","30.0000","0.0000","0.0000","30.0000","0.0000"
"100005020","BAM0030001","2.0000","2.0000","2.0000","0.0000","0.0000"
"100005020","BAM0030002","2.0000","2.0000","2.0000","0.0000","0.0000"
"100005020","BAM0030003","2.0000","2.0000","2.0000","0.0000","0.0000"
"100005020","BAM0030004","2.0000","2.0000","2.0000","0.0000","0.0000"
"100005021","BOAL00720","1.0000","1.0000","1.0000","0.0000","0.0000"
"100005022","BOVE00547","1.0000","0.0000","0.0000","1.0000","0.0000"
"100005023","BOAL01182C-BOAL00327-BOAL00328-BOAL00329-BOAL00330-ME00C24","1.0000","1.0000","1.0000","0.0000","0.0000"
"100005023","BOAL00327","1.0000","1.0000","1.0000","0.0000","0.0000"
"100005023","BOAL00328","1.0000","1.0000","1.0000","0.0000","0.0000"
"100005023","BOAL00329","1.0000","1.0000","1.0000","0.0000","0.0000"
"100005023","BOAL00330","1.0000","1.0000","1.0000","0.0000","0.0000"
"100005023","ME00C24","1.0000","1.0000","1.0000","0.0000","0.0000"
"100005023","BOAL01181-BOAL00327-BOAL00328-BOAL00329","1.0000","1.0000","1.0000","0.0000","0.0000"
"100005023","BOAL00327","1.0000","1.0000","1.0000","0.0000","0.0000"
"100005023","BOAL00328","1.0000","1.0000","1.0000","0.0000","0.0000"
"100005023","BOAL00329","1.0000","1.0000","1.0000","0.0000","0.0000"
"100005023","BOAL00329","1.0000","1.0000","1.0000","0.0000","0.0000"
"100005024","48280-24","1.0000","1.0000","1.0000","0.0000","0.0000"
"100005025","LLRSOL0027","1.0000","1.0000","1.0000","0.0000","0.0000"
"100005025","LLRSOL0029","1.0000","1.0000","1.0000","0.0000","0.0000"
"100005025","LLRSOL0031","1.0000","1.0000","1.0000","0.0000","0.0000"
"100005025","LLRSOL0032","1.0000","1.0000","1.0000","0.0000","0.0000"
"100005026","BOVE00681","1.0000","1.0000","1.0000","0.0000","0.0000"
"100005027","BOVE00308","1.0000","1.0000","1.0000","0.0000","0.0000"
"100005028","LLRVOL0126","2.0000","0.0000","0.0000","2.0000","0.0000"
"100005028","LLRVOL0125","2.0000","0.0000","0.0000","2.0000","0.0000"
"100005028","BOVE00084","2.0000","0.0000","0.0000","2.0000","0.0000"
"100005029","FFE0040003","1.0000","1.0000","1.0000","0.0000","0.0000"
"100005030","BOVE00072","8.0000","8.0000","8.0000","0.0000","0.0000"
"100005031","BOAL01270-BOAL00478-BOAL00482-BOAL00484-BOAL00486","1.0000","1.0000","1.0000","0.0000","0.0000"
"100005031","BOAL00478","1.0000","1.0000","1.0000","0.0000","0.0000"
"100005031","BOAL00482","1.0000","1.0000","1.0000","0.0000","0.0000"
"100005031","BOAL00484","1.0000","1.0000","1.0000","0.0000","0.0000"
"100005031","BOAL00486","1.0000","1.0000","1.0000","0.0000","0.0000"
"100005031","BOVA01083","6.0000","6.0000","6.0000","0.0000","0.0000"
"100005032","BOVE00557","1.0000","1.0000","1.0000","0.0000","0.0000"
"100005033","BOAL00775","10.0000","10.0000","10.0000","0.0000","0.0000"
"100005033","BOAL00782","10.0000","10.0000","10.0000","0.0000","0.0000"
"100005034","BOVE00774","2.0000","2.0000","2.0000","0.0000","0.0000"
"100005035","LLW0010001","1.0000","0.0000","0.0000","1.0000","0.0000"
"100005036","SDO0028034","3.0000","3.0000","3.0000","0.0000","0.0000"
"100005037","BOCI00382","1.0000","1.0000","1.0000","0.0000","0.0000"
"100005038","BOAL00178","3.0000","3.0000","3.0000","0.0000","0.0000"
"100005038","BOAL00180","3.0000","3.0000","3.0000","0.0000","0.0000"
"100005038","BOAL00177","3.0000","3.0000","3.0000","0.0000","0.0000"
"100005038","BOAL00179","3.0000","3.0000","3.0000","0.0000","0.0000"
"100005038","BOAL00182","3.0000","3.0000","3.0000","0.0000","0.0000"
"100005039","LLRVOL0126","2.0000","2.0000","2.0000","0.0000","0.0000"
"100005039","LLRVOL0125","2.0000","2.0000","2.0000","0.0000","0.0000"
"100005039","BOVE00084","2.0000","2.0000","2.0000","0.0000","0.0000"
"100005040","BOAL00774","10.0000","10.0000","10.0000","0.0000","0.0000"
"100005041","BOVE00615","1.0000","1.0000","1.0000","0.0000","0.0000"
"100005042","BOVE00341","30.0000","30.0000","30.0000","0.0000","0.0000"
"100005043","BOVA01135","1.0000","1.0000","1.0000","0.0000","0.0000"
"100005044","CNNPLA0023","1.0000","1.0000","1.0000","0.0000","0.0000"
"100005045","BOVE00537","1.0000","1.0000","1.0000","0.0000","0.0000"
"100005045","PPABAR0001","1.0000","1.0000","1.0000","0.0000","0.0000"
"100005046","BOBB00288","1.0000","0.0000","0.0000","1.0000","0.0000"
"100005047","BOBB00038","1.0000","1.0000","1.0000","0.0000","0.0000"
"100005048","CBR0050001","1.0000","1.0000","1.0000","0.0000","0.0000"
"100005049","PTHE49710-00","1.0000","1.0000","1.0000","0.0000","0.0000"
"100005050","ME00225","1.0000","1.0000","1.0000","0.0000","0.0000"
"100005050","ME00214","1.0000","1.0000","1.0000","0.0000","0.0000"
"100005051","BOVE00538","1.0000","1.0000","1.0000","0.0000","0.0000"
"100005052","BOVE00359","1.0000","1.0000","1.0000","0.0000","0.0000"
"100005053","BOAL00939","3.0000","3.0000","3.0000","0.0000","0.0000"
"100005054","PTHE49885-02","2.0000","2.0000","2.0000","0.0000","0.0000"
"100005055","BOVE00322","1.0000","1.0000","1.0000","0.0000","0.0000"
"100005056","CLB0010001","1.0000","1.0000","1.0000","0.0000","0.0000"
"100005057","BOVE00284","5.0000","0.0000","0.0000","5.0000","0.0000"
"100005058","PCIS18271-00","1.0000","0.0000","0.0000","1.0000","0.0000"
"100005059","BOVE00341","1.0000","1.0000","1.0000","0.0000","0.0000"
"100005060","BOAL00711","12.0000","12.0000","12.0000","0.0000","0.0000"
"100005061","BOVE00485","1.0000","1.0000","1.0000","0.0000","0.0000"
"100005062","BOVE00774","2.0000","2.0000","2.0000","0.0000","0.0000"
"100005062","BOVE00775","1.0000","1.0000","1.0000","0.0000","0.0000"
"100005063","CCS0010010","3.0000","3.0000","3.0000","0.0000","0.0000"
"100005063","CCS0010001","2.0000","2.0000","2.0000","0.0000","0.0000"
"100005064","BOBB00098","1.0000","1.0000","1.0000","0.0000","0.0000"
"100005065","BOVA01229","1.0000","1.0000","1.0000","0.0000","0.0000"
"100005066","LLRSPL0101","2.0000","2.0000","2.0000","0.0000","0.0000"
"100005066","LLRBUB0095","1.0000","1.0000","1.0000","0.0000","0.0000"
"100005067","BOAL00714","3.0000","3.0000","3.0000","0.0000","0.0000"
"100005068","BCO0030045-BCO0030033-BCO0030032-BCO0030034-BCO0030035","1.0000","1.0000","1.0000","0.0000","0.0000"
"100005068","BCO0030033","2.0000","1.0000","1.0000","0.0000","0.0000"
"100005068","BCO0030032","2.0000","1.0000","1.0000","0.0000","0.0000"
"100005068","BCO0030034","2.0000","1.0000","1.0000","0.0000","0.0000"
"100005068","BCO0030035","2.0000","1.0000","1.0000","0.0000","0.0000"
"100005069","BOCI00595","1.0000","1.0000","1.0000","0.0000","0.0000"
"100005070","CARPIC0003","1.0000","1.0000","1.0000","0.0000","0.0000"
"300000040","BOVE00389IB","3.0000","3.0000","3.0000","0.0000","0.0000"
"100005071","BOVE00113","2.0000","2.0000","2.0000","0.0000","0.0000"
"100005072","BOAL00321","3.0000","3.0000","3.0000","0.0000","0.0000"
"100005073","BOVE00443","1.0000","1.0000","1.0000","0.0000","0.0000"
"100005074","CZITUB0020","4.0000","4.0000","4.0000","0.0000","0.0000"
"100005075","BOBB00042","1.0000","1.0000","1.0000","0.0000","0.0000"
"100005076","BET0160003-BOAL00664-BOAL00665-BOAL00668-BOAL00666","1.0000","1.0000","1.0000","0.0000","0.0000"
"100005076","BOAL00664","2.0000","1.0000","1.0000","0.0000","0.0000"
"100005076","BOAL00665","2.0000","1.0000","1.0000","0.0000","0.0000"
"100005076","BOAL00668","2.0000","1.0000","1.0000","0.0000","0.0000"
"100005076","BOAL00666","2.0000","1.0000","1.0000","0.0000","0.0000"
"100005077","BOBB00133","1.0000","1.0000","1.0000","0.0000","0.0000"
"100005078","BOCI00643","1.0000","1.0000","1.0000","0.0000","0.0000"
"100005079","BOBB00058","1.0000","1.0000","1.0000","0.0000","0.0000"
"100005080","BOVE00283","1.0000","1.0000","1.0000","0.0000","0.0000"
"100005080","BOVE00391","1.0000","1.0000","1.0000","0.0000","0.0000"
"100005081","CCS0010002","2.0000","2.0000","2.0000","0.0000","0.0000"
"100005082","BOVE00659","1.0000","1.0000","1.0000","0.0000","0.0000"
"100005082","BOVE00749","1.0000","1.0000","1.0000","0.0000","0.0000"
"100005083","BOVE00797-BOVE00796-BOVE00795-BOVE00794","6.0000","6.0000","6.0000","0.0000","0.0000"
"100005084","BOVE00147","2.0000","2.0000","2.0000","0.0000","0.0000"
"100005084","BOVE00148","2.0000","2.0000","2.0000","0.0000","0.0000"
"100005085","BCO0010004","1.0000","1.0000","1.0000","0.0000","0.0000"
"100005085","BCO0010005","1.0000","1.0000","1.0000","0.0000","0.0000"
"100005086","BOVE00117","1.0000","0.0000","0.0000","1.0000","0.0000"
"100005086","BOVE00118","1.0000","0.0000","0.0000","1.0000","0.0000"
"100005086","BOVE00704","1.0000","0.0000","0.0000","1.0000","0.0000"
"100005086","BOVE00555","1.0000","0.0000","0.0000","1.0000","0.0000"
"100005086","BOAL00639","2.0000","0.0000","0.0000","2.0000","0.0000"
"100005087","BOVE00117","1.0000","1.0000","1.0000","0.0000","0.0000"
"100005087","BOVE00118","1.0000","1.0000","1.0000","0.0000","0.0000"
"100005087","BOVE00704","1.0000","1.0000","1.0000","0.0000","0.0000"
"100005087","BOVE00555","1.0000","1.0000","1.0000","0.0000","0.0000"
"100005087","BOAL00639","2.0000","2.0000","2.0000","0.0000","0.0000"
"100005088","LLRSOL0031","1.0000","1.0000","1.0000","0.0000","0.0000"
"100005089","ME00C127","1.0000","1.0000","1.0000","0.0000","0.0000"
"100005090","BOAL00321","2.0000","2.0000","2.0000","0.0000","0.0000"
"100005090","BOAL00325","2.0000","2.0000","2.0000","0.0000","0.0000"
"100005090","BOAL00323","2.0000","2.0000","2.0000","0.0000","0.0000"
"100005090","BOAL00703","1.0000","1.0000","1.0000","0.0000","0.0000"
"100005091","LLW0010003","1.0000","1.0000","1.0000","0.0000","0.0000"
"100005092","ME00C127","1.0000","1.0000","1.0000","0.0000","0.0000"
"300000041","BOBB00024","1.0000","0.0000","0.0000","1.0000","0.0000"
"100005093","BOVA01432","10.0000","10.0000","10.0000","0.0000","0.0000"
"100005094","BOVE00564","2.0000","2.0000","2.0000","0.0000","0.0000"
"100005095","BOVE00706","2.0000","2.0000","2.0000","0.0000","0.0000"
"100005096","BOVE00082","1.0000","1.0000","1.0000","0.0000","0.0000"
"100005097","BOVE00616","1.0000","1.0000","1.0000","0.0000","0.0000"
"100005097","BOVE00615","1.0000","1.0000","1.0000","0.0000","0.0000"
"100005097","BOVE00201","1.0000","1.0000","1.0000","0.0000","0.0000"
"100005098","ME00C127","1.0000","1.0000","1.0000","0.0000","0.0000"
"100005099","BOAL01174C-BOAL00317-BOAL00321-BOAL00323-BOAL00325-ME00C51","1.0000","1.0000","1.0000","0.0000","0.0000"
"100005099","BOAL00317","2.0000","1.0000","1.0000","0.0000","0.0000"
"100005099","BOAL00321","2.0000","1.0000","1.0000","0.0000","0.0000"
"100005099","BOAL00323","2.0000","1.0000","1.0000","0.0000","0.0000"
"100005099","BOAL00325","2.0000","1.0000","1.0000","0.0000","0.0000"
"100005099","ME00C51","1.0000","1.0000","1.0000","0.0000","0.0000"
"100005099","BET0110002-BOAL00607-BOAL00613-BOAL00615-BOAL00609","1.0000","1.0000","1.0000","0.0000","0.0000"
"100005099","BOAL00607","1.0000","1.0000","1.0000","0.0000","0.0000"
"100005099","BOAL00613","1.0000","1.0000","1.0000","0.0000","0.0000"
"100005099","BOAL00615","1.0000","1.0000","1.0000","0.0000","0.0000"
"100005099","BOAL00609","1.0000","1.0000","1.0000","0.0000","0.0000"
"100005100","ME00C127","1.0000","1.0000","1.0000","0.0000","0.0000"
"100005101","BOVE00255","2.0000","0.0000","0.0000","2.0000","0.0000"
"100005102","BOVE00255","2.0000","2.0000","2.0000","0.0000","0.0000"
"100005103","BOVA01286","4.0000","4.0000","4.0000","0.0000","0.0000"
"100005104","BOAL00321","3.0000","3.0000","3.0000","0.0000","0.0000"
"100005105","BBR0010002","1.0000","1.0000","1.0000","0.0000","0.0000"
"100005105","BBR0010001","2.0000","2.0000","2.0000","0.0000","0.0000"
"100005106","BOAL01183-BOAL00327-BOAL00328-BOAL00329-BOAL00330","1.0000","1.0000","1.0000","0.0000","0.0000"
"100005106","BOAL00327","2.0000","1.0000","1.0000","0.0000","0.0000"
"100005106","BOAL00328","2.0000","1.0000","1.0000","0.0000","0.0000"
"100005106","BOAL00329","2.0000","1.0000","1.0000","0.0000","0.0000"
"100005106","BOAL00330","2.0000","1.0000","1.0000","0.0000","0.0000"
"100005107","BOAL00712","20.0000","20.0000","20.0000","0.0000","0.0000"
"100005108","BOVE00090","1.0000","1.0000","1.0000","0.0000","0.0000"
"100005109","BOVE00483","1.0000","1.0000","1.0000","0.0000","0.0000"
"100005109","BOBB00058","1.0000","1.0000","1.0000","0.0000","0.0000"
"100005110","BOCI00320","5.0000","5.0000","5.0000","0.0000","0.0000"
"100005111","BOVE00112","1.0000","1.0000","1.0000","0.0000","0.0000"
"100005112","PGRIL41727-33","10.0000","10.0000","10.0000","0.0000","0.0000"
"100005113","BOVA01206","1.0000","1.0000","1.0000","0.0000","0.0000"
"100005113","BOVA01205","1.0000","1.0000","1.0000","0.0000","0.0000"
"100005114","BOVE00591","1.0000","1.0000","1.0000","0.0000","0.0000"
"100005115","ME00005","1.0000","1.0000","1.0000","0.0000","0.0000"
"100005116","BOBB00038","1.0000","1.0000","1.0000","0.0000","0.0000"
"100005117","BOAL01189-BOAL00340-BOAL00343-BOAL00347-BOAL00349-BOAL00341-BOAL00345","1.0000","1.0000","1.0000","0.0000","0.0000"
"100005117","BOAL00340","2.0000","1.0000","1.0000","0.0000","0.0000"
"100005117","BOAL00343","2.0000","1.0000","1.0000","0.0000","0.0000"
"100005117","BOAL00347","2.0000","1.0000","1.0000","0.0000","0.0000"
"100005117","BOAL00349","2.0000","1.0000","1.0000","0.0000","0.0000"
"100005117","BOAL00341","2.0000","1.0000","1.0000","0.0000","0.0000"
"100005117","BOAL00345","2.0000","1.0000","1.0000","0.0000","0.0000"
"100005118","BOCI00451","1.0000","1.0000","1.0000","0.0000","0.0000"
"100005119","BOVE00394","3.0000","0.0000","0.0000","3.0000","0.0000"
"100005120","BOVE00615","2.0000","2.0000","2.0000","0.0000","0.0000"
"100005121","BOCI00317","2.0000","2.0000","2.0000","0.0000","0.0000"
"100005122","ME00C127","1.0000","1.0000","1.0000","0.0000","0.0000"
"100005123","ME00C127","1.0000","0.0000","0.0000","1.0000","0.0000"
"100005124","ME00C127","2.0000","2.0000","2.0000","0.0000","0.0000"
"200000030","BOVE00394","3.0000","3.0000","3.0000","0.0000","0.0000"
"200000031","BOVE00394","12.0000","12.0000","12.0000","0.0000","0.0000"
"100005125","BOVE00547","1.0000","1.0000","1.0000","0.0000","0.0000"
"100005125","BOVE00539","1.0000","1.0000","1.0000","0.0000","0.0000"
"100005125","BOVE00537","2.0000","2.0000","2.0000","0.0000","0.0000"
"100005125","BOBB00090","1.0000","1.0000","1.0000","0.0000","0.0000"
"100005126","BOVE00513","1.0000","1.0000","1.0000","0.0000","0.0000"
"100005127","VOL00003","1.0000","1.0000","1.0000","0.0000","0.0000"
"100005128","ME00182","1.0000","1.0000","1.0000","0.0000","0.0000"
"100005128","ME00149","1.0000","1.0000","1.0000","0.0000","0.0000"
"100005128","ME00237","1.0000","1.0000","1.0000","0.0000","0.0000"
"100005129","BOVE00296","1.0000","1.0000","1.0000","0.0000","0.0000"
"100005130","BOVE00558","3.0000","3.0000","3.0000","0.0000","0.0000"
"100005131","BOVE00447","1.0000","1.0000","1.0000","0.0000","0.0000"
"100005132","BOBB00259","6.0000","6.0000","6.0000","0.0000","0.0000"
"100005133","BOCI00321","8.0000","8.0000","8.0000","0.0000","0.0000"
"100005134","CCS0010012","3.0000","3.0000","3.0000","0.0000","3.0000"
"100005135","CNNPLA0029","1.0000","1.0000","1.0000","0.0000","0.0000"
"100005136","BOVE00542","1.0000","1.0000","1.0000","0.0000","0.0000"
"100005137","BOVE00788","1.0000","1.0000","1.0000","0.0000","0.0000"
"100005137","BOVE00790","1.0000","1.0000","1.0000","0.0000","0.0000"
"100005137","BOVE00789","1.0000","1.0000","1.0000","0.0000","0.0000"
"100005137","SDO0011060","1.0000","1.0000","1.0000","0.0000","0.0000"
"100005138","BOVE00588","2.0000","2.0000","2.0000","0.0000","0.0000"
"100005138","BOVE00584","1.0000","1.0000","1.0000","0.0000","0.0000"
"100005138","BOVE00590","2.0000","2.0000","2.0000","0.0000","0.0000"
"100005139","BOVE00359","1.0000","1.0000","1.0000","0.0000","0.0000"
"100005140","BOUU00050","1.0000","1.0000","1.0000","0.0000","0.0000"
"100005141","BOAL00709","1.0000","1.0000","1.0000","0.0000","0.0000"
"100005141","BOAL01183-BOAL00327-BOAL00328-BOAL00329-BOAL00330","1.0000","1.0000","1.0000","0.0000","0.0000"
"100005141","BOAL00327","2.0000","1.0000","1.0000","0.0000","0.0000"
"100005141","BOAL00328","2.0000","1.0000","1.0000","0.0000","0.0000"
"100005141","BOAL00329","2.0000","1.0000","1.0000","0.0000","0.0000"
"100005141","BOAL00330","2.0000","1.0000","1.0000","0.0000","0.0000"
"100005142","BOVE00556","2.0000","2.0000","2.0000","0.0000","0.0000"
"100005142","BOVE00557","2.0000","2.0000","2.0000","0.0000","0.0000"
"100005143","BOVE00329","1.0000","1.0000","1.0000","0.0000","0.0000"
"100005143","BOVE00610","2.0000","2.0000","2.0000","0.0000","0.0000"
"100005143","BOVE00612","2.0000","2.0000","2.0000","0.0000","0.0000"
"100005143","LLRBOR0119","1.0000","1.0000","1.0000","0.0000","0.0000"
"100005144","EME0020002","1.0000","1.0000","1.0000","0.0000","0.0000"
"100005144","BOAL00229","2.0000","2.0000","2.0000","0.0000","0.0000"
"100005144","BOCI00306","2.0000","2.0000","2.0000","0.0000","0.0000"
"100005144","BOCI00383","1.0000","1.0000","1.0000","0.0000","0.0000"
"100005145","BOVE00470","1.0000","1.0000","1.0000","0.0000","0.0000"
"100005145","BOVE00475","1.0000","1.0000","1.0000","0.0000","0.0000"
"100005146","BOVE00760","1.0000","1.0000","1.0000","0.0000","0.0000"
"100005147","BOUU00013","1.0000","1.0000","1.0000","0.0000","0.0000"
"100005148","ME00C127","1.0000","1.0000","1.0000","0.0000","0.0000"
"100005149","BBR0010001","1.0000","1.0000","1.0000","0.0000","0.0000"
"100005150","ME00C127","1.0000","1.0000","1.0000","0.0000","0.0000"
"100005151","BOVE00540","1.0000","1.0000","1.0000","0.0000","0.0000"
"200000032","BOVA00947","31.0000","31.0000","31.0000","0.0000","0.0000"
"100005152","CCS0010005","3.0000","3.0000","3.0000","0.0000","0.0000"
"100005153","ME00C127","1.0000","0.0000","0.0000","1.0000","0.0000"
"100005154","ME00C127","1.0000","1.0000","1.0000","0.0000","0.0000"
"100005155","ME00C127","1.0000","1.0000","1.0000","0.0000","0.0000"
"100005156","BOAL00714","40.0000","0.0000","0.0000","40.0000","0.0000"
"100005157","BOAL00714","40.0000","0.0000","0.0000","40.0000","0.0000"
"100005158","BOAL00926","1.0000","1.0000","1.0000","0.0000","0.0000"
"100005159","BOVE00379","17.0000","17.0000","17.0000","0.0000","0.0000"
"100005159","BOVE00381","17.0000","17.0000","17.0000","0.0000","0.0000"
"100005160","BOAL00757","1.0000","1.0000","1.0000","0.0000","0.0000"
"100005161","BAM0030004","3.0000","3.0000","3.0000","0.0000","0.0000"
"100005162","BOAL00393","1.0000","0.0000","0.0000","1.0000","0.0000"
"100005162","BOAL00393","1.0000","0.0000","0.0000","1.0000","0.0000"
"100005163","BOAL00393","1.0000","1.0000","1.0000","0.0000","0.0000"
"100005163","BOAL00393","1.0000","1.0000","1.0000","0.0000","0.0000"
"100005164","BOVE00359","1.0000","1.0000","1.0000","0.0000","0.0000"
"100005164","CCS0010006","1.0000","1.0000","1.0000","0.0000","0.0000"
"100005165","BOVE00169","1.0000","1.0000","1.0000","0.0000","0.0000"
"100005166","ME00C127","1.0000","1.0000","1.0000","0.0000","0.0000"
"100005167","BOVE00567","5.0000","5.0000","5.0000","0.0000","0.0000"
"100005168","ME00C127","1.0000","1.0000","1.0000","0.0000","0.0000"
"100005169","BOBB00098","1.0000","1.0000","1.0000","0.0000","0.0000"
"100005170","CBRVIV0001","2.0000","2.0000","2.0000","0.0000","0.0000"
"100005171","BOVE00556","9.0000","9.0000","9.0000","0.0000","0.0000"
"100005172","BOBB00038","1.0000","1.0000","1.0000","0.0000","0.0000"
"100005173","BOVE00475","1.0000","1.0000","1.0000","0.0000","0.0000"
"100005174","BOVE00485","8.0000","8.0000","8.0000","0.0000","0.0000"
"100005175","BOVE00335","1.0000","1.0000","1.0000","0.0000","0.0000"
"100005175","CBR0050001","1.0000","1.0000","1.0000","0.0000","0.0000"
"100005176","BOVA01201","12.0000","12.0000","12.0000","0.0000","0.0000"
"100005176","ME00261","1.0000","1.0000","1.0000","0.0000","0.0000"
"100005177","CCS0010009","1.0000","0.0000","0.0000","1.0000","0.0000"
"100005178","CCS0010009","1.0000","0.0000","0.0000","1.0000","0.0000"
"100005179","CCS0010009","1.0000","0.0000","0.0000","1.0000","0.0000"
"100005180","CCS0010009","1.0000","1.0000","1.0000","0.0000","0.0000"
"100005181","PPANI41624-00","1.0000","0.0000","0.0000","1.0000","0.0000"
"100005182","PPANI41624-00","1.0000","0.0000","0.0000","1.0000","0.0000"
"100005183","BOVA00424","6.0000","6.0000","6.0000","0.0000","0.0000"
"100005183","BOVA00426","6.0000","6.0000","6.0000","0.0000","0.0000"
"100005183","BOVA00421","6.0000","6.0000","6.0000","0.0000","0.0000"
"100005183","BOVA00423","6.0000","6.0000","6.0000","0.0000","0.0000"
"100005183","BOVA00425","6.0000","6.0000","6.0000","0.0000","0.0000"
"100005183","BOVA00429","6.0000","6.0000","6.0000","0.0000","0.0000"
"100005183","BOVA00430","6.0000","6.0000","6.0000","0.0000","0.0000"
"100005184","BOVE00547","1.0000","1.0000","1.0000","0.0000","0.0000"
"100005185","BOVE00117","2.0000","2.0000","2.0000","0.0000","0.0000"
"100005186","BOCI00398","1.0000","1.0000","1.0000","0.0000","0.0000"
"100005186","BOCI00411","1.0000","1.0000","1.0000","0.0000","0.0000"
"100005187","LLRGRA0052-LLRGRA0052-1-LLRGRA0052-2","1.0000","0.0000","0.0000","1.0000","0.0000"
"100005187","LLRGRA0052-1","1.0000","0.0000","0.0000","0.0000","0.0000"
"100005187","LLRGRA0052-2","1.0000","0.0000","0.0000","0.0000","0.0000"
"100005188","PCUI41605-00","1.0000","1.0000","1.0000","0.0000","0.0000"
"200000033","PPANI41624-00","2.0000","0.0000","0.0000","2.0000","0.0000"
"200000033","PFOUR52550C27","1.0000","0.0000","0.0000","1.0000","0.0000"
"200000033","PSPA52550C31","1.0000","0.0000","0.0000","1.0000","0.0000"
"200000033","PRAS48280-41","1.0000","0.0000","0.0000","1.0000","0.0000"
"200000033","SDO0011047","1.0000","0.0000","0.0000","1.0000","0.0000"
"200000033","CNNCOR0003","1.0000","0.0000","0.0000","1.0000","0.0000"
"200000034","CADEAU750","1.0000","0.0000","0.0000","1.0000","0.0000"
"100005189","PMESU41604-00","1.0000","1.0000","1.0000","0.0000","0.0000"
"100005189","SDO0011059","1.0000","1.0000","1.0000","0.0000","0.0000"
"100005190","BOBB00015","1.0000","1.0000","1.0000","0.0000","0.0000"
"100005191","ME00C127","1.0000","1.0000","1.0000","0.0000","0.0000"
"100005192","BOCI00319","1.0000","1.0000","1.0000","0.0000","0.0000"
"100005193","BOCI00316","1.0000","1.0000","1.0000","0.0000","0.0000"
"100005194","BOBB00098","1.0000","1.0000","1.0000","0.0000","0.0000"
"100005194","LLW0010001","1.0000","1.0000","1.0000","0.0000","0.0000"
"100005194","BOAL01506","1.0000","1.0000","1.0000","0.0000","0.0000"
"100005195","CFU0010002","1.0000","1.0000","1.0000","0.0000","0.0000"
"100005196","BOVE00339","1.0000","1.0000","1.0000","0.0000","0.0000"
"100005196","BOVE00359","1.0000","1.0000","1.0000","0.0000","0.0000"
"100005197","BOVA01339","1.0000","1.0000","1.0000","0.0000","0.0000"
"100005197","BOAL00414","1.0000","1.0000","1.0000","0.0000","0.0000"
"100005198","BOVE00114","1.0000","1.0000","1.0000","0.0000","0.0000"
"100005199","BOVE00503","1.0000","1.0000","1.0000","0.0000","0.0000"
"100005200","ME00C127","1.0000","1.0000","1.0000","0.0000","0.0000"
"100005201","BOVE00113","3.0000","3.0000","3.0000","0.0000","0.0000"
"100005202","BOBB00038","2.0000","2.0000","2.0000","0.0000","0.0000"
"100005203","BOVE00267","7.0000","7.0000","7.0000","0.0000","0.0000"
"100005203","BOVE00268","7.0000","7.0000","7.0000","0.0000","0.0000"
"100005204","BOVE00114","1.0000","1.0000","1.0000","0.0000","0.0000"
"100005205","BOAL00757","2.0000","2.0000","2.0000","0.0000","0.0000"
"100005205","BOAL00759","7.0000","7.0000","7.0000","0.0000","0.0000"
"100005206","BOVE00063","1.0000","1.0000","1.0000","0.0000","0.0000"
"100005207","BOVE00448","1.0000","1.0000","1.0000","0.0000","0.0000"
"100005208","BOVE00359","1.0000","1.0000","1.0000","0.0000","0.0000"
"100005209","ME00C127","1.0000","1.0000","1.0000","0.0000","0.0000"
"100005210","BOCI00578","1.0000","1.0000","1.0000","0.0000","0.0000"
"100005211","BOAL01174-BOAL00317-BOAL00321-BOAL00323-BOAL00325","1.0000","1.0000","1.0000","0.0000","1.0000"
"100005211","BOAL00317","2.0000","1.0000","1.0000","0.0000","2.0000"
"100005211","BOAL00321","2.0000","1.0000","1.0000","0.0000","2.0000"
"100005211","BOAL00323","2.0000","1.0000","1.0000","0.0000","2.0000"
"100005211","BOAL00325","2.0000","1.0000","1.0000","0.0000","2.0000"
"100005212","BOCI00411","1.0000","1.0000","1.0000","0.0000","0.0000"
"100005213","BOVA01198","3.0000","3.0000","3.0000","0.0000","0.0000"
"100005214","ME00C127","1.0000","1.0000","1.0000","0.0000","0.0000"
"100005215","CCS0010002","1.0000","1.0000","1.0000","0.0000","0.0000"
"100005216","BOVE00788","1.0000","1.0000","1.0000","0.0000","0.0000"
"100005217","CCS0010014","2.0000","2.0000","2.0000","0.0000","0.0000"
"100005218","BOBB00061","2.0000","0.0000","0.0000","2.0000","0.0000"
"100005219","BOBB00061","2.0000","2.0000","2.0000","0.0000","0.0000"
"100005220","PGRIL41727-30","3.0000","3.0000","3.0000","0.0000","0.0000"
"100005221","BOVE00478","2.0000","2.0000","2.0000","0.0000","0.0000"
"100005222","CCS0010007","2.0000","2.0000","2.0000","0.0000","0.0000"
"100005222","BOVE00547","1.0000","1.0000","1.0000","0.0000","0.0000"
"100005222","PSEAU44946-03","1.0000","1.0000","1.0000","0.0000","0.0000"
"100005222","BOAL00706","1.0000","1.0000","1.0000","0.0000","0.0000"
"100005222","BOAL00708","1.0000","1.0000","1.0000","0.0000","0.0000"
"100005222","BOAL00707","1.0000","1.0000","1.0000","0.0000","0.0000"
"100005222","BOBB00091","1.0000","1.0000","1.0000","0.0000","0.0000"
"100005223","ME00C127","1.0000","1.0000","1.0000","0.0000","0.0000"
"100005224","BOVE00147","2.0000","2.0000","2.0000","0.0000","0.0000"
"100005224","BOVE00148","2.0000","2.0000","2.0000","0.0000","0.0000"
"100005224","BOVE00540","2.0000","2.0000","2.0000","0.0000","0.0000"
"100005225","BCO0040055-BCO0040049-BCO0040050-BCO0040051-BCO0040052","1.0000","1.0000","1.0000","0.0000","0.0000"
"100005225","BCO0040049","2.0000","1.0000","1.0000","0.0000","0.0000"
"100005225","BCO0040050","2.0000","1.0000","1.0000","0.0000","0.0000"
"100005225","BCO0040051","2.0000","1.0000","1.0000","0.0000","0.0000"
"100005225","BCO0040052","2.0000","1.0000","1.0000","0.0000","0.0000"
"100005226","BOVE00287","1.0000","1.0000","1.0000","0.0000","0.0000"
"100005226","BOVE00312","1.0000","1.0000","1.0000","0.0000","0.0000"
"100005227","CCS0010015","1.0000","1.0000","1.0000","0.0000","0.0000"
"100005228","PMESU41604-00","2.0000","2.0000","2.0000","0.0000","0.0000"
"100005229","CCS0010002","3.0000","3.0000","3.0000","0.0000","0.0000"
"100005230","BOAL00427","2.0000","2.0000","2.0000","0.0000","0.0000"
"100005230","BOAL00423","2.0000","2.0000","2.0000","0.0000","0.0000"
"100005231","BOAL01243-BOAL00428-BOAL00433-BOAL00434-BOAL00436","1.0000","1.0000","1.0000","0.0000","0.0000"
"100005231","BOAL00428","1.0000","1.0000","1.0000","0.0000","0.0000"
"100005231","BOAL00433","1.0000","1.0000","1.0000","0.0000","0.0000"
"100005231","BOAL00434","1.0000","1.0000","1.0000","0.0000","0.0000"
"100005231","BOAL00436","1.0000","1.0000","1.0000","0.0000","0.0000"
"100005232","BOVE00485","3.0000","3.0000","3.0000","0.0000","0.0000"
"100005233","BOVE00520","10.0000","10.0000","10.0000","0.0000","0.0000"
"100005233","BOVE00518","4.0000","4.0000","4.0000","0.0000","0.0000"
"100005234","BOCI00594","1.0000","1.0000","1.0000","0.0000","0.0000"
"100005235","BOAL01389-BOAL00208-BOAL00264-BOAL00222-BOAL00241","1.0000","1.0000","1.0000","0.0000","0.0000"
"100005235","BOAL00208","1.0000","1.0000","1.0000","0.0000","0.0000"
"100005235","BOAL00264","1.0000","1.0000","1.0000","0.0000","0.0000"
"100005235","BOAL00222","1.0000","1.0000","1.0000","0.0000","0.0000"
"100005235","BOAL00241","1.0000","1.0000","1.0000","0.0000","0.0000"
"100005236","BOAL01183-BOAL00327-BOAL00328-BOAL00329-BOAL00330","1.0000","1.0000","1.0000","0.0000","0.0000"
"100005236","BOAL00327","2.0000","1.0000","1.0000","0.0000","0.0000"
"100005236","BOAL00328","2.0000","1.0000","1.0000","0.0000","0.0000"
"100005236","BOAL00329","2.0000","1.0000","1.0000","0.0000","0.0000"
"100005236","BOAL00330","2.0000","1.0000","1.0000","0.0000","0.0000"
"100005237","CCS0010010","3.0000","3.0000","3.0000","0.0000","0.0000"
"100005238","CZITUB0021","1.0000","1.0000","1.0000","0.0000","0.0000"
"100005238","CZITUB0020","4.0000","4.0000","4.0000","0.0000","0.0000"
"100005239","BOAL00710","160.0000","160.0000","160.0000","0.0000","0.0000"
"100005240","ME00C51","1.0000","1.0000","1.0000","0.0000","0.0000"
"100005241","BOUU00075","5.0000","5.0000","5.0000","0.0000","0.0000"
"100005242","BOVA00554","6.0000","6.0000","6.0000","0.0000","0.0000"
"100005242","BOVA00553","6.0000","6.0000","6.0000","0.0000","0.0000"
"100005242","ME00213","1.0000","1.0000","1.0000","0.0000","0.0000"
"100005242","BOCI00414","1.0000","1.0000","1.0000","0.0000","0.0000"
"100005242","PPEL41672-00","1.0000","1.0000","1.0000","0.0000","0.0000"
"100005243","BOVA01529","10.0000","10.0000","10.0000","0.0000","0.0000"
"100005244","BOAL00383","1.0000","1.0000","1.0000","0.0000","0.0000"
"100005245","LLRBAL0077","10.0000","10.0000","10.0000","0.0000","0.0000"
"100005245","LLRBAL0078","5.0000","5.0000","5.0000","0.0000","0.0000"
"100005246","BOAL01183-BOAL00327-BOAL00328-BOAL00329-BOAL00330","1.0000","1.0000","1.0000","0.0000","0.0000"
"100005246","BOAL00327","2.0000","1.0000","1.0000","0.0000","0.0000"
"100005246","BOAL00328","2.0000","1.0000","1.0000","0.0000","0.0000"
"100005246","BOAL00329","2.0000","1.0000","1.0000","0.0000","0.0000"
"100005246","BOAL00330","2.0000","1.0000","1.0000","0.0000","0.0000"
"100005246","BOAL00785","1.0000","1.0000","1.0000","0.0000","0.0000"
"100005246","BOAL00784","1.0000","1.0000","1.0000","0.0000","0.0000"
"100005246","BOVE00554","1.0000","1.0000","1.0000","0.0000","0.0000"
"100005246","PBOUC41608-03","1.0000","1.0000","1.0000","0.0000","0.0000"
"100005247","BOVE00556","1.0000","1.0000","1.0000","0.0000","0.0000"
"100005248","BOVE00197","1.0000","1.0000","1.0000","0.0000","0.0000"
"100005249","CCS0030001","1.0000","1.0000","1.0000","0.0000","0.0000"
"100005250","BOVE00797-BOVE00796-BOVE00795-BOVE00794","6.0000","6.0000","6.0000","0.0000","0.0000"
"100005250","BOVE00796","6.0000","1.0000","1.0000","0.0000","0.0000"
"100005250","BOVE00795","6.0000","1.0000","1.0000","0.0000","0.0000"
"100005250","BOVE00794","6.0000","1.0000","1.0000","0.0000","0.0000"
"100005250","BOVE00281","1.0000","1.0000","1.0000","0.0000","0.0000"
"100005251","BOCI00756","13.0000","13.0000","13.0000","0.0000","0.0000"
"100005252","PPOCH47119-50","5.0000","5.0000","5.0000","0.0000","0.0000"
"100005253","BOVE00443","1.0000","1.0000","1.0000","0.0000","0.0000"
"100005254","BOBB00116","1.0000","1.0000","1.0000","0.0000","0.0000"
"100005254","ME00292-ME00291","1.0000","1.0000","1.0000","0.0000","0.0000"
"100005254","ME00291","6.0000","1.0000","1.0000","0.0000","0.0000"
"100005254","ME00240","1.0000","1.0000","1.0000","0.0000","0.0000"
"100005255","ME00C127","1.0000","1.0000","1.0000","0.0000","0.0000"
"100005256","BOCI00548","2.0000","2.0000","2.0000","0.0000","0.0000"
"100005257","BOVA01242","1.0000","1.0000","1.0000","0.0000","0.0000"
"100005258","ME00C127","1.0000","1.0000","1.0000","0.0000","0.0000"
"100005259","PGAN48511-02","1.0000","1.0000","1.0000","0.0000","0.0000"
"100005260","BOVE00196","1.0000","1.0000","1.0000","0.0000","0.0000"
"100005260","BOVE00278","1.0000","1.0000","1.0000","0.0000","0.0000"
"100005261","BOVA01412","6.0000","6.0000","6.0000","0.0000","0.0000"
"100005262","BOBB00069","1.0000","1.0000","1.0000","0.0000","0.0000"
"100005262","PPASS41603-00","1.0000","1.0000","1.0000","0.0000","0.0000"
"100005262","BOBB00067","1.0000","1.0000","1.0000","0.0000","0.0000"
"100005262","BOVE00341","1.0000","1.0000","1.0000","0.0000","0.0000"
"100005262","PCUI48280-35","1.0000","1.0000","1.0000","0.0000","0.0000"
"100005263","BOVE00296","1.0000","1.0000","1.0000","0.0000","0.0000"
"100005264","BOVE00395","2.0000","2.0000","2.0000","0.0000","0.0000"
"100005265","ME00C127","1.0000","1.0000","1.0000","0.0000","0.0000"
"100005266","BOVE00483","1.0000","1.0000","1.0000","0.0000","0.0000"
"100005267","BOCI00500","1.0000","1.0000","1.0000","0.0000","0.0000"
"100005268","CCS0010014","1.0000","1.0000","1.0000","0.0000","0.0000"
"100005268","CCS0010015","1.0000","1.0000","1.0000","0.0000","0.0000"
"100005269","BOAL01182-BOAL00327-BOAL00328-BOAL00329-BOAL00330","1.0000","1.0000","1.0000","0.0000","0.0000"
"100005269","BOAL00327","1.0000","1.0000","1.0000","0.0000","0.0000"
"100005269","BOAL00328","1.0000","1.0000","1.0000","0.0000","0.0000"
"100005269","BOAL00329","1.0000","1.0000","1.0000","0.0000","0.0000"
"100005269","BOAL00330","1.0000","1.0000","1.0000","0.0000","0.0000"
"100005269","BOBB00016","1.0000","1.0000","1.0000","0.0000","0.0000"
"100005270","LLRPER0058","1.0000","1.0000","1.0000","0.0000","0.0000"
"100005270","LLRPER0057","1.0000","1.0000","1.0000","0.0000","0.0000"
"100005271","VOL00001","4.0000","4.0000","4.0000","0.0000","0.0000"
"100005272","BOVE00088","2.0000","2.0000","2.0000","0.0000","0.0000"
"100005273","BOAL01524-BOAL01508-BOAL01509-BOAL01507-BOAL01510","1.0000","1.0000","1.0000","0.0000","0.0000"
"100005273","BOAL01508","2.0000","1.0000","1.0000","0.0000","0.0000"
"100005273","BOAL01509","2.0000","1.0000","1.0000","0.0000","0.0000"
"100005273","BOAL01507","2.0000","1.0000","1.0000","0.0000","0.0000"
"100005273","BOAL01510","2.0000","1.0000","1.0000","0.0000","0.0000"
"100005274","BOVE00478","1.0000","1.0000","1.0000","0.0000","0.0000"
"100005275","BOVE00547","2.0000","2.0000","2.0000","0.0000","0.0000"
"100005276","BOVA01305","3.0000","3.0000","3.0000","0.0000","0.0000"
"100005277","BOAL00471","1.0000","1.0000","1.0000","0.0000","0.0000"
"100005277","BOAL00475","1.0000","1.0000","1.0000","0.0000","0.0000"
"100005278","CLP0010006","1.0000","1.0000","1.0000","0.0000","0.0000"
"100005279","CCS0010003","2.0000","2.0000","2.0000","0.0000","0.0000"
"100005280","ME00C113","1.0000","0.0000","0.0000","1.0000","0.0000"
"100005280","BOCI00341","1.0000","0.0000","0.0000","1.0000","0.0000"
"100005280","PMAR12917-25","1.0000","0.0000","0.0000","1.0000","0.0000"
"100005280","PROU47035-40","1.0000","0.0000","0.0000","1.0000","0.0000"
"100005281","ME00C113","1.0000","1.0000","1.0000","0.0000","0.0000"
"100005281","BOCI00341","1.0000","1.0000","1.0000","0.0000","0.0000"
"100005281","PMAR12917-25","1.0000","1.0000","1.0000","0.0000","0.0000"
"100005281","PROU47035-40","1.0000","1.0000","1.0000","0.0000","0.0000"
"100005282","BOVE00505","2.0000","2.0000","2.0000","0.0000","0.0000"
"100005283","BOVE00547","1.0000","0.0000","0.0000","1.0000","0.0000"
"100005284","ME00C24","1.0000","1.0000","1.0000","0.0000","0.0000"
"100005285","CBRBAV0001","1.0000","1.0000","1.0000","0.0000","0.0000"
"100005286","BOVE00443","1.0000","1.0000","1.0000","0.0000","0.0000"
"100005287","BOVA01203","1.0000","1.0000","1.0000","0.0000","0.0000"
"100005287","BOVA01201","1.0000","1.0000","1.0000","0.0000","0.0000"
"100005287","BOVE00082","1.0000","1.0000","1.0000","0.0000","0.0000"
"100005287","BOVE00381","1.0000","1.0000","1.0000","0.0000","0.0000"
"100005287","BOVE00569","1.0000","1.0000","1.0000","0.0000","0.0000"
"100005287","BOVE00636","1.0000","1.0000","1.0000","0.0000","0.0000"
"100005288","PPABAR0004","1.0000","1.0000","1.0000","0.0000","0.0000"
"100005288","BOBB00258","1.0000","1.0000","1.0000","0.0000","0.0000"
"100005288","BOBB00259","1.0000","1.0000","1.0000","0.0000","0.0000"
"100005288","BOBB00262","1.0000","1.0000","1.0000","0.0000","0.0000"
"100005289","BOAL00714","10.0000","10.0000","10.0000","0.0000","0.0000"
"100005289","BOBB00045","1.0000","1.0000","1.0000","0.0000","0.0000"
"100005290","BOBB00038","4.0000","0.0000","0.0000","4.0000","0.0000"
"100005290","BOVE00290","3.0000","0.0000","0.0000","3.0000","0.0000"
"100005290","BOVE00309","6.0000","0.0000","0.0000","6.0000","0.0000"
"100005291","BOBB00038","4.0000","4.0000","4.0000","0.0000","0.0000"
"100005291","BOVE00290","3.0000","3.0000","3.0000","0.0000","0.0000"
"100005291","BOVE00309","6.0000","6.0000","6.0000","0.0000","0.0000"
"100005292","CBRYPS0001","1.0000","1.0000","1.0000","0.0000","0.0000"
"100005293","ME00C51","1.0000","1.0000","1.0000","0.0000","0.0000"
"100005294","PPIER18251-02","1.0000","1.0000","1.0000","0.0000","0.0000"
"100005295","PMESU41604-00","1.0000","1.0000","1.0000","0.0000","0.0000"
"100005295","PPAIL48303-02","1.0000","1.0000","1.0000","0.0000","0.0000"
"100005296","BOVA01396","1.0000","1.0000","1.0000","0.0000","0.0000"
"100005297","BOAL00714","10.0000","10.0000","10.0000","0.0000","0.0000"
"100005298","BOCI00583","1.0000","1.0000","1.0000","0.0000","0.0000"
"100005299","PGRIL41727-30","5.0000","5.0000","5.0000","0.0000","0.0000"
"100005300","BOVE00047","1.0000","1.0000","1.0000","0.0000","0.0000"
"100005301","BOAL01414-BOAL00204-BOAL00257-BOAL00235-BOAL00260","1.0000","1.0000","1.0000","0.0000","0.0000"
"100005301","BOVE00156","1.0000","1.0000","1.0000","0.0000","0.0000"
"100005301","BOVA01429","6.0000","6.0000","6.0000","0.0000","0.0000"
"100005301","BOAL00703","1.0000","1.0000","1.0000","0.0000","0.0000"
"100005301","BOVE00359","1.0000","1.0000","1.0000","0.0000","0.0000"
"100005301","BOVE00452","1.0000","1.0000","1.0000","0.0000","0.0000"
"100005301","PPABAR0002","1.0000","1.0000","1.0000","0.0000","0.0000"
"100005301","BOCI00590","1.0000","1.0000","1.0000","0.0000","0.0000"
"100005301","BOVE00526","1.0000","1.0000","1.0000","0.0000","0.0000"
"100005302","ME00C127","1.0000","1.0000","1.0000","0.0000","0.0000"
"100005303","BOAL01183-BOAL00327-BOAL00328-BOAL00329-BOAL00330","1.0000","1.0000","1.0000","0.0000","0.0000"
"100005303","BOAL00327","2.0000","1.0000","1.0000","0.0000","0.0000"
"100005303","BOAL00328","2.0000","1.0000","1.0000","0.0000","0.0000"
"100005303","BOAL00329","2.0000","1.0000","1.0000","0.0000","0.0000"
"100005303","BOAL00330","2.0000","1.0000","1.0000","0.0000","0.0000"
"100005304","ME00136","1.0000","1.0000","1.0000","0.0000","0.0000"
"100005304","ME00233","1.0000","1.0000","1.0000","0.0000","0.0000"
"100005304","ME00257","1.0000","1.0000","1.0000","0.0000","0.0000"
"100005304","ME00255","1.0000","1.0000","1.0000","0.0000","0.0000"
"100005305","BOVE00363","5.0000","5.0000","5.0000","0.0000","0.0000"
"100005306","PPAIL48304-02","1.0000","1.0000","1.0000","0.0000","0.0000"
"100005307","BOVA01395","2.0000","2.0000","2.0000","0.0000","0.0000"
"100005307","BOVE00391","1.0000","1.0000","1.0000","0.0000","0.0000"
"100005307","BOVA01200","2.0000","2.0000","2.0000","0.0000","0.0000"
"100005308","BOVE00109","3.0000","3.0000","3.0000","0.0000","0.0000"
"100005309","BOVE00110","1.0000","1.0000","1.0000","0.0000","0.0000"
"100005310","BOAL01521","1.0000","1.0000","1.0000","0.0000","0.0000"
"100005310","BOAL00930","1.0000","1.0000","1.0000","0.0000","0.0000"
"100005311","BOCI00289","2.0000","2.0000","2.0000","0.0000","0.0000"
"100005312","BOVE00210","1.0000","1.0000","1.0000","0.0000","0.0000"
"100005313","BOAL00716","1.0000","1.0000","1.0000","0.0000","0.0000"
"100005314","BOVA01395","4.0000","4.0000","4.0000","0.0000","0.0000"
"100005314","BOVA01396","4.0000","4.0000","4.0000","0.0000","0.0000"
"100005315","BOVE00114","2.0000","0.0000","0.0000","2.0000","0.0000"
"100005316","BOVE00114","2.0000","2.0000","2.0000","0.0000","0.0000"
"100005317","CNN0030001","1.0000","1.0000","1.0000","0.0000","0.0000"
"100005318","PCOU18237-26","1.0000","1.0000","1.0000","0.0000","0.0000"
"100005319","BOAL01174-BOAL00317-BOAL00321-BOAL00323-BOAL00325","1.0000","1.0000","1.0000","0.0000","1.0000"
"100005319","BOAL00317","2.0000","1.0000","1.0000","0.0000","2.0000"
"100005319","BOAL00321","2.0000","1.0000","1.0000","0.0000","2.0000"
"100005319","BOAL00323","2.0000","1.0000","1.0000","0.0000","2.0000"
"100005319","BOAL00325","2.0000","1.0000","1.0000","0.0000","2.0000"
"100005319","BOAL00317","1.0000","1.0000","1.0000","0.0000","1.0000"
"100005319","BOAL00321","1.0000","1.0000","1.0000","0.0000","1.0000"
"100005319","BOAL01391S-BOAL00264-BOAL00198-BOAL00241-BOAL00222","1.0000","1.0000","1.0000","0.0000","0.0000"
"100005319","BOAL00198","1.0000","1.0000","1.0000","0.0000","0.0000"
"100005319","BOAL00264","1.0000","1.0000","1.0000","0.0000","0.0000"
"100005320","BOVE00243","1.0000","1.0000","1.0000","0.0000","0.0000"
"100005320","BOVE00762","1.0000","1.0000","1.0000","0.0000","0.0000"
"100005321","BOVE00577","2.0000","2.0000","2.0000","0.0000","0.0000"
"100005322","BOAL01495-BOAL01492-BOAL00422-BOAL00424-BOAL00426","1.0000","1.0000","1.0000","0.0000","0.0000"
"100005322","BOAL01492","2.0000","1.0000","1.0000","0.0000","0.0000"
"100005322","BOAL00422","2.0000","1.0000","1.0000","0.0000","0.0000"
"100005322","BOAL00424","2.0000","1.0000","1.0000","0.0000","0.0000"
"100005322","BOAL00426","2.0000","1.0000","1.0000","0.0000","0.0000"
"100005322","BOBB00024","1.0000","1.0000","1.0000","0.0000","0.0000"
"100005323","PPOCH47119-35","1.0000","1.0000","1.0000","0.0000","0.0000"
"100005323","PDOU47357-02","1.0000","1.0000","1.0000","0.0000","0.0000"
"100005324","BOAL01183-BOAL00327-BOAL00328-BOAL00329-BOAL00330","2.0000","2.0000","2.0000","0.0000","0.0000"
"100005324","BOAL00327","4.0000","1.0000","1.0000","0.0000","0.0000"
"100005324","BOAL00328","4.0000","1.0000","1.0000","0.0000","0.0000"
"100005324","BOAL00329","4.0000","1.0000","1.0000","0.0000","0.0000"
"100005324","BOAL00330","4.0000","1.0000","1.0000","0.0000","0.0000"
"100005325","VOL00057","2.0000","2.0000","2.0000","0.0000","0.0000"
"100005326","BOVA01407","12.0000","12.0000","12.0000","0.0000","0.0000"
"100005327","BOVE00470","1.0000","1.0000","1.0000","0.0000","0.0000"
"100005328","BOBB00295","1.0000","1.0000","1.0000","0.0000","0.0000"
"100005329","BOVE00793","1.0000","1.0000","1.0000","0.0000","0.0000"
"100005329","BOVE00792","1.0000","1.0000","1.0000","0.0000","0.0000"
"100005329","BOVE00791","1.0000","1.0000","1.0000","0.0000","0.0000"
"100005330","PPABAR0004","1.0000","1.0000","1.0000","0.0000","0.0000"
"100005330","PMESU41604-00","1.0000","1.0000","1.0000","0.0000","0.0000"
"100005331","BOVE00599","3.0000","3.0000","3.0000","0.0000","0.0000"
"100005332","BOAL00409","1.0000","1.0000","1.0000","0.0000","0.0000"
"100005332","BOAL00411","1.0000","1.0000","1.0000","0.0000","0.0000"
"100005333","BOVE00250","3.0000","3.0000","3.0000","0.0000","0.0000"
"100005333","BOVE00771","3.0000","3.0000","3.0000","0.0000","0.0000"
"100005334","BOBB00080","1.0000","1.0000","1.0000","0.0000","0.0000"
"100005335","BOVE00065","1.0000","1.0000","1.0000","0.0000","0.0000"
"100005336","CBR0050001","4.0000","4.0000","4.0000","0.0000","0.0000"
"100005337","BOAL00721","3.0000","3.0000","3.0000","0.0000","0.0000"
"100005338","LLRCAD0114","1.0000","1.0000","1.0000","0.0000","0.0000"
"100005339","PSHAK41483-06","1.0000","1.0000","1.0000","0.0000","0.0000"
"100005340","ME00005","6.0000","6.0000","6.0000","0.0000","0.0000"
"100005341","PCOU48280-23","1.0000","1.0000","1.0000","0.0000","0.0000"
"100005342","BET0160002-BOAL00664-BOAL00665-BOAL00668-BOAL00666","1.0000","1.0000","1.0000","0.0000","0.0000"
"100005342","BOAL00664","1.0000","1.0000","1.0000","0.0000","0.0000"
"100005342","BOAL00665","1.0000","1.0000","1.0000","0.0000","0.0000"
"100005342","BOAL00668","1.0000","1.0000","1.0000","0.0000","0.0000"
"100005342","BOAL00666","1.0000","1.0000","1.0000","0.0000","0.0000"
"100005343","BBR0010001","1.0000","0.0000","0.0000","1.0000","0.0000"
"100005344","BBR0010001","1.0000","1.0000","1.0000","0.0000","0.0000"
"100005345","BOAL01523-BOAL01508-BOAL01509-BOAL01507-BOAL01510","1.0000","1.0000","1.0000","0.0000","0.0000"
"100005345","BOAL01508","1.0000","1.0000","1.0000","0.0000","0.0000"
"100005345","BOAL01509","1.0000","1.0000","1.0000","0.0000","0.0000"
"100005345","BOAL01507","1.0000","1.0000","1.0000","0.0000","0.0000"
"100005345","BOAL01510","1.0000","1.0000","1.0000","0.0000","0.0000"
"100005346","PTHE19706-00","1.0000","1.0000","1.0000","0.0000","0.0000"
"100005347","BOVE00468","1.0000","1.0000","1.0000","0.0000","0.0000"
"100005348","ME00C127","1.0000","1.0000","1.0000","0.0000","0.0000"
"100005349","ME00137","2.0000","2.0000","2.0000","0.0000","0.0000"
"100005349","ME00148","2.0000","2.0000","2.0000","0.0000","0.0000"
"100005349","ME00214","1.0000","1.0000","1.0000","0.0000","0.0000"
"100005350","BOVE00682","2.0000","2.0000","2.0000","0.0000","0.0000"
"100005351","PTHE49885-02","3.0000","3.0000","3.0000","0.0000","0.0000"
"100005352","BOVE00296","1.0000","1.0000","1.0000","0.0000","0.0000"
"100005353","LLRBOR0118","2.0000","2.0000","2.0000","0.0000","0.0000"
"100005354","BOVE00341","1.0000","1.0000","1.0000","0.0000","0.0000"
"100005355","PPRES41606-01","2.0000","0.0000","0.0000","2.0000","0.0000"
"100005355","PPRES41606-00","1.0000","0.0000","0.0000","1.0000","0.0000"
"100005356","PPRES41606-01","2.0000","2.0000","2.0000","0.0000","0.0000"
"100005356","PPRES41606-00","1.0000","1.0000","1.0000","0.0000","0.0000"
"100005357","ME00C127","1.0000","0.0000","0.0000","1.0000","0.0000"
"100005358","ME00C127","1.0000","1.0000","1.0000","0.0000","0.0000"
"100005359","BOVE00547","1.0000","1.0000","1.0000","0.0000","0.0000"
"100005360","BOBB00016","10.0000","10.0000","10.0000","0.0000","0.0000"
"100005360","BOAL00784","10.0000","10.0000","10.0000","0.0000","0.0000"
"100005360","BOAL00785","10.0000","10.0000","10.0000","0.0000","0.0000"
"100005360","PCUI41675-00","3.0000","3.0000","3.0000","0.0000","0.0000"
"100005360","BOBB00192","3.0000","3.0000","3.0000","0.0000","0.0000"
"100005360","BOBB00182","1.0000","1.0000","1.0000","0.0000","0.0000"
"100005361","BOVE00443","7.0000","7.0000","7.0000","0.0000","0.0000"
"100005362","BOAL01174-BOAL00317-BOAL00321-BOAL00323-BOAL00325","1.0000","0.0000","0.0000","1.0000","0.0000"
"100005362","BOAL00317","2.0000","0.0000","0.0000","0.0000","0.0000"
"100005362","BOAL00321","2.0000","0.0000","0.0000","0.0000","0.0000"
"100005362","BOAL00323","2.0000","0.0000","0.0000","0.0000","0.0000"
"100005362","BOAL00325","2.0000","0.0000","0.0000","0.0000","0.0000"
"100005362","BOAL00317","1.0000","0.0000","0.0000","1.0000","0.0000"
"100005362","BOAL00319","2.0000","0.0000","0.0000","2.0000","0.0000"
"100005362","BOAL00321","1.0000","0.0000","0.0000","1.0000","0.0000"
"100005362","BOAL00323","2.0000","0.0000","0.0000","2.0000","0.0000"
"100005362","BOAL00322","2.0000","0.0000","0.0000","2.0000","0.0000"
"100005362","BOAL00324","2.0000","0.0000","0.0000","2.0000","0.0000"
"100005363","BOAL01174-BOAL00317-BOAL00321-BOAL00323-BOAL00325","1.0000","1.0000","1.0000","0.0000","0.0000"
"100005363","BOAL00317","2.0000","1.0000","1.0000","0.0000","0.0000"
"100005363","BOAL00321","2.0000","1.0000","1.0000","0.0000","0.0000"
"100005363","BOAL00323","2.0000","1.0000","1.0000","0.0000","0.0000"
"100005363","BOAL00325","2.0000","1.0000","1.0000","0.0000","0.0000"
"100005363","BOAL00317","1.0000","1.0000","1.0000","0.0000","0.0000"
"100005363","BOAL00319","2.0000","2.0000","2.0000","0.0000","0.0000"
"100005363","BOAL00321","1.0000","1.0000","1.0000","0.0000","0.0000"
"100005363","BOAL00323","2.0000","2.0000","2.0000","0.0000","0.0000"
"100005363","BOAL00322","2.0000","2.0000","2.0000","0.0000","0.0000"
"100005363","BOAL00324","2.0000","2.0000","2.0000","0.0000","0.0000"
"100005364","BOVE00393","1.0000","1.0000","1.0000","0.0000","0.0000"
"100005365","BOVE00772","1.0000","1.0000","1.0000","0.0000","0.0000"
"200000035","BOVE00522","1.0000","1.0000","1.0000","0.0000","0.0000"
"200000035","BBR0010002","1.0000","1.0000","1.0000","0.0000","0.0000"
"200000035","BOVE00457","1.0000","1.0000","1.0000","0.0000","0.0000"
"200000035","BOVE00520","1.0000","1.0000","1.0000","0.0000","0.0000"
"200000035","BOVE00518","1.0000","1.0000","1.0000","0.0000","0.0000"
"100005366","BOVA01223","7.0000","7.0000","7.0000","0.0000","0.0000"
"100005366","BOVE00198","2.0000","2.0000","2.0000","0.0000","0.0000"
"100005366","BOVE00199","2.0000","2.0000","2.0000","0.0000","0.0000"
"100005366","BOVE00200","2.0000","2.0000","2.0000","0.0000","0.0000"
"100005366","BOCI00503","1.0000","1.0000","1.0000","0.0000","0.0000"
"100005366","BOVE00389IB","3.0000","3.0000","3.0000","0.0000","0.0000"
"100005367","BOAL01186-BOAL00340-BOAL00343-BOAL00347-BOAL00349","1.0000","1.0000","1.0000","0.0000","0.0000"
"100005367","BOAL00340","2.0000","1.0000","1.0000","0.0000","0.0000"
"100005367","BOAL00343","2.0000","1.0000","1.0000","0.0000","0.0000"
"100005367","BOAL00347","2.0000","1.0000","1.0000","0.0000","0.0000"
"100005367","BOAL00349","2.0000","1.0000","1.0000","0.0000","0.0000"
"100005367","BOAL00341","2.0000","2.0000","2.0000","0.0000","0.0000"
"100005367","BOAL00346","1.0000","1.0000","1.0000","0.0000","0.0000"
"100005368","BOVE00117","2.0000","2.0000","2.0000","0.0000","0.0000"
"100005368","BOVA01424","12.0000","12.0000","12.0000","0.0000","0.0000"
"100005368","BOAL01389-BOAL00208-BOAL00264-BOAL00222-BOAL00241","2.0000","2.0000","2.0000","0.0000","0.0000"
"100005368","BOAL00208","2.0000","1.0000","1.0000","0.0000","0.0000"
"100005368","BOAL00264","2.0000","1.0000","1.0000","0.0000","0.0000"
"100005368","BOAL00222","2.0000","1.0000","1.0000","0.0000","0.0000"
"100005368","BOAL00241","2.0000","1.0000","1.0000","0.0000","0.0000"
"100005368","BOVE00278","4.0000","4.0000","4.0000","0.0000","0.0000"
"100005368","ME00160","2.0000","2.0000","2.0000","0.0000","0.0000"
"100005368","BOCI00445","1.0000","1.0000","1.0000","0.0000","0.0000"
"100005368","BOCI00448","1.0000","1.0000","1.0000","0.0000","0.0000"
"100005368","BOCI00452","1.0000","1.0000","1.0000","0.0000","0.0000"
"100005369","ME00C51","1.0000","1.0000","1.0000","0.0000","0.0000"
"100005370","FFE0050008","6.0000","6.0000","6.0000","0.0000","0.0000"
"100005371","BOCI00754","12.0000","12.0000","12.0000","0.0000","0.0000"
"100005371","BOCI00749","12.0000","12.0000","3.0000","0.0000","9.0000"
"100005372","BOAL00798","2.0000","2.0000","2.0000","0.0000","0.0000"
"100005372","BOVE00547","1.0000","1.0000","1.0000","0.0000","0.0000"
"100005373","BOVA00945","20.0000","20.0000","20.0000","0.0000","0.0000"
"100005374","BOVE00148","10.0000","10.0000","10.0000","0.0000","0.0000"
"100005375","BOVE00391","1.0000","1.0000","1.0000","0.0000","0.0000"
"100005375","BOVE00636","1.0000","1.0000","1.0000","0.0000","0.0000"
"100005376","BOCI00346","1.0000","0.0000","0.0000","1.0000","0.0000"
"100005376","BOCI00349","1.0000","0.0000","0.0000","1.0000","0.0000"
"100005377","BOCI00346","1.0000","0.0000","0.0000","1.0000","0.0000"
"100005377","BOCI00349","1.0000","0.0000","0.0000","1.0000","0.0000"
"100005378","BOCI00346","1.0000","0.0000","0.0000","1.0000","0.0000"
"100005378","BOCI00349","1.0000","0.0000","0.0000","1.0000","0.0000"
"100005379","BOBB00038","2.0000","2.0000","2.0000","0.0000","0.0000"
"100005380","BOVE00704","1.0000","1.0000","1.0000","0.0000","0.0000"
"100005381","BOCI00586","1.0000","1.0000","1.0000","0.0000","0.0000"
"100005382","BOAL00656","1.0000","1.0000","1.0000","0.0000","0.0000"
"100005382","BOAL00657","1.0000","1.0000","1.0000","0.0000","0.0000"
"100005382","BOAL00661","1.0000","1.0000","1.0000","0.0000","0.0000"
"100005382","BOAL00662","1.0000","1.0000","1.0000","0.0000","0.0000"
"100005383","CCS0010003","1.0000","1.0000","1.0000","0.0000","0.0000"
"100005384","BOBB00099","5.0000","5.0000","5.0000","0.0000","0.0000"
"100005384","BOBB00100","2.0000","2.0000","2.0000","0.0000","0.0000"
"100005384","BOBB00124","2.0000","2.0000","2.0000","0.0000","0.0000"
"100005385","BOVE00155","1.0000","1.0000","1.0000","0.0000","0.0000"
"100005386","BOVE00162","2.0000","2.0000","2.0000","0.0000","0.0000"
"100005386","ME00C127","1.0000","1.0000","1.0000","0.0000","0.0000"
"200000036","BOAL00753","1.0000","1.0000","1.0000","0.0000","0.0000"
"100005387","BOCI00578","1.0000","0.0000","0.0000","1.0000","0.0000"
"100005388","BOVE00281","1.0000","1.0000","1.0000","0.0000","0.0000"
"100005389","BOVE00590","1.0000","0.0000","0.0000","1.0000","0.0000"
"100005389","BOCI00340","2.0000","0.0000","0.0000","2.0000","0.0000"
"100005389","PSHAK41481-02","1.0000","0.0000","0.0000","1.0000","0.0000"
"100005390","BOBB00038","2.0000","2.0000","2.0000","0.0000","0.0000"
"100005391","ME00C127","1.0000","0.0000","0.0000","1.0000","0.0000"
"100005392","ME00C127","1.0000","1.0000","1.0000","0.0000","0.0000"
"100005393","BOVE00267","2.0000","2.0000","2.0000","0.0000","0.0000"
"100005394","BOVA00427","4.0000","4.0000","4.0000","0.0000","0.0000"
"100005395","BOVE00363","7.0000","7.0000","7.0000","0.0000","0.0000"
"100005396","BOAL01174-BOAL00317-BOAL00321-BOAL00323-BOAL00325","1.0000","1.0000","1.0000","0.0000","0.0000"
"100005396","BOAL00317","2.0000","1.0000","1.0000","0.0000","0.0000"
"100005396","BOAL00321","2.0000","1.0000","1.0000","0.0000","0.0000"
"100005396","BOAL00323","2.0000","1.0000","1.0000","0.0000","0.0000"
"100005396","BOAL00325","2.0000","1.0000","1.0000","0.0000","0.0000"
"100005397","BOAL01524-BOAL01508-BOAL01509-BOAL01507-BOAL01510","1.0000","1.0000","1.0000","0.0000","0.0000"
"100005397","BOAL01508","2.0000","1.0000","1.0000","0.0000","0.0000"
"100005397","BOAL01509","2.0000","1.0000","1.0000","0.0000","0.0000"
"100005397","BOAL01507","2.0000","1.0000","1.0000","0.0000","0.0000"
"100005397","BOAL01510","2.0000","1.0000","1.0000","0.0000","0.0000"
"100005398","BOVA01174","6.0000","6.0000","6.0000","0.0000","0.0000"
"100005399","BOVE00770","2.0000","2.0000","2.0000","0.0000","0.0000"
"100005400","BOVE00547","1.0000","1.0000","1.0000","0.0000","0.0000"
"100005401","BOAL00347","2.0000","2.0000","2.0000","0.0000","0.0000"
"100005402","CBR0050001","2.0000","2.0000","2.0000","0.0000","0.0000"
"100005403","BOVE00113","1.0000","1.0000","1.0000","0.0000","0.0000"
"100005404","PFLE47742-48","1.0000","1.0000","1.0000","0.0000","0.0000"
"100005405","BOVE00725","2.0000","2.0000","2.0000","0.0000","0.0000"
"100005406","LLRCHA0110","2.0000","2.0000","2.0000","0.0000","0.0000"
"100005407","BOCI00649","1.0000","1.0000","1.0000","0.0000","0.0000"
"100005407","BOCI00859","1.0000","1.0000","1.0000","0.0000","0.0000"
"100005407","PCUI48280-36","1.0000","1.0000","1.0000","0.0000","0.0000"
"100005408","BET0170002-BOAL00656-BOAL00661-BOAL00663-BOAL00658-BOAL00660-BOAL00662-BOAL01503","1.0000","1.0000","1.0000","0.0000","0.0000"
"100005408","BOAL00656","2.0000","1.0000","1.0000","0.0000","0.0000"
"100005408","BOAL00661","2.0000","1.0000","1.0000","0.0000","0.0000"
"100005408","BOAL00663","2.0000","1.0000","1.0000","0.0000","0.0000"
"100005408","BOAL00658","2.0000","1.0000","1.0000","0.0000","0.0000"
"100005408","BOAL00660","2.0000","1.0000","1.0000","0.0000","0.0000"
"100005408","BOAL00662","2.0000","1.0000","1.0000","0.0000","0.0000"
"100005408","BOAL01503","2.0000","1.0000","1.0000","0.0000","0.0000"
"100005408","LLRSOL0032","1.0000","1.0000","1.0000","0.0000","0.0000"
"100005408","LLRSOL0031","1.0000","1.0000","1.0000","0.0000","0.0000"
"100005409","BOVE00755","1.0000","1.0000","1.0000","0.0000","0.0000"
"100005409","BOVE00756","2.0000","2.0000","2.0000","0.0000","0.0000"
"100005409","BOVE00242","1.0000","1.0000","1.0000","0.0000","0.0000"
"100005410","BOVE00524","2.0000","2.0000","2.0000","0.0000","0.0000"
"100005411","PSHAK41479-00","1.0000","0.0000","0.0000","1.0000","0.0000"
"100005411","PPABAR0002","1.0000","0.0000","0.0000","1.0000","0.0000"
"100005412","PSHAK41479-00","1.0000","1.0000","1.0000","0.0000","0.0000"
"100005412","PPABAR0002","1.0000","1.0000","1.0000","0.0000","0.0000"
"100005413","BOVE00335","1.0000","1.0000","1.0000","0.0000","0.0000"
"100005414","BOVE00570","3.0000","3.0000","3.0000","0.0000","0.0000"
"100005415","BOUU00017","4.0000","4.0000","4.0000","0.0000","0.0000"
"100005415","BOUU00008","1.0000","1.0000","1.0000","0.0000","0.0000"
"100005415","BOUU00021","8.0000","8.0000","8.0000","0.0000","0.0000"
"100005416","ME00C127","2.0000","2.0000","2.0000","0.0000","0.0000"
"100005417","BOVE00556","1.0000","1.0000","1.0000","0.0000","0.0000"
"100005417","BOCI00340","1.0000","1.0000","1.0000","0.0000","0.0000"
"100005417","BOVE00568","1.0000","1.0000","1.0000","0.0000","0.0000"
"100005418","BOVE00296","1.0000","1.0000","1.0000","0.0000","0.0000"
"100005419","ME00C127","1.0000","1.0000","1.0000","0.0000","0.0000"
"100005419","BOCI00459","1.0000","1.0000","1.0000","0.0000","0.0000"
"100005419","BOCI00438","1.0000","1.0000","1.0000","0.0000","0.0000"
"100005420","BOBB00038","3.0000","3.0000","3.0000","0.0000","0.0000"
"100005421","BOVE00557","1.0000","1.0000","1.0000","0.0000","0.0000"
"100005421","BOVE00559","1.0000","1.0000","1.0000","0.0000","0.0000"
"100005422","PFOU12927-35","1.0000","1.0000","1.0000","0.0000","0.0000"
"100005422","PFOU12929-35","1.0000","1.0000","1.0000","0.0000","0.0000"
"100005422","BOCI00368","1.0000","1.0000","1.0000","0.0000","0.0000"
"100005422","PMAR12916-33","1.0000","1.0000","1.0000","0.0000","0.0000"
"100005422","BOCI00342","1.0000","1.0000","1.0000","0.0000","0.0000"
"100005422","PMAR12915-35","1.0000","1.0000","1.0000","0.0000","0.0000"
"100005423","BOVE00454","4.0000","4.0000","4.0000","0.0000","0.0000"
"100005424","CLP0010001","1.0000","1.0000","1.0000","0.0000","0.0000"
"100005425","PCOR42956-28","1.0000","1.0000","1.0000","0.0000","0.0000"
"100005426","BOVA01411","12.0000","0.0000","0.0000","12.0000","0.0000"
"100005427","BOVE00615","1.0000","1.0000","1.0000","0.0000","0.0000"
"100005428","BOVE00114","1.0000","1.0000","1.0000","0.0000","0.0000"
"100005429","BOVE00485","1.0000","1.0000","1.0000","0.0000","0.0000"
"100005430","BOAL00921","1.0000","1.0000","1.0000","0.0000","0.0000"
"100005431","BOVA01527","2.0000","2.0000","2.0000","0.0000","0.0000"
"100005432","BOCI00655","1.0000","0.0000","0.0000","1.0000","0.0000"
"100005433","BOCI00655","1.0000","1.0000","1.0000","0.0000","0.0000"
"100005434","BOAL00711","30.0000","0.0000","0.0000","30.0000","0.0000"
"100005435","BOVE00513","1.0000","1.0000","1.0000","0.0000","0.0000"
"100005436","PDECOU47415-08","1.0000","1.0000","1.0000","0.0000","0.0000"
"100005437","LLRPER0062","2.0000","2.0000","2.0000","0.0000","0.0000"
"100005437","LLRPER0063","2.0000","2.0000","2.0000","0.0000","0.0000"
"100005437","LLRPER0060","2.0000","2.0000","2.0000","0.0000","0.0000"
"100005438","BOVE00224","1.0000","1.0000","1.0000","0.0000","0.0000"
"100005439","BOVA01401","12.0000","12.0000","12.0000","0.0000","0.0000"
"100005440","BAM0020006-BAM0020001-BAM0020002-BAM0020003-BAM0020004","1.0000","1.0000","1.0000","0.0000","0.0000"
"100005440","BAM0020001","1.0000","1.0000","1.0000","0.0000","0.0000"
"100005440","BAM0020002","1.0000","1.0000","1.0000","0.0000","0.0000"
"100005440","BAM0020003","1.0000","1.0000","1.0000","0.0000","0.0000"
"100005440","BAM0020004","1.0000","1.0000","1.0000","0.0000","0.0000"
"100005441","BOAL00784","7.0000","0.0000","0.0000","7.0000","0.0000"
"100005441","BOAL00785","7.0000","0.0000","0.0000","7.0000","0.0000"
"100005442","PDOU47357-22","1.0000","1.0000","1.0000","0.0000","0.0000"
"100005442","PPOCH47119-30","1.0000","1.0000","1.0000","0.0000","0.0000"
"100005443","BOVE00658","1.0000","1.0000","1.0000","0.0000","0.0000"
"100005444","BOVE00306","1.0000","1.0000","1.0000","0.0000","0.0000"
"100005445","BOVE00088","1.0000","1.0000","1.0000","0.0000","0.0000"
"100005446","BCO0010011-BCO0010004-BCO0010001-BCO0010002-BCO0010003","1.0000","1.0000","1.0000","0.0000","0.0000"
"100005446","BCO0010004","1.0000","1.0000","1.0000","0.0000","0.0000"
"100005446","BCO0010001","1.0000","1.0000","1.0000","0.0000","0.0000"
"100005446","BCO0010002","1.0000","1.0000","1.0000","0.0000","0.0000"
"100005446","BCO0010003","1.0000","1.0000","1.0000","0.0000","0.0000"
"100005446","BCO0010006","1.0000","1.0000","1.0000","0.0000","0.0000"
"100005446","BCO0010007","1.0000","1.0000","1.0000","0.0000","0.0000"
"100005446","BCO0010010","1.0000","1.0000","1.0000","0.0000","0.0000"
"100005446","BCO0010009","1.0000","1.0000","1.0000","0.0000","0.0000"
"100005447","BOVE00360","1.0000","1.0000","1.0000","0.0000","0.0000"
"100005448","BOAL00456","2.0000","2.0000","2.0000","0.0000","0.0000"
"100005448","BOAL00448","2.0000","2.0000","2.0000","0.0000","0.0000"
"100005448","BOAL00452","2.0000","2.0000","2.0000","0.0000","0.0000"
"100005448","BOAL00455","2.0000","2.0000","2.0000","0.0000","0.0000"
"100005449","BOVE00639","2.0000","2.0000","2.0000","0.0000","0.0000"
"100005450","ME00C127","1.0000","1.0000","1.0000","0.0000","0.0000"
"100005451","BOVE00264","2.0000","2.0000","2.0000","0.0000","0.0000"
"100005451","BOAL01456-BOAL00656-BOAL00661-BOAL00662-BOAL00663","1.0000","1.0000","1.0000","0.0000","0.0000"
"100005451","BOAL00656","1.0000","1.0000","1.0000","0.0000","0.0000"
"100005451","BOAL00661","1.0000","1.0000","1.0000","0.0000","0.0000"
"100005451","BOAL00662","1.0000","1.0000","1.0000","0.0000","0.0000"
"100005451","BOAL00663","1.0000","1.0000","1.0000","0.0000","0.0000"
"100005451","BOAL00661","1.0000","1.0000","1.0000","0.0000","0.0000"
"100005451","BOAL00703","1.0000","1.0000","1.0000","0.0000","0.0000"
"100005451","BOAL00662","1.0000","1.0000","1.0000","0.0000","0.0000"
"100005452","PMESU41604-00","1.0000","1.0000","1.0000","0.0000","0.0000"
"100005453","BOVE00513","1.0000","1.0000","1.0000","0.0000","0.0000"
"100005454","BAR0110009-BAR0110002-BAR0110004-BAR0110006-BAR0110005","1.0000","1.0000","1.0000","0.0000","0.0000"
"100005454","BAR0110002","2.0000","1.0000","1.0000","0.0000","0.0000"
"100005454","BAR0110004","2.0000","1.0000","1.0000","0.0000","0.0000"
"100005454","BAR0110006","2.0000","1.0000","1.0000","0.0000","0.0000"
"100005454","BAR0110005","2.0000","1.0000","1.0000","0.0000","0.0000"
"100005454","BOVE00391IB","2.0000","2.0000","2.0000","0.0000","0.0000"
"100005454","BOVE00094","2.0000","2.0000","2.0000","0.0000","0.0000"
"100005454","CAR0020001","1.0000","1.0000","1.0000","0.0000","0.0000"
"100005454","BOVE00724","1.0000","1.0000","1.0000","0.0000","0.0000"
"100005454","BOVE00622","1.0000","1.0000","1.0000","0.0000","0.0000"
"100005454","BOVA01220","1.0000","1.0000","1.0000","0.0000","0.0000"
"100005454","BOVE00308","1.0000","1.0000","1.0000","0.0000","0.0000"
"100005454","CAR0080001","1.0000","1.0000","1.0000","0.0000","0.0000"
"100005454","BOVE00289","1.0000","1.0000","1.0000","0.0000","0.0000"
"100005454","BOVA01207","1.0000","1.0000","1.0000","0.0000","0.0000"
"100005454","BOVA01205","1.0000","1.0000","1.0000","0.0000","0.0000"
"100005454","BOAL00922","1.0000","1.0000","1.0000","0.0000","0.0000"
"100005454","BOVE00309","1.0000","1.0000","1.0000","0.0000","0.0000"
"100005454","BOBB00045","1.0000","1.0000","1.0000","0.0000","0.0000"
"100005454","BOBB00033","1.0000","1.0000","1.0000","0.0000","0.0000"
"100005454","BOVA01219","1.0000","1.0000","1.0000","0.0000","0.0000"
"100005455","BOAL00784","7.0000","7.0000","7.0000","0.0000","0.0000"
"100005455","BOAL00785","7.0000","7.0000","7.0000","0.0000","0.0000"
"100005455","CNN0050002","7.0000","7.0000","7.0000","0.0000","0.0000"
"100005456","LLRCHA0110","2.0000","2.0000","2.0000","0.0000","0.0000"
"100005457","SDO0048202","2.0000","2.0000","2.0000","0.0000","0.0000"
"100005458","BOVE00790","1.0000","1.0000","1.0000","0.0000","0.0000"
"100005458","BOVE00789","1.0000","1.0000","1.0000","0.0000","0.0000"
"100005459","BOVE00797-BOVE00796-BOVE00795-BOVE00794","10.0000","10.0000","10.0000","0.0000","0.0000"
"100005459","BOVE00796","10.0000","1.0000","1.0000","0.0000","0.0000"
"100005459","BOVE00795","10.0000","1.0000","1.0000","0.0000","0.0000"
"100005459","BOVE00794","10.0000","1.0000","1.0000","0.0000","0.0000"
"100005460","BOCI00641","1.0000","1.0000","1.0000","0.0000","0.0000"
"100005460","BOCI00642","1.0000","1.0000","1.0000","0.0000","0.0000"
"100005461","ME00C127","1.0000","1.0000","1.0000","0.0000","0.0000"
"100005461","BOAL00641","2.0000","2.0000","2.0000","0.0000","0.0000"
"100005461","BOAL00638","2.0000","2.0000","2.0000","0.0000","0.0000"
"100005462","CIT0010001","1.0000","1.0000","1.0000","0.0000","0.0000"
"100005462","BOBB00238","1.0000","1.0000","1.0000","0.0000","0.0000"
"100005462","SDO0011059","1.0000","1.0000","1.0000","0.0000","0.0000"
"100005462","PPAIL48303-05","1.0000","1.0000","1.0000","0.0000","0.0000"
"100005463","LLRVEN0088","1.0000","1.0000","1.0000","0.0000","0.0000"
"100005464","ME00294-ME00293","2.0000","2.0000","2.0000","0.0000","2.0000"
"100005465","BOVE00517","2.0000","2.0000","2.0000","0.0000","0.0000"
"100005466","BOVE00556","2.0000","2.0000","2.0000","0.0000","0.0000"
"100005467","BOVE00478","1.0000","1.0000","1.0000","0.0000","0.0000"
"100005468","BOVE00681","7.0000","7.0000","7.0000","0.0000","0.0000"
"100005468","BOVE00658","5.0000","5.0000","5.0000","0.0000","0.0000"
"100005469","BOCI00595","1.0000","1.0000","1.0000","0.0000","0.0000"
"100005470","BOAL00347","2.0000","2.0000","2.0000","0.0000","0.0000"
"100005471","CARPIC0001","1.0000","1.0000","1.0000","0.0000","0.0000"
"100005472","BOVE00704","1.0000","1.0000","1.0000","0.0000","0.0000"
"100005473","BOAL00785","16.0000","16.0000","16.0000","0.0000","0.0000"
"100005473","BOAL00710","8.0000","8.0000","8.0000","0.0000","0.0000"
"100005474","BOAL00261","2.0000","0.0000","0.0000","2.0000","0.0000"
"100005475","BOAL00261","2.0000","0.0000","0.0000","2.0000","0.0000"
"100005476","BOVE00658","1.0000","1.0000","1.0000","0.0000","0.0000"
"100005477","CCS0010016","2.0000","0.0000","0.0000","2.0000","0.0000"
"100005478","BOVE00141","2.0000","2.0000","2.0000","0.0000","0.0000"
"100005478","BOVE00143","1.0000","1.0000","1.0000","0.0000","0.0000"
"100005479","BOVE00327","10.0000","10.0000","10.0000","0.0000","0.0000"
"100005480","BOVE00468","3.0000","3.0000","3.0000","0.0000","0.0000"
"100005481","BOBB00038","1.0000","1.0000","1.0000","0.0000","0.0000"
"100005481","BOVE00100","1.0000","1.0000","1.0000","0.0000","0.0000"
"100005482","BOAL01457-BOAL00656-BOAL00661-BOAL00662-BOAL00663","1.0000","1.0000","1.0000","0.0000","0.0000"
"100005482","BOAL00656","2.0000","1.0000","1.0000","0.0000","0.0000"
"100005482","BOAL00661","2.0000","1.0000","1.0000","0.0000","0.0000"
"100005482","BOAL00662","2.0000","1.0000","1.0000","0.0000","0.0000"
"100005482","BOAL00663","2.0000","1.0000","1.0000","0.0000","0.0000"
"100005483","ME00C113","1.0000","1.0000","1.0000","0.0000","0.0000"
"100005484","ME00C127","1.0000","1.0000","1.0000","0.0000","0.0000"
"100005485","BOVE00093","2.0000","2.0000","2.0000","0.0000","0.0000"
"100005485","BOVE00094","2.0000","2.0000","2.0000","0.0000","0.0000"
"100005485","CAR0020001","2.0000","2.0000","2.0000","0.0000","0.0000"
"100005486","BOAL00261","2.0000","0.0000","0.0000","2.0000","0.0000"
"100005487","BOAL00261","2.0000","2.0000","2.0000","0.0000","0.0000"
"100005488","ME00C127","1.0000","1.0000","1.0000","0.0000","1.0000"
"100005488","CDU0010001","2.0000","2.0000","2.0000","0.0000","0.0000"
"100005488","BOVE00344","2.0000","2.0000","2.0000","0.0000","0.0000"
"100005488","PGRIL41727-30","1.0000","1.0000","1.0000","0.0000","0.0000"
"100005488","PGRIL41727-36","1.0000","1.0000","1.0000","0.0000","0.0000"
"100005488","BOVE00516","2.0000","2.0000","2.0000","0.0000","0.0000"
"100005489"," BCO0020027-BCO0020019-BCO0020018-BCO0020020-BCO0020021","1.0000","1.0000","1.0000","0.0000","0.0000"
"100005489","BCO0020019","1.0000","1.0000","1.0000","0.0000","0.0000"
"100005489","BCO0020018","1.0000","1.0000","1.0000","0.0000","0.0000"
"100005489","BCO0020020","1.0000","1.0000","1.0000","0.0000","0.0000"
"100005489","BCO0020021","1.0000","1.0000","1.0000","0.0000","0.0000"
"100005489","CCS0030005","2.0000","2.0000","2.0000","0.0000","0.0000"
"100005490","CCS0010015","1.0000","1.0000","1.0000","0.0000","0.0000"
"100005491","PCOR41629-25","1.0000","1.0000","1.0000","0.0000","0.0000"
"100005492","BOAL00696","1.0000","1.0000","1.0000","0.0000","0.0000"
"100005492","BOAL00732","1.0000","1.0000","1.0000","0.0000","0.0000"
"100005492","PMAR12915-25","1.0000","1.0000","1.0000","0.0000","0.0000"
"100005493","BOVE00387","1.0000","1.0000","1.0000","0.0000","0.0000"
"100005494","BOVE00359","1.0000","1.0000","1.0000","0.0000","0.0000"
"100005495","ME00480","3.0000","0.0000","0.0000","3.0000","0.0000"
"100005495","BOAL00613","1.0000","0.0000","0.0000","1.0000","0.0000"
"100005495","BOAL00615","1.0000","0.0000","0.0000","1.0000","0.0000"
"100005495","BOAL00609","1.0000","0.0000","0.0000","1.0000","0.0000"
"100005496","PTAM47615-25","1.0000","1.0000","1.0000","0.0000","0.0000"
"100005497","BOVA01396","2.0000","2.0000","2.0000","0.0000","0.0000"
"100005497","BOVE00283","1.0000","1.0000","1.0000","0.0000","0.0000"
"100005497","BOVA01339","1.0000","1.0000","1.0000","0.0000","0.0000"
"100005498","ME00C51","1.0000","1.0000","1.0000","0.0000","0.0000"
"100005499","BOVA01078","1.0000","1.0000","1.0000","0.0000","0.0000"
"100005500","PTAI48280-13","1.0000","1.0000","1.0000","0.0000","0.0000"
"100005501","BOAL01522-BOAL01508-BOAL01509-BOAL01510","1.0000","1.0000","1.0000","0.0000","0.0000"
"100005501","BOAL01508","1.0000","1.0000","1.0000","0.0000","0.0000"
"100005501","BOAL01509","1.0000","1.0000","1.0000","0.0000","0.0000"
"100005501","BOAL01510","1.0000","1.0000","1.0000","0.0000","0.0000"
"100005502","PGRIL41727-30","5.0000","5.0000","5.0000","0.0000","0.0000"
"100005503","ME00C51","1.0000","1.0000","1.0000","0.0000","0.0000"
"100005504","LLRSAN0050","1.0000","1.0000","1.0000","0.0000","0.0000"
"100005505","LLW0010003","1.0000","1.0000","1.0000","0.0000","0.0000"
"100005506","BOCI00320","8.0000","8.0000","8.0000","0.0000","0.0000"
"100005507","BOCI00860","1.0000","1.0000","1.0000","0.0000","0.0000"
"100005507","PROU48280-32","1.0000","1.0000","1.0000","0.0000","0.0000"
"100005507","BOVE00225","2.0000","2.0000","2.0000","0.0000","0.0000"
"100005508","BOCI00502","10.0000","10.0000","10.0000","0.0000","0.0000"
"100005509","CCS0010010","4.0000","4.0000","4.0000","0.0000","0.0000"
"100005510","BAM0030007-BAM0030001-BAM0030002-BAM0030003-BAM0030004","1.0000","1.0000","1.0000","0.0000","0.0000"
"100005510","BAM0030001","2.0000","1.0000","1.0000","0.0000","0.0000"
"100005510","BAM0030002","2.0000","1.0000","1.0000","0.0000","0.0000"
"100005510","BAM0030003","2.0000","1.0000","1.0000","0.0000","0.0000"
"100005510","BAM0030004","2.0000","1.0000","1.0000","0.0000","0.0000"
"100005511","BOBB00038","1.0000","1.0000","1.0000","0.0000","0.0000"
"100005512","BOVE00012","1.0000","1.0000","1.0000","0.0000","0.0000"
"100005513","BOBB00122","1.0000","1.0000","1.0000","0.0000","0.0000"
"100005514","BOVE00513","1.0000","1.0000","1.0000","0.0000","0.0000"
"100005514","BOAL00329","1.0000","1.0000","1.0000","0.0000","0.0000"
"100005515","BOBB00038","1.0000","1.0000","1.0000","0.0000","0.0000"
"100005516","BOVE00423","2.0000","2.0000","2.0000","0.0000","0.0000"
"100005516","BOVE00781","2.0000","2.0000","2.0000","0.0000","0.0000"
"100005517","BOBB00028","3.0000","3.0000","3.0000","0.0000","0.0000"
"100005518","BOAL00246","1.0000","1.0000","1.0000","0.0000","0.0000"
"100005519","PMESU41604-00","1.0000","0.0000","0.0000","1.0000","0.0000"
"100005520","PBOU44116-50","2.0000","2.0000","2.0000","0.0000","0.0000"
"100005520","PBOU44116-40","2.0000","2.0000","2.0000","0.0000","0.0000"
"100005520","BOBB00025","2.0000","2.0000","2.0000","0.0000","0.0000"
"100005521","BOVE00724","11.0000","0.0000","0.0000","11.0000","0.0000"
"100005521","BOVE00224","2.0000","0.0000","0.0000","2.0000","0.0000"
"100005522","BOVE00724","11.0000","11.0000","11.0000","0.0000","0.0000"
"100005522","BOVE00224","2.0000","2.0000","2.0000","0.0000","0.0000"
"100005523","BCO0040056","2.0000","2.0000","2.0000","0.0000","0.0000"
"100005523","BCO0040055-BCO0040049-BCO0040050-BCO0040051-BCO0040052","1.0000","1.0000","1.0000","0.0000","0.0000"
"100005523","BCO0040049","2.0000","1.0000","1.0000","0.0000","0.0000"
"100005523","BCO0040050","2.0000","1.0000","1.0000","0.0000","0.0000"
"100005523","BCO0040051","2.0000","1.0000","1.0000","0.0000","0.0000"
"100005523","BCO0040052","2.0000","1.0000","1.0000","0.0000","0.0000"
"100005523","ME00C113","1.0000","1.0000","1.0000","0.0000","0.0000"
"100005524","BOCI00583","1.0000","1.0000","1.0000","0.0000","0.0000"
"100005525","ME00296-ME00295","1.0000","1.0000","1.0000","0.0000","1.0000"
"100005525","ME00295","6.0000","1.0000","1.0000","0.0000","6.0000"
"100005526","LLRABE0014","2.0000","2.0000","2.0000","0.0000","0.0000"
"100005527","CZITUB0020","3.0000","0.0000","0.0000","3.0000","0.0000"
"100005528","CZITUB0020","3.0000","3.0000","3.0000","0.0000","0.0000"
"100005529","ME00505-ME00007-ME00008-ME00009-ME00010","1.0000","1.0000","1.0000","0.0000","0.0000"
"100005529","ME00007","1.0000","1.0000","1.0000","0.0000","0.0000"
"100005529","ME00008","1.0000","1.0000","1.0000","0.0000","0.0000"
"100005529","ME00009","1.0000","1.0000","1.0000","0.0000","0.0000"
"100005529","ME00010","1.0000","1.0000","1.0000","0.0000","0.0000"
"100005530","BOAL00393","1.0000","1.0000","1.0000","0.0000","0.0000"
"100005530","BOAL00394","1.0000","1.0000","1.0000","0.0000","0.0000"
"100005531","BOCI00749","2.0000","0.0000","0.0000","2.0000","0.0000"
"100005532","BOAL00113","1.0000","1.0000","1.0000","0.0000","0.0000"
"100005533","ME00C127","1.0000","0.0000","0.0000","1.0000","0.0000"
"100005534","BOAL01183-BOAL00327-BOAL00328-BOAL00329-BOAL00330","1.0000","1.0000","1.0000","0.0000","0.0000"
"100005534","BOAL00327","2.0000","1.0000","1.0000","0.0000","0.0000"
"100005534","BOAL00328","2.0000","1.0000","1.0000","0.0000","0.0000"
"100005534","BOAL00329","2.0000","1.0000","1.0000","0.0000","0.0000"
"100005534","BOAL00330","2.0000","1.0000","1.0000","0.0000","0.0000"
"100005535","ME00C127","1.0000","1.0000","1.0000","0.0000","0.0000"
"100005536","BOVE00062","3.0000","0.0000","0.0000","3.0000","0.0000"
"100005537","BOAL00396","2.0000","2.0000","2.0000","0.0000","0.0000"
"100005538","PGRIL41727-33","6.0000","6.0000","6.0000","0.0000","0.0000"
"100005539","BOVE00513","1.0000","0.0000","0.0000","1.0000","0.0000"
"100005540","BOVA00793","10.0000","10.0000","10.0000","0.0000","0.0000"
"100005540","BOVA00790","6.0000","6.0000","6.0000","0.0000","0.0000"
"100005541","BOVE00789","1.0000","1.0000","1.0000","0.0000","0.0000"
"100005542","ME00C127","1.0000","1.0000","1.0000","0.0000","0.0000"
"100005543","PDOU47357-20","1.0000","1.0000","1.0000","0.0000","0.0000"
"100005543","PDOU47357-22","1.0000","1.0000","1.0000","0.0000","0.0000"
"100005544","ME00003","1.0000","1.0000","1.0000","0.0000","0.0000"
"100005545","CCS0010003","1.0000","1.0000","1.0000","0.0000","0.0000"
"100005546","CBR0010001","1.0000","1.0000","1.0000","0.0000","0.0000"
"100005547","BOVE00283","1.0000","1.0000","1.0000","0.0000","0.0000"
"100005548","BOVE00455","1.0000","1.0000","1.0000","0.0000","0.0000"
"100005549","BOAL01520","3.0000","3.0000","3.0000","0.0000","0.0000"
"100005549","BOAL01511","3.0000","3.0000","3.0000","0.0000","0.0000"
"100005549","BOAL01518","1.0000","1.0000","1.0000","0.0000","0.0000"
"100005549","BOAL01517","1.0000","1.0000","1.0000","0.0000","0.0000"
"100005549","BOAL01512","1.0000","1.0000","1.0000","0.0000","0.0000"
"100005549","BOAL01514","1.0000","1.0000","1.0000","0.0000","0.0000"
"100005549","BOAL01515","1.0000","1.0000","1.0000","0.0000","0.0000"
"100005549","BOAL01513","1.0000","1.0000","1.0000","0.0000","0.0000"
"100005550","BOVE00114","1.0000","1.0000","1.0000","0.0000","0.0000"
"100005551","BOVE00658","1.0000","1.0000","1.0000","0.0000","0.0000"
"100005552","BAR0110004","1.0000","1.0000","1.0000","0.0000","0.0000"
"100005552","BAR0110011","1.0000","1.0000","1.0000","0.0000","0.0000"
"100005553","BOAL00726","1.0000","1.0000","1.0000","0.0000","0.0000"
"100005553","BOAL00727","1.0000","1.0000","1.0000","0.0000","0.0000"
"100005553","BOAL00728","1.0000","1.0000","1.0000","0.0000","0.0000"
"100005553","BOAL00729","1.0000","1.0000","1.0000","0.0000","0.0000"
"100005554","VOL00012","1.0000","1.0000","1.0000","0.0000","0.0000"
"100005555","BOVE00547","1.0000","1.0000","1.0000","0.0000","0.0000"
"100005556","BOBB00028","2.0000","2.0000","2.0000","0.0000","0.0000"
"100005557","BOAL01174-BOAL00317-BOAL00321-BOAL00323-BOAL00325","1.0000","1.0000","1.0000","0.0000","0.0000"
"100005557","BOAL00317","2.0000","1.0000","1.0000","0.0000","0.0000"
"100005557","BOAL00321","2.0000","1.0000","1.0000","0.0000","0.0000"
"100005557","BOAL00323","2.0000","1.0000","1.0000","0.0000","0.0000"
"100005557","BOAL00325","2.0000","1.0000","1.0000","0.0000","0.0000"
"100005558","LLRABE0015","1.0000","1.0000","1.0000","0.0000","0.0000"
"100005558","BOVE00394","1.0000","1.0000","1.0000","0.0000","0.0000"
"100005558","BOCI00777","1.0000","1.0000","1.0000","0.0000","0.0000"
"300000042","BOVE00599","1.0000","1.0000","1.0000","0.0000","0.0000"
"100005559","BOAL00695","1.0000","1.0000","1.0000","0.0000","0.0000"
"100005560","BA00037","1.0000","1.0000","1.0000","0.0000","0.0000"
"100005560","BA00049","1.0000","1.0000","1.0000","0.0000","0.0000"
"100005561","PFLE47742-04","1.0000","1.0000","1.0000","0.0000","0.0000"
"100005562","BOCI00656","1.0000","0.0000","0.0000","1.0000","0.0000"
"100005563","BOBB00098","1.0000","1.0000","1.0000","0.0000","0.0000"
"100005564","BOVE00359","1.0000","1.0000","1.0000","0.0000","0.0000"
"100005565","VOL00012","2.0000","2.0000","2.0000","0.0000","0.0000"
"100005566","BOVE00359","1.0000","1.0000","1.0000","0.0000","0.0000"
"100005566","BOVE00288","1.0000","1.0000","1.0000","0.0000","0.0000"
"100005567","PCIS18271-00","1.0000","1.0000","1.0000","0.0000","0.0000"
"100005567","BOCI00517","1.0000","1.0000","1.0000","0.0000","0.0000"
"100005568","BOVE00505","2.0000","2.0000","2.0000","0.0000","0.0000"
"100005569","ME00C127","1.0000","1.0000","1.0000","0.0000","0.0000"
"100005570","PCOU48280-23","1.0000","1.0000","1.0000","0.0000","0.0000"
"100005571","BOVE00117","1.0000","1.0000","1.0000","0.0000","0.0000"
"100005572","BOVE00292","2.0000","2.0000","2.0000","0.0000","0.0000"
"100005573","BOVA01202","12.0000","12.0000","12.0000","0.0000","0.0000"
"100005574","BOAL01183-BOAL00327-BOAL00328-BOAL00329-BOAL00330","1.0000","1.0000","1.0000","0.0000","0.0000"
"100005574","BOAL00327","2.0000","1.0000","1.0000","0.0000","0.0000"
"100005574","BOAL00328","2.0000","1.0000","1.0000","0.0000","0.0000"
"100005574","BOAL00329","2.0000","1.0000","1.0000","0.0000","0.0000"
"100005574","BOAL00330","2.0000","1.0000","1.0000","0.0000","0.0000"
"100005574","BOAL01182-BOAL00327-BOAL00328-BOAL00329-BOAL00330","1.0000","1.0000","1.0000","0.0000","0.0000"
"100005574","BOAL00327","1.0000","1.0000","1.0000","0.0000","0.0000"
"100005574","BOAL00328","1.0000","1.0000","1.0000","0.0000","0.0000"
"100005574","BOAL00329","1.0000","1.0000","1.0000","0.0000","0.0000"
"100005574","BOAL00330","1.0000","1.0000","1.0000","0.0000","0.0000"
"100005575","BOVE00541","2.0000","2.0000","2.0000","0.0000","0.0000"
"100005575","BOVE00537","2.0000","2.0000","2.0000","0.0000","0.0000"
"100005575","BOVE00543","2.0000","2.0000","2.0000","0.0000","0.0000"
"100005575","BOVE00518","2.0000","2.0000","2.0000","0.0000","0.0000"
"100005575","CBR0050001","2.0000","2.0000","2.0000","0.0000","0.0000"
"100005575","SDO0011059","1.0000","1.0000","1.0000","0.0000","0.0000"
"100005575","SDO0048207","1.0000","1.0000","1.0000","0.0000","0.0000"
"100005575","PBOU44112-01","10.0000","10.0000","10.0000","0.0000","0.0000"
"100005575","BOBB00026","2.0000","2.0000","2.0000","0.0000","0.0000"
"100005575","BOBB00080","1.0000","1.0000","1.0000","0.0000","0.0000"
"100005575","PSHAK41483-06","1.0000","1.0000","1.0000","0.0000","0.0000"
"100005576","BOAL00925","1.0000","1.0000","1.0000","0.0000","0.0000"
"100005577","CBR0010001","1.0000","1.0000","1.0000","0.0000","0.0000"
"100005577","CBR0010004","1.0000","1.0000","1.0000","0.0000","0.0000"
"100005577","CBR0010005","1.0000","1.0000","1.0000","0.0000","0.0000"
"100005578","BOAL01183-BOAL00327-BOAL00328-BOAL00329-BOAL00330","1.0000","1.0000","1.0000","0.0000","0.0000"
"100005578","BOAL00327","2.0000","1.0000","1.0000","0.0000","0.0000"
"100005578","BOAL00328","2.0000","1.0000","1.0000","0.0000","0.0000"
"100005578","BOAL00329","2.0000","1.0000","1.0000","0.0000","0.0000"
"100005578","BOAL00330","2.0000","1.0000","1.0000","0.0000","0.0000"
"100005578","BOAL00327","1.0000","1.0000","1.0000","0.0000","0.0000"
"100005578","BOAL00328","1.0000","1.0000","1.0000","0.0000","0.0000"
"100005578","BOAL00329","1.0000","1.0000","1.0000","0.0000","0.0000"
"100005579","PFLE47742-15","1.0000","1.0000","1.0000","0.0000","0.0000"
"100005580","BOVE00113","1.0000","1.0000","1.0000","0.0000","0.0000"
"100005581","BOVE00443","1.0000","1.0000","1.0000","0.0000","0.0000"
"100005582","BOVE00011","3.0000","3.0000","3.0000","0.0000","0.0000"
"100005583","BOVE00513","4.0000","4.0000","4.0000","0.0000","0.0000"
"200000037","BOVE00110","10.0000","10.0000","10.0000","0.0000","0.0000"
"100005584","BOAL00930","2.0000","2.0000","2.0000","0.0000","0.0000"
"100005584","BOVE00749","2.0000","2.0000","2.0000","0.0000","0.0000"
"100005584","BOVE00657","1.0000","1.0000","1.0000","0.0000","0.0000"
"100005585","ME00C127","1.0000","1.0000","1.0000","0.0000","0.0000"
"100005585","ME00C51","1.0000","1.0000","1.0000","0.0000","0.0000"
"100005586","BOCI00570","1.0000","1.0000","1.0000","0.0000","0.0000"
"100005587","BOVE00513","1.0000","1.0000","1.0000","0.0000","0.0000"
"100005588","BOVE00797-BOVE00796-BOVE00795-BOVE00794","6.0000","6.0000","6.0000","0.0000","0.0000"
"100005588","BOVE00796","6.0000","1.0000","1.0000","0.0000","0.0000"
"100005588","BOVE00795","6.0000","1.0000","1.0000","0.0000","0.0000"
"100005588","BOVE00794","6.0000","1.0000","1.0000","0.0000","0.0000"
"100005589","ME00C51","1.0000","1.0000","1.0000","0.0000","0.0000"
"100005590","CLB0010001","1.0000","1.0000","1.0000","0.0000","0.0000"
"100005590","BOVE00505","4.0000","4.0000","4.0000","0.0000","0.0000"
"100005591","CLP0010001","1.0000","1.0000","1.0000","0.0000","0.0000"
"100005592","BOVA01351","4.0000","4.0000","4.0000","0.0000","0.0000"
"100005592","BOAL00329","1.0000","1.0000","1.0000","0.0000","0.0000"
"100005592","BA00025","2.0000","2.0000","2.0000","0.0000","0.0000"
"100005593","BOBB00086","1.0000","1.0000","1.0000","0.0000","0.0000"
"100005594","BOVE00313","3.0000","3.0000","3.0000","0.0000","0.0000"
"100005595","CBRVIV0001","2.0000","2.0000","2.0000","0.0000","0.0000"
"100005595","LLRBEU0025","18.0000","18.0000","18.0000","0.0000","0.0000"
"100005596","BOVE00281","1.0000","1.0000","1.0000","0.0000","0.0000"
"100005596","BOBB00027","3.0000","3.0000","3.0000","0.0000","0.0000"
"100005597","BOVE00630","2.0000","2.0000","2.0000","0.0000","0.0000"
"300000043","BOVE00677","1.0000","1.0000","1.0000","0.0000","0.0000"
"100005598","BOBB00032","4.0000","4.0000","4.0000","0.0000","0.0000"
"100005598","BOBB00045","4.0000","4.0000","4.0000","0.0000","0.0000"
"100005599","CCS0010002","3.0000","3.0000","3.0000","0.0000","0.0000"
"100005600","BOVE00352","2.0000","2.0000","2.0000","0.0000","0.0000"
"100005601","BOVE00446","1.0000","1.0000","1.0000","0.0000","0.0000"
"100005602","BOBB00038","1.0000","1.0000","1.0000","0.0000","0.0000"
"100005603","BOVE00612","1.0000","1.0000","1.0000","0.0000","0.0000"
"100005604","ME00149","1.0000","1.0000","1.0000","0.0000","0.0000"
"100005604","ME00151","1.0000","1.0000","1.0000","0.0000","0.0000"
"100005605","BOVE00394","1.0000","0.0000","0.0000","1.0000","0.0000"
"100005606","BOVE00394","1.0000","1.0000","1.0000","0.0000","0.0000"
"100005607","PFLE47742-29","1.0000","0.0000","0.0000","1.0000","0.0000"
"100005607","PFLE47742-47","1.0000","0.0000","0.0000","1.0000","0.0000"
"100005607","PFLE47742-01","1.0000","0.0000","0.0000","1.0000","0.0000"
"100005608","PFLE47742-29","1.0000","1.0000","1.0000","0.0000","0.0000"
"100005608","PFLE47742-47","1.0000","1.0000","1.0000","0.0000","0.0000"
"100005608","PFLE47742-01","1.0000","1.0000","1.0000","0.0000","0.0000"
"100005609","ME00C127","1.0000","1.0000","1.0000","0.0000","0.0000"
"100005610","BOVE00443","1.0000","0.0000","0.0000","1.0000","0.0000"
"100005610","LLRHON0109","3.0000","0.0000","0.0000","3.0000","0.0000"
"100005611","BOVE00443","1.0000","1.0000","1.0000","0.0000","0.0000"
"100005611","LLRHON0109","3.0000","3.0000","3.0000","0.0000","0.0000"
"100005612","BOBB00295","1.0000","0.0000","0.0000","1.0000","0.0000"
"100005613","BOVE00359","1.0000","1.0000","1.0000","0.0000","0.0000"
"100005614","BOVE00797-BOVE00796-BOVE00795-BOVE00794","5.0000","5.0000","5.0000","0.0000","0.0000"
"100005614","BOVE00796","5.0000","1.0000","1.0000","0.0000","0.0000"
"100005614","BOVE00795","5.0000","1.0000","1.0000","0.0000","0.0000"
"100005614","BOVE00794","5.0000","1.0000","1.0000","0.0000","0.0000"
"100005615","BOVE00108","1.0000","1.0000","1.0000","0.0000","0.0000"
"100005616","BOVE00175","1.0000","1.0000","1.0000","0.0000","0.0000"
"100005617","PCOU48280-23","6.0000","6.0000","6.0000","0.0000","0.0000"
"100005618","ME00C127","1.0000","1.0000","1.0000","0.0000","0.0000"
"100005619","BOVE00324","3.0000","3.0000","3.0000","0.0000","0.0000"
"100005619","BOVE00326","2.0000","2.0000","2.0000","0.0000","0.0000"
"100005619","BAR0120006","1.0000","1.0000","1.0000","0.0000","0.0000"
"100005620","BOVE00475","1.0000","1.0000","1.0000","0.0000","0.0000"
"100005621","BOAL00614","2.0000","2.0000","2.0000","0.0000","0.0000"
"100005622","BOCI00362","1.0000","1.0000","1.0000","0.0000","0.0000"
"100005623","BOCI00672","1.0000","1.0000","1.0000","0.0000","0.0000"
"100005624","BOVE00547","1.0000","1.0000","1.0000","0.0000","0.0000"
"100005624","CBR0050001","3.0000","3.0000","3.0000","0.0000","0.0000"
"100005625","CCS0010002","2.0000","2.0000","2.0000","0.0000","0.0000"
"100005626","BOBB00015","1.0000","1.0000","1.0000","0.0000","0.0000"
"100005626","PCUI48345-02","1.0000","1.0000","1.0000","0.0000","0.0000"
"100005627","ME00C113","1.0000","1.0000","1.0000","0.0000","0.0000"
"100005628","BNN0010001","1.0000","1.0000","1.0000","0.0000","0.0000"
"100005629","ME00C51","1.0000","1.0000","1.0000","0.0000","0.0000"
"100005630","BOVE00117","1.0000","1.0000","1.0000","0.0000","0.0000"
"100005631","BOVE00658","1.0000","1.0000","1.0000","0.0000","0.0000"
"100005632","BOCI00759","1.0000","1.0000","1.0000","0.0000","0.0000"
"100005633","LLRBOC0082","1.0000","1.0000","1.0000","0.0000","1.0000"
"100005634","PBOU44114-02","1.0000","1.0000","1.0000","0.0000","0.0000"
"100005634","PBOU44114-03","1.0000","1.0000","1.0000","0.0000","0.0000"
"100005635","PGRIL41727-33","5.0000","5.0000","5.0000","0.0000","0.0000"
"100005636","BOAL00759","2.0000","2.0000","2.0000","0.0000","0.0000"
"100005636","BOAL00757","5.0000","5.0000","5.0000","0.0000","0.0000"
"100005637","BOVE00799","1.0000","1.0000","1.0000","0.0000","0.0000"
"100005638","BOAL00720","5.0000","5.0000","5.0000","0.0000","0.0000"
"100005638","BOAL00721","2.0000","2.0000","2.0000","0.0000","0.0000"
"100005639","BOVE00114","3.0000","3.0000","3.0000","0.0000","0.0000"
"100005640","BOVE00359","1.0000","1.0000","1.0000","0.0000","0.0000"
"100005640","BOVE00463","1.0000","1.0000","1.0000","0.0000","0.0000"
"100005641","BOVE00306","1.0000","1.0000","1.0000","0.0000","0.0000"
"100005641","BOVE00308","1.0000","1.0000","1.0000","0.0000","0.0000"
"100005641","BOVE00540","1.0000","1.0000","1.0000","0.0000","0.0000"
"100005641","PSHAK41483-06","1.0000","1.0000","1.0000","0.0000","0.0000"
"100005641","BOVA00756","3.0000","3.0000","3.0000","0.0000","0.0000"
"100005641","BOVA00754","3.0000","3.0000","3.0000","0.0000","0.0000"
"100005641","BOVA01436","5.0000","5.0000","5.0000","0.0000","0.0000"
"100005641","BOAL00763","1.0000","1.0000","1.0000","0.0000","0.0000"
"100005642","BOAL01510","1.0000","1.0000","1.0000","0.0000","0.0000"
"100005642","BOAL01513","1.0000","1.0000","1.0000","0.0000","0.0000"
"100005642","BOAL01512","1.0000","1.0000","1.0000","0.0000","0.0000"
"100005643","BOVE00115","1.0000","1.0000","1.0000","0.0000","0.0000"
"100005644","BOVE00485","1.0000","1.0000","1.0000","0.0000","0.0000"
"100005644","BOVE00485","2.0000","2.0000","2.0000","0.0000","0.0000"
"100005645","PMESU41604-00","1.0000","1.0000","1.0000","0.0000","0.0000"
"100005646","BOVE00280","1.0000","1.0000","1.0000","0.0000","0.0000"
"100005647","PDEN42563-00","1.0000","1.0000","1.0000","0.0000","0.0000"
"100005648","BOVE00524","4.0000","4.0000","4.0000","0.0000","0.0000"
"100005648","BOVE00523","2.0000","2.0000","2.0000","0.0000","0.0000"
"100005649","BOVE00389IB","2.0000","2.0000","2.0000","0.0000","0.0000"
"100005650","BOBB00038","1.0000","1.0000","1.0000","0.0000","0.0000"
"100005651","BOVE00511","1.0000","1.0000","1.0000","0.0000","0.0000"
"100005652","BOVA00744","7.0000","0.0000","0.0000","7.0000","0.0000"
"100005653","BOVA00744","7.0000","0.0000","0.0000","7.0000","0.0000"
"100005654","BET0110002-BOAL00607-BOAL00613-BOAL00615-BOAL00609","2.0000","0.0000","0.0000","2.0000","0.0000"
"100005654","BOAL00607","2.0000","0.0000","0.0000","0.0000","0.0000"
"100005654","BOAL00613","2.0000","0.0000","0.0000","0.0000","0.0000"
"100005654","BOAL00615","2.0000","0.0000","0.0000","0.0000","0.0000"
"100005654","BOAL00609","2.0000","0.0000","0.0000","0.0000","0.0000"
"100005654","BCO0060005","10.0000","0.0000","0.0000","10.0000","0.0000"
"100005654","CCO0120018-CCO0120001-CCO0120002-CCO0120003-CCO0120005-CCO0120006-CCO0120007-CCO0120004-CCO0120008","1.0000","0.0000","0.0000","1.0000","0.0000"
"100005654","CCO0120001","2.0000","0.0000","0.0000","0.0000","0.0000"
"100005654","CCO0120002","2.0000","0.0000","0.0000","0.0000","0.0000"
"100005654","CCO0120003","2.0000","0.0000","0.0000","0.0000","0.0000"
"100005654","CCO0120005","2.0000","0.0000","0.0000","0.0000","0.0000"
"100005654","CCO0120006","2.0000","0.0000","0.0000","0.0000","0.0000"
"100005654","CCO0120007","2.0000","0.0000","0.0000","0.0000","0.0000"
"100005654","CCO0120004","2.0000","0.0000","0.0000","0.0000","0.0000"
"100005654","CCO0120008","2.0000","0.0000","0.0000","0.0000","0.0000"
"100005654","BOVA00744","7.0000","0.0000","0.0000","7.0000","0.0000"
"100005655","BOVA00744","7.0000","0.0000","0.0000","7.0000","0.0000"
"100005656","BOAL01524C-BOAL01508-BOAL01509-BOAL01507-BOAL01510-ME00C51","1.0000","1.0000","1.0000","0.0000","0.0000"
"100005656","BOAL01508","2.0000","1.0000","1.0000","0.0000","0.0000"
"100005656","BOAL01509","2.0000","1.0000","1.0000","0.0000","0.0000"
"100005656","BOAL01507","2.0000","1.0000","1.0000","0.0000","0.0000"
"100005656","BOAL01510","2.0000","1.0000","1.0000","0.0000","0.0000"
"100005656","ME00C51","1.0000","1.0000","1.0000","0.0000","0.0000"
"100005657","BOVE00278","2.0000","2.0000","2.0000","0.0000","0.0000"
"100005658","BOVE00599","3.0000","3.0000","3.0000","0.0000","0.0000"
"100005659","BOAL00938","2.0000","2.0000","2.0000","0.0000","0.0000"
"100005659","BOAL00932","1.0000","1.0000","1.0000","0.0000","0.0000"
"100005659","PPIN48240-00","2.0000","2.0000","2.0000","0.0000","0.0000"
"100005660","BOVE00113","1.0000","1.0000","1.0000","0.0000","0.0000"
"100005661","BOVE00482","1.0000","1.0000","1.0000","0.0000","0.0000"
"100005661","BOVE00483","1.0000","1.0000","1.0000","0.0000","0.0000"
"100005662","BOVA01193","1.0000","1.0000","1.0000","0.0000","0.0000"
"100005663","BOVE00386","2.0000","2.0000","2.0000","0.0000","0.0000"
"100005663","BOVE00537","1.0000","1.0000","1.0000","0.0000","0.0000"
"100005664","BOVE00478","2.0000","2.0000","2.0000","0.0000","0.0000"
"100005665","BOVE00797-BOVE00796-BOVE00795-BOVE00794","8.0000","8.0000","8.0000","0.0000","0.0000"
"100005665","BOVE00796","8.0000","1.0000","1.0000","0.0000","0.0000"
"100005665","BOVE00795","8.0000","1.0000","1.0000","0.0000","0.0000"
"100005665","BOVE00794","8.0000","1.0000","1.0000","0.0000","0.0000"
"100005666","CCS0010010","1.0000","1.0000","1.0000","0.0000","0.0000"
"100005666","BOVE00025","1.0000","1.0000","1.0000","0.0000","0.0000"
"100005667","BOBB00038","3.0000","3.0000","3.0000","0.0000","0.0000"
"100005668","BOVE00286","1.0000","1.0000","1.0000","0.0000","0.0000"
"100005669","BOVE00084","10.0000","10.0000","10.0000","0.0000","0.0000"
"100005670","BOBB00295","1.0000","1.0000","1.0000","0.0000","0.0000"
"100005671","BOAL01226-BOAL00398-BOAL00403-BOAL00404-BOAL00406","1.0000","1.0000","1.0000","0.0000","0.0000"
"100005671","BOAL00398","2.0000","1.0000","1.0000","0.0000","0.0000"
"100005671","BOAL00403","2.0000","1.0000","1.0000","0.0000","0.0000"
"100005671","BOAL00404","2.0000","1.0000","1.0000","0.0000","0.0000"
"100005671","BOAL00406","2.0000","1.0000","1.0000","0.0000","0.0000"
"100005672","CZITUB0020","6.0000","6.0000","6.0000","0.0000","0.0000"
"100005673","CCS0010003","1.0000","1.0000","1.0000","0.0000","0.0000"
"100005674","CCS0010003","1.0000","0.0000","0.0000","1.0000","0.0000"
"100005675","BOVE00616","2.0000","2.0000","2.0000","0.0000","0.0000"
"100005676","BOVE00290","1.0000","1.0000","1.0000","0.0000","0.0000"
"100005677","BOVA01199","2.0000","2.0000","2.0000","0.0000","0.0000"
"100005677","BOVE00721","1.0000","1.0000","1.0000","0.0000","0.0000"
"100005678","CCS0010014","1.0000","0.0000","0.0000","1.0000","0.0000"
"100005679","CCS0010014","1.0000","1.0000","1.0000","0.0000","0.0000"
"100005680","PBOU44116-30","3.0000","3.0000","3.0000","0.0000","0.0000"
"100005681","BOVE00448","1.0000","1.0000","1.0000","0.0000","0.0000"
"100005682","BOAL00180","2.0000","2.0000","2.0000","0.0000","0.0000"
"100005683","ME00C51","1.0000","1.0000","1.0000","0.0000","0.0000"
"100005683","BOCI00314","1.0000","1.0000","1.0000","0.0000","0.0000"
"100005684","PFLE47742-47","2.0000","2.0000","2.0000","0.0000","0.0000"
"100005684","BOVE00422","1.0000","1.0000","1.0000","0.0000","0.0000"
"100005684","BOVE00280","2.0000","2.0000","2.0000","0.0000","0.0000"
"100005684","BOVE00108","1.0000","1.0000","1.0000","0.0000","0.0000"
"100005685","BOCI00586","1.0000","1.0000","1.0000","0.0000","0.0000"
"100005686","BOAL01181-BOAL00327-BOAL00328-BOAL00329","1.0000","1.0000","1.0000","0.0000","0.0000"
"100005686","BOAL00327","1.0000","1.0000","1.0000","0.0000","0.0000"
"100005686","BOAL00328","1.0000","1.0000","1.0000","0.0000","0.0000"
"100005686","BOAL00329","1.0000","1.0000","1.0000","0.0000","0.0000"
"100005686","BOAL01183-BOAL00327-BOAL00328-BOAL00329-BOAL00330","1.0000","1.0000","1.0000","0.0000","0.0000"
"100005686","BOAL00327","2.0000","1.0000","1.0000","0.0000","0.0000"
"100005686","BOAL00328","2.0000","1.0000","1.0000","0.0000","0.0000"
"100005686","BOAL00329","2.0000","1.0000","1.0000","0.0000","0.0000"
"100005686","BOAL00330","2.0000","1.0000","1.0000","0.0000","0.0000"
"100005687","CCS0010003","1.0000","1.0000","1.0000","0.0000","0.0000"
"100005687","BOVE00372","1.0000","1.0000","1.0000","0.0000","0.0000"
"100005687","BOVE00373","1.0000","1.0000","1.0000","0.0000","0.0000"
"100005688","BOVE00093","1.0000","1.0000","1.0000","0.0000","0.0000"
"100005688","BOVE00288","1.0000","1.0000","1.0000","0.0000","0.0000"
"100005688","BOVE00503","1.0000","1.0000","1.0000","0.0000","0.0000"
"100005689","BOVE00149","1.0000","1.0000","1.0000","0.0000","0.0000"
"100005689","BOVE00713","1.0000","1.0000","1.0000","0.0000","0.0000"
"100005690","BOVA01319","1.0000","1.0000","1.0000","0.0000","0.0000"
"100005690","BOVA01318","1.0000","1.0000","1.0000","0.0000","0.0000"
"100005691","BOVE00309","2.0000","2.0000","2.0000","0.0000","0.0000"
"100005692","CCS0010002","1.0000","0.0000","0.0000","1.0000","0.0000"
"100005692","CCS0010010","1.0000","0.0000","0.0000","1.0000","0.0000"
"100005693","BOVE00395","1.0000","1.0000","1.0000","0.0000","0.0000"
"100005693","BOVE00712","1.0000","1.0000","1.0000","0.0000","0.0000"
"100005694","BOVE00423","1.0000","1.0000","1.0000","0.0000","0.0000"
"100005695","PTHE19709-00","2.0000","2.0000","2.0000","0.0000","0.0000"
"100005696","BOAL00707","1.0000","1.0000","1.0000","0.0000","0.0000"
"100005696","BOAL00706","1.0000","1.0000","1.0000","0.0000","0.0000"
"100005697","BOVE00224","1.0000","1.0000","1.0000","0.0000","0.0000"
"100005698","BOVE00208","1.0000","1.0000","1.0000","0.0000","0.0000"
"100005699","BOVE00591","1.0000","1.0000","1.0000","0.0000","0.0000"
"100005699","LLRVEN0088","1.0000","1.0000","1.0000","0.0000","0.0000"
"100005699","PGRIL41727-33","10.0000","10.0000","10.0000","0.0000","0.0000"
"100005700","BOAL01181-BOAL00327-BOAL00328-BOAL00329","1.0000","1.0000","1.0000","0.0000","0.0000"
"100005700","BOAL00327","1.0000","1.0000","1.0000","0.0000","0.0000"
"100005700","BOAL00328","1.0000","1.0000","1.0000","0.0000","0.0000"
"100005700","BOAL00329","1.0000","1.0000","1.0000","0.0000","0.0000"
"100005701","CAR0060001","5.0000","5.0000","5.0000","0.0000","0.0000"
"100005702","BOVA00693","1.0000","1.0000","1.0000","0.0000","0.0000"
"100005703","BOVA01479","8.0000","0.0000","0.0000","8.0000","0.0000"
"100005703","BOVA01478","2.0000","0.0000","0.0000","2.0000","0.0000"
"100005703","BOVE00584","2.0000","0.0000","0.0000","2.0000","0.0000"
"100005703","BOVE00589","1.0000","0.0000","0.0000","1.0000","0.0000"
"100005704","BOVE00228","7.0000","7.0000","7.0000","0.0000","0.0000"
"100005705","BOBB00038","1.0000","1.0000","1.0000","0.0000","0.0000"
"100005706","BOBB00083","1.0000","1.0000","1.0000","0.0000","0.0000"
"100005706","LLRDIA0113","1.0000","1.0000","1.0000","0.0000","0.0000"
"100005706","PCUI42901-30","1.0000","1.0000","1.0000","0.0000","0.0000"
"100005706","BOCI00383","1.0000","1.0000","1.0000","0.0000","0.0000"
"100005706","PCUI48280-35","1.0000","1.0000","1.0000","0.0000","0.0000"
"100005707","BOVA01372","18.0000","18.0000","18.0000","0.0000","0.0000"
"100005707","BOVA01373","18.0000","18.0000","18.0000","0.0000","0.0000"
"100005707","BOVA01374","12.0000","12.0000","12.0000","0.0000","0.0000"
"100005708","BOVE00443","1.0000","1.0000","1.0000","0.0000","1.0000"
"100005709","CLP0010001","1.0000","0.0000","0.0000","1.0000","0.0000"
"100005710","CLP0010001","1.0000","0.0000","0.0000","1.0000","0.0000"
"100005711","PTAI48280-13","1.0000","1.0000","1.0000","0.0000","0.0000"
"100005712","LLRVEN0088","1.0000","1.0000","1.0000","0.0000","0.0000"
"100005713","CLP0010001","1.0000","1.0000","1.0000","0.0000","0.0000"
"100005714","BOAL00758","6.0000","6.0000","6.0000","0.0000","0.0000"
"100005715","BOBB00288","1.0000","1.0000","1.0000","0.0000","0.0000"
"100005716","BOAL01183-BOAL00327-BOAL00328-BOAL00329-BOAL00330","1.0000","1.0000","1.0000","0.0000","0.0000"
"100005716","BOAL00327","2.0000","1.0000","1.0000","0.0000","0.0000"
"100005716","BOAL00328","2.0000","1.0000","1.0000","0.0000","0.0000"
"100005716","BOAL00329","2.0000","1.0000","1.0000","0.0000","0.0000"
"100005716","BOAL00330","2.0000","1.0000","1.0000","0.0000","0.0000"
"100005717","BOUU00068","1.0000","1.0000","1.0000","0.0000","0.0000"
"100005717","BOBB00182","1.0000","1.0000","1.0000","0.0000","0.0000"
"100005717","ME00237","1.0000","1.0000","1.0000","0.0000","0.0000"
"100005718","BOVA00952","1.0000","0.0000","0.0000","1.0000","0.0000"
"100005719","BOVA00952","1.0000","0.0000","0.0000","1.0000","0.0000"
"100005720","BOVE00225","1.0000","1.0000","1.0000","0.0000","0.0000"
"100005721","BOVE00639","1.0000","1.0000","1.0000","0.0000","0.0000"
"100005722","FFE0010001","1.0000","1.0000","1.0000","0.0000","0.0000"
"100005722","LLW0010003","1.0000","1.0000","1.0000","0.0000","0.0000"
"100005722","FFE0010002","1.0000","1.0000","1.0000","0.0000","0.0000"
"100005723","CCS0010002","3.0000","3.0000","3.0000","0.0000","0.0000"
"100005723","CCS0010011","3.0000","3.0000","3.0000","0.0000","0.0000"
"100005724","BOVE00559","1.0000","1.0000","1.0000","0.0000","0.0000"
"100005725","BOCI00718","6.0000","6.0000","6.0000","0.0000","0.0000"
"100005726","BBR0010001","1.0000","1.0000","1.0000","0.0000","0.0000"
"100005727","PTAI48280-12","1.0000","1.0000","1.0000","0.0000","0.0000"
"100005727","PTAI48280-13","1.0000","1.0000","1.0000","0.0000","0.0000"
"100005727","PCOU48280-23","2.0000","2.0000","2.0000","0.0000","0.0000"
"100005728","BOVA01189","1.0000","1.0000","1.0000","0.0000","0.0000"
"100005728","BOVA01188","1.0000","1.0000","1.0000","0.0000","0.0000"
"100005728","BOAL01181-BOAL00327-BOAL00328-BOAL00329","1.0000","1.0000","1.0000","0.0000","0.0000"
"100005728","BOAL00327","1.0000","1.0000","1.0000","0.0000","0.0000"
"100005728","BOAL00328","1.0000","1.0000","1.0000","0.0000","0.0000"
"100005728","BOAL00329","1.0000","1.0000","1.0000","0.0000","0.0000"
"100005728","BOAL01182-BOAL00327-BOAL00328-BOAL00329-BOAL00330","1.0000","1.0000","1.0000","0.0000","0.0000"
"100005728","BOAL00327","1.0000","1.0000","1.0000","0.0000","0.0000"
"100005728","BOAL00328","1.0000","1.0000","1.0000","0.0000","0.0000"
"100005728","BOAL00329","1.0000","1.0000","1.0000","0.0000","0.0000"
"100005728","BOAL00330","1.0000","1.0000","1.0000","0.0000","0.0000"
"100005728","BRE0010001","6.0000","6.0000","6.0000","0.0000","0.0000"
"100005728","BOVA00533","6.0000","6.0000","6.0000","0.0000","0.0000"
"100005729","ME00148","1.0000","1.0000","1.0000","0.0000","0.0000"
"100005730","BOAL00796","1.0000","1.0000","1.0000","0.0000","0.0000"
"100005730","BOVE00538","1.0000","1.0000","1.0000","0.0000","0.0000"
"100005730","BOBB00047","1.0000","1.0000","1.0000","0.0000","0.0000"
"100005730","BOCI00737","1.0000","1.0000","0.0000","0.0000","1.0000"
"100005731","BOVE00363","2.0000","2.0000","2.0000","0.0000","0.0000"
"100005731","BOVE00364","2.0000","2.0000","2.0000","0.0000","0.0000"
"100005732","BOVE00313","1.0000","1.0000","1.0000","0.0000","0.0000"
"100005732","PFOU12929-35","1.0000","1.0000","1.0000","0.0000","0.0000"
"100005732","PMAR12915-25","1.0000","1.0000","1.0000","0.0000","0.0000"
"100005733","BOVE00339","5.0000","5.0000","5.0000","0.0000","0.0000"
"100005734","BOVA00614","6.0000","6.0000","6.0000","0.0000","0.0000"
"100005735","BOVE00080","6.0000","0.0000","0.0000","6.0000","0.0000"
"100005735","BOVE00110","2.0000","0.0000","0.0000","2.0000","0.0000"
"100005736","BOVE00513","1.0000","1.0000","1.0000","0.0000","0.0000"
"100005737","BOBB00038","5.0000","5.0000","5.0000","0.0000","0.0000"
"100005738","BOAL01469","1.0000","1.0000","1.0000","0.0000","0.0000"
"100005739","BOVE00567","1.0000","1.0000","1.0000","0.0000","0.0000"
"100005740","PBOU44116-50","5.0000","5.0000","5.0000","0.0000","0.0000"
"100005741","FFE0010003","1.0000","1.0000","1.0000","0.0000","0.0000"
"100005741","FFE0010004","1.0000","1.0000","1.0000","0.0000","0.0000"
"100005741","FFE0020001","1.0000","1.0000","1.0000","0.0000","0.0000"
"100005741","FFE0040001","1.0000","1.0000","1.0000","0.0000","0.0000"
"100005742","BOVE00021","2.0000","2.0000","2.0000","0.0000","0.0000"
"100005743","BOVE00444","1.0000","1.0000","1.0000","0.0000","0.0000"
"100005743","BOVE00447","1.0000","1.0000","1.0000","0.0000","0.0000"
"100005744","BOVE00497","1.0000","1.0000","1.0000","0.0000","0.0000"
"100005745","SDO0011064","1.0000","0.0000","0.0000","1.0000","0.0000"
"100005746","SDO0011064","1.0000","1.0000","1.0000","0.0000","0.0000"
"100005747","PPIN48240-00","3.0000","0.0000","0.0000","3.0000","0.0000"
"100005747","BOAL00939","2.0000","0.0000","0.0000","2.0000","0.0000"
"100005747","BOBB00185","1.0000","0.0000","0.0000","1.0000","0.0000"
"100005747","BOBB00147","1.0000","0.0000","0.0000","1.0000","0.0000"
"100005747","BOAL00318","2.0000","0.0000","0.0000","2.0000","0.0000"
"100005747","BOVE00797-BOVE00796-BOVE00795-BOVE00794","3.0000","0.0000","0.0000","3.0000","0.0000"
"100005747","BOVE00796","3.0000","0.0000","0.0000","0.0000","0.0000"
"100005747","BOVE00795","3.0000","0.0000","0.0000","0.0000","0.0000"
"100005747","BOVE00794","3.0000","0.0000","0.0000","0.0000","0.0000"
"100005747","LLRBEU0025","3.0000","0.0000","0.0000","3.0000","0.0000"
"100005747","PCOU48280-75","3.0000","0.0000","0.0000","3.0000","0.0000"
"100005747","BOAL00710","4.0000","0.0000","0.0000","4.0000","0.0000"
"100005748","PPIN48240-00","3.0000","0.0000","0.0000","3.0000","0.0000"
"100005748","BOAL00939","2.0000","0.0000","0.0000","2.0000","0.0000"
"100005748","BOBB00185","1.0000","0.0000","0.0000","1.0000","0.0000"
"100005748","BOBB00147","1.0000","0.0000","0.0000","1.0000","0.0000"
"100005748","BOAL00318","2.0000","0.0000","0.0000","2.0000","0.0000"
"100005748","BOVE00797-BOVE00796-BOVE00795-BOVE00794","3.0000","0.0000","0.0000","3.0000","0.0000"
"100005748","BOVE00796","3.0000","0.0000","0.0000","0.0000","0.0000"
"100005748","BOVE00795","3.0000","0.0000","0.0000","0.0000","0.0000"
"100005748","BOVE00794","3.0000","0.0000","0.0000","0.0000","0.0000"
"100005748","LLRBEU0025","3.0000","0.0000","0.0000","3.0000","0.0000"
"100005748","PCOU48280-75","3.0000","0.0000","0.0000","3.0000","0.0000"
"100005748","BOAL00710","4.0000","0.0000","0.0000","4.0000","0.0000"
"100005749","PDEN42563-44","1.0000","1.0000","1.0000","0.0000","0.0000"
"100005750","BOVE00265","1.0000","1.0000","1.0000","0.0000","0.0000"
"100005751","CBR0050001","1.0000","1.0000","1.0000","0.0000","0.0000"
"100005751","BOVE00364","1.0000","1.0000","1.0000","0.0000","0.0000"
"100005752","CCS0010005","1.0000","0.0000","0.0000","1.0000","0.0000"
"100005753","BOVE00205","1.0000","1.0000","1.0000","0.0000","0.0000"
"100005754","BA00047","2.0000","2.0000","2.0000","0.0000","0.0000"
"100005755","BOVE00721","6.0000","6.0000","6.0000","0.0000","0.0000"
"100005756","CBRBAV0001","1.0000","1.0000","1.0000","0.0000","0.0000"
"100005757","BOVE00511","1.0000","1.0000","1.0000","0.0000","0.0000"
"100005758","BOBB00038","2.0000","2.0000","2.0000","0.0000","0.0000"
"100005759","BOAL01523-BOAL01508-BOAL01509-BOAL01507-BOAL01510","1.0000","1.0000","1.0000","0.0000","0.0000"
"100005759","BOAL01508","1.0000","1.0000","1.0000","0.0000","0.0000"
"100005759","BOAL01509","1.0000","1.0000","1.0000","0.0000","0.0000"
"100005759","BOAL01507","1.0000","1.0000","1.0000","0.0000","0.0000"
"100005759","BOAL01510","1.0000","1.0000","1.0000","0.0000","0.0000"
"100005759","BOAL01516","1.0000","1.0000","1.0000","0.0000","0.0000"
"100005759","BOAL01515","1.0000","1.0000","1.0000","0.0000","0.0000"
"100005759","BOAL01513","1.0000","1.0000","1.0000","0.0000","0.0000"
"100005759","BOAL01511","1.0000","1.0000","1.0000","0.0000","0.0000"
"100005759","BOAL01521","1.0000","1.0000","1.0000","0.0000","0.0000"
"100005760","CAR0010001","1.0000","1.0000","1.0000","0.0000","0.0000"
"100005761","CCS0010009","1.0000","1.0000","1.0000","0.0000","0.0000"
"100005762","BOAL00932","3.0000","3.0000","3.0000","0.0000","0.0000"
"100005763","BOVE00485","3.0000","3.0000","3.0000","0.0000","0.0000"
"100005764","BOVE00503","1.0000","1.0000","1.0000","0.0000","0.0000"
"100005765","BOVE00116","1.0000","1.0000","1.0000","0.0000","0.0000"
"100005766","BOAL01216-BOAL00388-BOAL00393-BOAL00394","1.0000","1.0000","1.0000","0.0000","0.0000"
"100005766","BOAL00388","1.0000","1.0000","1.0000","0.0000","0.0000"
"100005766","BOAL00393","1.0000","1.0000","1.0000","0.0000","0.0000"
"100005766","BOAL00394","1.0000","1.0000","1.0000","0.0000","0.0000"
"100005767","BOVE00069","18.0000","18.0000","18.0000","0.0000","0.0000"
"100005767","BOVE00070","18.0000","18.0000","18.0000","0.0000","0.0000"
"100005768","BOBB00038","1.0000","1.0000","1.0000","0.0000","0.0000"
"100005768","BOBB00047","1.0000","1.0000","1.0000","0.0000","0.0000"
"100005769","PBOU44116-35","2.0000","2.0000","2.0000","0.0000","0.0000"
"100005770","LLRVEN0089","1.0000","1.0000","1.0000","0.0000","0.0000"
"100005771","PPIN48240-00","3.0000","3.0000","3.0000","0.0000","3.0000"
"100005771","BOAL00939","2.0000","2.0000","2.0000","0.0000","2.0000"
"100005771","BOBB00147","1.0000","1.0000","1.0000","0.0000","1.0000"
"100005771","BOBB00185","1.0000","1.0000","1.0000","0.0000","1.0000"
"100005771","BOAL00318","2.0000","2.0000","2.0000","0.0000","2.0000"
"100005771","BOVE00797-BOVE00796-BOVE00795-BOVE00794","3.0000","3.0000","3.0000","0.0000","3.0000"
"100005771","BOVE00796","3.0000","1.0000","1.0000","0.0000","3.0000"
"100005771","BOVE00795","3.0000","1.0000","1.0000","0.0000","3.0000"
"100005771","BOVE00794","3.0000","1.0000","1.0000","0.0000","3.0000"
"100005771","LLRBEU0025","3.0000","3.0000","3.0000","0.0000","3.0000"
"100005771","PCOU48280-75","3.0000","3.0000","3.0000","0.0000","3.0000"
"100005771","BOAL00710","3.0000","3.0000","3.0000","0.0000","3.0000"
"100005772","BOVE00574","1.0000","1.0000","1.0000","0.0000","0.0000"
"100005772","BOVE00556","2.0000","2.0000","2.0000","0.0000","0.0000"
"100005772","BAR0110012","1.0000","1.0000","1.0000","0.0000","0.0000"
"100005773","BOCI00617","1.0000","1.0000","1.0000","0.0000","0.0000"
"100005774","BOVE00443","1.0000","1.0000","1.0000","0.0000","0.0000"
"100005775","BOAL01226-BOAL00398-BOAL00403-BOAL00404-BOAL00406","1.0000","0.0000","0.0000","1.0000","0.0000"
"100005775","BOAL00398","2.0000","0.0000","0.0000","0.0000","0.0000"
"100005775","BOAL00403","2.0000","0.0000","0.0000","0.0000","0.0000"
"100005775","BOAL00404","2.0000","0.0000","0.0000","0.0000","0.0000"
"100005775","BOAL00406","2.0000","0.0000","0.0000","0.0000","0.0000"
"100005776","BOCI00759","5.0000","5.0000","5.0000","0.0000","0.0000"
"100005777","LLRABE0014","1.0000","1.0000","1.0000","0.0000","0.0000"
"100005778","BOVE00452","1.0000","1.0000","1.0000","0.0000","0.0000"
"100005778","BOVE00626","1.0000","1.0000","1.0000","0.0000","0.0000"
"100005778","BOCI00330","1.0000","1.0000","1.0000","0.0000","0.0000"
"100005779","BOCI00583","1.0000","1.0000","1.0000","0.0000","0.0000"
"100005779","BOVE00422","2.0000","2.0000","2.0000","0.0000","0.0000"
"100005779","PCUI42901-35","1.0000","1.0000","1.0000","0.0000","0.0000"
"100005779","BOCI00331","2.0000","2.0000","2.0000","0.0000","0.0000"
"100005779","BOCI00810","1.0000","1.0000","1.0000","0.0000","0.0000"
"100005779","BOCI00517","1.0000","1.0000","1.0000","0.0000","0.0000"
"100005779","PMAR12915-35","1.0000","1.0000","1.0000","0.0000","0.0000"
"100005779","BOCI00801","1.0000","1.0000","1.0000","0.0000","0.0000"
"100005780","BNNPOS0008","1.0000","1.0000","1.0000","0.0000","0.0000"
"100005781","ME00057","1.0000","1.0000","1.0000","0.0000","0.0000"
"100005782","BOVE00511","1.0000","1.0000","1.0000","0.0000","0.0000"
"100005783","BOVA00744","2.0000","2.0000","2.0000","0.0000","0.0000"
"100005784","CCS0010010","2.0000","2.0000","2.0000","0.0000","0.0000"
"100005785","BOAL01524-BOAL01508-BOAL01509-BOAL01507-BOAL01510","1.0000","1.0000","1.0000","0.0000","0.0000"
"100005785","BOAL01508","2.0000","1.0000","1.0000","0.0000","0.0000"
"100005785","BOAL01509","2.0000","1.0000","1.0000","0.0000","0.0000"
"100005785","BOAL01507","2.0000","1.0000","1.0000","0.0000","0.0000"
"100005785","BOAL01510","2.0000","1.0000","1.0000","0.0000","0.0000"
"100005786","BOVE00538","1.0000","1.0000","1.0000","0.0000","0.0000"
"100005786","BOVE00530","1.0000","1.0000","1.0000","0.0000","0.0000"
"100005786","BOBB00033","1.0000","1.0000","1.0000","0.0000","0.0000"
"100005786","BOBB00053","1.0000","1.0000","1.0000","0.0000","0.0000"
"100005787","BOVE00478","2.0000","2.0000","2.0000","0.0000","0.0000"
"100005788","BOVE00443","1.0000","1.0000","1.0000","0.0000","1.0000"
"100005789","BOVE00485","2.0000","2.0000","2.0000","0.0000","0.0000"
"100005790","CDB0010001","1.0000","1.0000","1.0000","0.0000","0.0000"
"100005791","BOVA01286","10.0000","10.0000","10.0000","0.0000","0.0000"
"100005791","BOAL00235","2.0000","2.0000","2.0000","0.0000","0.0000"
"100005792","BOVE00157","1.0000","1.0000","1.0000","0.0000","0.0000"
"100005793","BOCI00586","1.0000","1.0000","1.0000","0.0000","0.0000"
"100005794","BOBB00047","1.0000","1.0000","1.0000","0.0000","0.0000"
"100005795","BOAL00892","1.0000","1.0000","1.0000","0.0000","0.0000"
"100005796","BOAL01183C-BOAL00327-BOAL00328-BOAL00329-BOAL00330-ME00C51","1.0000","0.0000","0.0000","1.0000","0.0000"
"100005796","BOAL00327","2.0000","0.0000","0.0000","0.0000","0.0000"
"100005796","BOAL00328","2.0000","0.0000","0.0000","0.0000","0.0000"
"100005796","BOAL00329","2.0000","0.0000","0.0000","0.0000","0.0000"
"100005796","BOAL00330","2.0000","0.0000","0.0000","0.0000","0.0000"
"100005796","ME00C51","1.0000","0.0000","0.0000","0.0000","0.0000"
"100005796","CCS0010010","1.0000","0.0000","0.0000","1.0000","0.0000"
"100005797","BOAL01183C-BOAL00327-BOAL00328-BOAL00329-BOAL00330-ME00C51","1.0000","0.0000","0.0000","1.0000","0.0000"
"100005797","BOAL00327","2.0000","0.0000","0.0000","0.0000","0.0000"
"100005797","BOAL00328","2.0000","0.0000","0.0000","0.0000","0.0000"
"100005797","BOAL00329","2.0000","0.0000","0.0000","0.0000","0.0000"
"100005797","BOAL00330","2.0000","0.0000","0.0000","0.0000","0.0000"
"100005797","ME00C51","1.0000","0.0000","0.0000","0.0000","0.0000"
"100005797","CCS0010010","1.0000","0.0000","0.0000","1.0000","0.0000"
"100005798","BOAL01183C-BOAL00327-BOAL00328-BOAL00329-BOAL00330-ME00C51","1.0000","0.0000","0.0000","1.0000","0.0000"
"100005798","BOAL00327","2.0000","0.0000","0.0000","0.0000","0.0000"
"100005798","BOAL00328","2.0000","0.0000","0.0000","0.0000","0.0000"
"100005798","BOAL00329","2.0000","0.0000","0.0000","0.0000","0.0000"
"100005798","BOAL00330","2.0000","0.0000","0.0000","0.0000","0.0000"
"100005798","ME00C51","1.0000","0.0000","0.0000","0.0000","0.0000"
"100005798","CCS0010010","1.0000","0.0000","0.0000","1.0000","0.0000"
"100005799","BOAL01183C-BOAL00327-BOAL00328-BOAL00329-BOAL00330-ME00C51","1.0000","1.0000","1.0000","0.0000","0.0000"
"100005799","BOAL00327","2.0000","1.0000","1.0000","0.0000","0.0000"
"100005799","BOAL00328","2.0000","1.0000","1.0000","0.0000","0.0000"
"100005799","BOAL00329","2.0000","1.0000","1.0000","0.0000","0.0000"
"100005799","BOAL00330","2.0000","1.0000","1.0000","0.0000","0.0000"
"100005799","ME00C51","1.0000","1.0000","1.0000","0.0000","0.0000"
"100005799","CCS0010010","1.0000","1.0000","1.0000","0.0000","0.0000"
"300000044","BCO0080012-BCO0080001-BCO0080002-BCO0080003-BCO0080004","1.0000","0.0000","0.0000","1.0000","0.0000"
"300000044","BCO0080001","1.0000","0.0000","0.0000","0.0000","0.0000"
"300000044","BCO0080002","1.0000","0.0000","0.0000","0.0000","0.0000"
"300000044","BCO0080003","1.0000","0.0000","0.0000","0.0000","0.0000"
"300000044","BCO0080004","1.0000","0.0000","0.0000","0.0000","0.0000"
"300000045","BCO0080012-BCO0080001-BCO0080002-BCO0080003-BCO0080004","1.0000","0.0000","0.0000","1.0000","0.0000"
"300000045","BCO0080001","1.0000","0.0000","0.0000","0.0000","0.0000"
"300000045","BCO0080002","1.0000","0.0000","0.0000","0.0000","0.0000"
"300000045","BCO0080003","1.0000","0.0000","0.0000","0.0000","0.0000"
"300000045","BCO0080004","1.0000","0.0000","0.0000","0.0000","0.0000"
"300000046","BCO0080012-BCO0080001-BCO0080002-BCO0080003-BCO0080004","1.0000","0.0000","0.0000","1.0000","0.0000"
"300000046","BCO0080001","1.0000","0.0000","0.0000","0.0000","0.0000"
"300000046","BCO0080002","1.0000","0.0000","0.0000","0.0000","0.0000"
"300000046","BCO0080003","1.0000","0.0000","0.0000","0.0000","0.0000"
"300000046","BCO0080004","1.0000","0.0000","0.0000","0.0000","0.0000"
"300000047","BCO0080012-BCO0080001-BCO0080002-BCO0080003-BCO0080004","1.0000","0.0000","0.0000","1.0000","0.0000"
"300000047","BCO0080001","1.0000","0.0000","0.0000","0.0000","0.0000"
"300000047","BCO0080002","1.0000","0.0000","0.0000","0.0000","0.0000"
"300000047","BCO0080003","1.0000","0.0000","0.0000","0.0000","0.0000"
"300000047","BCO0080004","1.0000","0.0000","0.0000","0.0000","0.0000"
"100005800","LLRVEN0089","1.0000","1.0000","1.0000","0.0000","0.0000"
"100005801","BOVE00455","1.0000","1.0000","1.0000","0.0000","0.0000"
"100005802","BOAL00483","1.0000","1.0000","1.0000","0.0000","0.0000"
"100005802","BOAL00480","1.0000","1.0000","1.0000","0.0000","0.0000"
"100005802","BOAL01270-BOAL00478-BOAL00482-BOAL00484-BOAL00486","1.0000","1.0000","1.0000","0.0000","0.0000"
"100005802","BOAL00478","1.0000","1.0000","1.0000","0.0000","0.0000"
"100005802","BOAL00482","1.0000","1.0000","1.0000","0.0000","0.0000"
"100005802","BOAL00484","1.0000","1.0000","1.0000","0.0000","0.0000"
"100005802","BOAL00486","1.0000","1.0000","1.0000","0.0000","0.0000"
"100005803","CBRLOR0001","1.0000","1.0000","1.0000","0.0000","0.0000"
"100005804","BOVE00243","1.0000","1.0000","1.0000","0.0000","0.0000"
"100005805","BOVE00590","1.0000","1.0000","1.0000","0.0000","0.0000"
"100005805","BOVE00584","1.0000","1.0000","1.0000","0.0000","0.0000"
"100005805","BOVE00588","1.0000","1.0000","1.0000","0.0000","0.0000"
"300000048","BCO0080012-BCO0080001-BCO0080002-BCO0080003-BCO0080004","1.0000","1.0000","1.0000","0.0000","0.0000"
"300000048","BCO0080001","1.0000","1.0000","1.0000","0.0000","0.0000"
"300000048","BCO0080002","1.0000","1.0000","1.0000","0.0000","0.0000"
"300000048","BCO0080003","1.0000","1.0000","1.0000","0.0000","0.0000"
"300000048","BCO0080004","1.0000","1.0000","1.0000","0.0000","0.0000"
"100005806","BOVE00098","1.0000","1.0000","1.0000","0.0000","0.0000"
"100005807","PGRIL41727-30","12.0000","12.0000","12.0000","0.0000","0.0000"
"100005808","BOVA01391","1.0000","1.0000","1.0000","0.0000","0.0000"
"100005808","BOVA01379","1.0000","1.0000","1.0000","0.0000","0.0000"
"100005808","BOVA01386","1.0000","1.0000","1.0000","0.0000","0.0000"
"100005808","BOAL00726","1.0000","1.0000","1.0000","0.0000","0.0000"
"100005809","FFE0010001","1.0000","1.0000","1.0000","0.0000","0.0000"
"100005810","BOAL00926","4.0000","4.0000","4.0000","0.0000","0.0000"
"100005811","ME00C51","1.0000","1.0000","1.0000","0.0000","0.0000"
"100005812","BOVE00505","3.0000","3.0000","3.0000","0.0000","0.0000"
"100005813","BOVE00394","2.0000","2.0000","2.0000","0.0000","0.0000"
"100005814","BOVE00503","1.0000","1.0000","1.0000","0.0000","0.0000"
"100005815","BOVE00099","1.0000","1.0000","1.0000","0.0000","0.0000"
"100005816","BOBB00100","1.0000","1.0000","1.0000","0.0000","0.0000"
"100005817","BOVA01185","1.0000","1.0000","1.0000","0.0000","0.0000"
"100005817","BOVA01186","1.0000","1.0000","1.0000","0.0000","0.0000"
"100005817","BOVA01187","1.0000","1.0000","1.0000","0.0000","0.0000"
"100005817","BOVA01188","2.0000","2.0000","2.0000","0.0000","0.0000"
"100005817","BOVA01189","2.0000","2.0000","2.0000","0.0000","0.0000"
"100005817","BOVA01190","2.0000","2.0000","2.0000","0.0000","0.0000"
"100005818","BOVE00447","1.0000","1.0000","1.0000","0.0000","0.0000"
"100005819","CLP0010005-CLP0010001-CLP0010003","1.0000","1.0000","1.0000","0.0000","0.0000"
"100005820","BOVE00513","1.0000","1.0000","1.0000","0.0000","0.0000"
"100005821","BOAL01183-BOAL00327-BOAL00328-BOAL00329-BOAL00330","1.0000","1.0000","1.0000","0.0000","0.0000"
"100005821","BOAL00327","2.0000","1.0000","1.0000","0.0000","0.0000"
"100005821","BOAL00328","2.0000","1.0000","1.0000","0.0000","0.0000"
"100005821","BOAL00329","2.0000","1.0000","1.0000","0.0000","0.0000"
"100005821","BOAL00330","2.0000","1.0000","1.0000","0.0000","0.0000"
"100005822","BOVE00469","2.0000","2.0000","2.0000","0.0000","0.0000"
"100005823","BOAL00701","1.0000","1.0000","1.0000","0.0000","0.0000"
"100005824","BOVA01192","2.0000","2.0000","2.0000","0.0000","0.0000"
"100005825","BOVE00612","1.0000","1.0000","1.0000","0.0000","0.0000"
"100005825","BOVE00610","1.0000","1.0000","1.0000","0.0000","0.0000"
"100005826","BOVE00485","2.0000","2.0000","2.0000","0.0000","0.0000"
"100005827","BOVE00704","1.0000","1.0000","1.0000","0.0000","0.0000"
"100005828","PPABAR0002","1.0000","1.0000","1.0000","0.0000","0.0000"
"100005828","BOVE00543","2.0000","2.0000","2.0000","0.0000","0.0000"
"100005829","BOCI00583","1.0000","1.0000","1.0000","0.0000","0.0000"
"100005830","BOAL00706","2.0000","0.0000","0.0000","2.0000","0.0000"
"100005830","BOAL00708","2.0000","0.0000","0.0000","2.0000","0.0000"
"100005831","BOAL00706","2.0000","0.0000","0.0000","2.0000","0.0000"
"100005831","BOAL00708","2.0000","0.0000","0.0000","2.0000","0.0000"
"100005832","BOAL00706","2.0000","0.0000","0.0000","2.0000","0.0000"
"100005832","BOAL00708","2.0000","0.0000","0.0000","2.0000","0.0000"
"100005833","BOAL00706","2.0000","0.0000","0.0000","2.0000","0.0000"
"100005833","BOAL00708","2.0000","0.0000","0.0000","2.0000","0.0000"
"100005834","BOAL00706","2.0000","0.0000","0.0000","2.0000","0.0000"
"100005834","BOAL00708","2.0000","0.0000","0.0000","2.0000","0.0000"
"100005835","CCS0010005","1.0000","0.0000","0.0000","1.0000","0.0000"
"100005836","PSHAK41483-04","1.0000","1.0000","1.0000","0.0000","0.0000"
"100005836","BOAL00759","1.0000","1.0000","1.0000","0.0000","0.0000"
"100005836","BOBB00124","1.0000","1.0000","1.0000","0.0000","0.0000"
"100005837","BOAL00710","10.0000","10.0000","10.0000","0.0000","0.0000"
"100005838","BOAL00706","2.0000","0.0000","0.0000","2.0000","0.0000"
"100005838","BOAL00708","2.0000","0.0000","0.0000","2.0000","0.0000"
"100005839","BOAL00706","2.0000","2.0000","2.0000","0.0000","0.0000"
"100005839","BOAL00708","2.0000","2.0000","2.0000","0.0000","0.0000"
"100005840","BOVE00445","1.0000","1.0000","1.0000","0.0000","0.0000"
"100005841","BOVE00262","4.0000","4.0000","4.0000","0.0000","0.0000"
"100005842","BBR0010001","1.0000","1.0000","1.0000","0.0000","0.0000"
"100005843","BOVE00250","2.0000","2.0000","2.0000","0.0000","0.0000"
"100005843","BOVE00777","2.0000","2.0000","2.0000","0.0000","0.0000"
"100005843","BOVE00778","2.0000","2.0000","2.0000","0.0000","0.0000"
"100005844","BOBB00038","1.0000","1.0000","1.0000","0.0000","0.0000"
"100005845","BOBB00124","1.0000","1.0000","1.0000","0.0000","0.0000"
"100005846","BOVA01268","2.0000","2.0000","2.0000","0.0000","0.0000"
"100005846","BOVE00594","1.0000","1.0000","1.0000","0.0000","0.0000"
"100005846","BOVA01261","1.0000","1.0000","1.0000","0.0000","0.0000"
"100005846","BOVA01234","1.0000","1.0000","1.0000","0.0000","0.0000"
"100005847","BOAL01247-BOAL00428-BOAL00433-BOAL00434-BOAL00436-BOAL00430-BOAL00431","1.0000","1.0000","1.0000","0.0000","0.0000"
"100005847","BOAL00428","2.0000","1.0000","1.0000","0.0000","0.0000"
"100005847","BOAL00433","2.0000","1.0000","1.0000","0.0000","0.0000"
"100005847","BOAL00434","2.0000","1.0000","1.0000","0.0000","0.0000"
"100005847","BOAL00436","2.0000","1.0000","1.0000","0.0000","0.0000"
"100005847","BOAL00430","2.0000","1.0000","1.0000","0.0000","0.0000"
"100005847","BOAL00431","2.0000","1.0000","1.0000","0.0000","0.0000"
"100005848","BOVE00483","5.0000","5.0000","5.0000","0.0000","0.0000"
"100005849","PCOU48280-23","2.0000","2.0000","2.0000","0.0000","0.0000"
"100005850","BOAL00487","1.0000","1.0000","1.0000","0.0000","0.0000"
"100005850","BOAL01270-BOAL00478-BOAL00482-BOAL00484-BOAL00486","2.0000","2.0000","2.0000","0.0000","0.0000"
"100005850","BOAL00478","2.0000","1.0000","1.0000","0.0000","0.0000"
"100005850","BOAL00482","2.0000","1.0000","1.0000","0.0000","0.0000"
"100005850","BOAL00484","2.0000","1.0000","1.0000","0.0000","0.0000"
"100005850","BOAL00486","2.0000","1.0000","1.0000","0.0000","0.0000"
"100005851","BOVE00537","1.0000","1.0000","1.0000","0.0000","0.0000"
"100005851","BOVE00541","1.0000","1.0000","1.0000","0.0000","0.0000"
"100005851","BOVE00469","1.0000","1.0000","1.0000","0.0000","0.0000"
"100005852","PTAI48280-13","3.0000","0.0000","0.0000","3.0000","0.0000"
"100005853","PTAI48280-13","3.0000","3.0000","3.0000","0.0000","0.0000"
"100005854","BOAL00721","1.0000","1.0000","1.0000","0.0000","0.0000"
"100005854","BOAL00719","1.0000","1.0000","1.0000","0.0000","0.0000"
"100005855","ME00C51","1.0000","1.0000","1.0000","0.0000","0.0000"
"100005856","BOAL01183-BOAL00327-BOAL00328-BOAL00329-BOAL00330","1.0000","1.0000","1.0000","0.0000","0.0000"
"100005856","BOAL00327","2.0000","1.0000","1.0000","0.0000","0.0000"
"100005856","BOAL00328","2.0000","1.0000","1.0000","0.0000","0.0000"
"100005856","BOAL00329","2.0000","1.0000","1.0000","0.0000","0.0000"
"100005856","BOAL00330","2.0000","1.0000","1.0000","0.0000","0.0000"
"100005857","LLRSOL0032","3.0000","3.0000","3.0000","0.0000","0.0000"
"100005857","LLRSOL0031","2.0000","2.0000","2.0000","0.0000","0.0000"
"100005857","LLRBUB0095","1.0000","1.0000","1.0000","0.0000","0.0000"
"100005858","PCOU48280-10","1.0000","1.0000","1.0000","0.0000","0.0000"
"100005859","BOAL00707","1.0000","1.0000","1.0000","0.0000","1.0000"
"100005859","BOAL00708","1.0000","1.0000","1.0000","0.0000","1.0000"
"100005859","BOAL00706","1.0000","1.0000","1.0000","0.0000","1.0000"
"100005860","BOAL00651","1.0000","1.0000","1.0000","0.0000","0.0000"
"100005860","BET0140002-BOAL00648-BOAL00651-BOAL00655-BOAL00652","1.0000","1.0000","1.0000","0.0000","0.0000"
"100005860","BOAL00648","1.0000","1.0000","1.0000","0.0000","0.0000"
"100005860","BOAL00651","1.0000","1.0000","1.0000","0.0000","0.0000"
"100005860","BOAL00655","1.0000","1.0000","1.0000","0.0000","0.0000"
"100005860","BOAL00652","1.0000","1.0000","1.0000","0.0000","0.0000"
"100005860","BOAL00653","1.0000","1.0000","1.0000","0.0000","0.0000"
"100005860","BOAL00650","1.0000","1.0000","1.0000","0.0000","0.0000"
"100005860","BOAL00647","1.0000","1.0000","1.0000","0.0000","0.0000"
"100005860","BOAL00652","1.0000","1.0000","1.0000","0.0000","0.0000"
"100005861","PTAI48280-12","1.0000","1.0000","1.0000","0.0000","0.0000"
"100005862","ME00C24","1.0000","1.0000","1.0000","0.0000","0.0000"
"100005863","BOVA01192","1.0000","1.0000","1.0000","0.0000","0.0000"
"100005863","BOVA01189","1.0000","1.0000","1.0000","0.0000","0.0000"
"100005863","BOVA01190","1.0000","1.0000","1.0000","0.0000","0.0000"
"100005863","PTAI48280-13","1.0000","1.0000","1.0000","0.0000","0.0000"
"100005864","PBOU44116-35","2.0000","2.0000","2.0000","0.0000","0.0000"
"100005864","PBOU44116-15","1.0000","1.0000","1.0000","0.0000","0.0000"
"100005865","ME00139","1.0000","0.0000","0.0000","1.0000","0.0000"
"100005866","BCO0010014-BCO0010002-BCO0010001-BCO0010003-BCO0010004-BCO0010008-BCO0010007-BCO0010006-BCO0010005","1.0000","1.0000","1.0000","0.0000","0.0000"
"100005866","BCO0010002","1.0000","1.0000","1.0000","0.0000","0.0000"
"100005866","BCO0010001","1.0000","1.0000","1.0000","0.0000","0.0000"
"100005866","BCO0010003","1.0000","1.0000","1.0000","0.0000","0.0000"
"100005866","BCO0010004","1.0000","1.0000","1.0000","0.0000","0.0000"
"100005866","BCO0010008","1.0000","1.0000","1.0000","0.0000","0.0000"
"100005866","BCO0010007","1.0000","1.0000","1.0000","0.0000","0.0000"
"100005866","BCO0010006","1.0000","1.0000","1.0000","0.0000","0.0000"
"100005866","BCO0010005","1.0000","1.0000","1.0000","0.0000","0.0000"
"100005867","ME00C113","1.0000","1.0000","1.0000","0.0000","0.0000"
"100005868","BOVE00620","2.0000","2.0000","2.0000","0.0000","0.0000"
"100005869","BOVE00508","2.0000","2.0000","2.0000","0.0000","0.0000"
"100005870","CBR0010002","1.0000","1.0000","1.0000","0.0000","0.0000"
"100005871","BOVE00312","1.0000","1.0000","1.0000","0.0000","0.0000"
"100005871","BOVE00313","2.0000","2.0000","2.0000","0.0000","0.0000"
"100005872","BOVE00381","3.0000","3.0000","3.0000","0.0000","0.0000"
"100005873","BCO0040054-BCO0040049-BCO0040050-BCO0040051-BCO0040052","1.0000","1.0000","1.0000","0.0000","0.0000"
"100005873","BCO0040049","1.0000","1.0000","1.0000","0.0000","0.0000"
"100005873","BCO0040050","1.0000","1.0000","1.0000","0.0000","0.0000"
"100005873","BCO0040051","1.0000","1.0000","1.0000","0.0000","0.0000"
"100005873","BCO0040052","1.0000","1.0000","1.0000","0.0000","0.0000"
"100005874","BOVE00523","3.0000","3.0000","3.0000","0.0000","0.0000"
"100005875","BOVE00523","3.0000","3.0000","3.0000","0.0000","0.0000"
"100005876","ME00C51","1.0000","1.0000","1.0000","0.0000","1.0000"
"100005877","SDO0011069","1.0000","1.0000","1.0000","0.0000","0.0000"
"100005877","SDO0011065","1.0000","1.0000","1.0000","0.0000","0.0000"
"100005877","SDO0048203","1.0000","1.0000","1.0000","0.0000","0.0000"
"100005877","SDO0028025","1.0000","1.0000","1.0000","0.0000","0.0000"
"100005877","SDO0028027","1.0000","1.0000","1.0000","0.0000","0.0000"
"100005877","SDO0028058","1.0000","1.0000","1.0000","0.0000","0.0000"
"100005878","BOVE00469","1.0000","1.0000","1.0000","0.0000","0.0000"
"100005879","BOBB00038","1.0000","1.0000","1.0000","0.0000","0.0000"
"100005880","PTAI48280-13","1.0000","1.0000","1.0000","0.0000","0.0000"
"100005881","PGAN48510-00","1.0000","1.0000","1.0000","0.0000","0.0000"
"100005882","LLRABE0017","1.0000","1.0000","1.0000","0.0000","0.0000"
"100005882","LLRABE0005","1.0000","1.0000","1.0000","0.0000","0.0000"
"100005883","PRAC47621-07","1.0000","0.0000","0.0000","1.0000","0.0000"
"100005883","BOCI00320","2.0000","0.0000","0.0000","2.0000","0.0000"
"100005883","BOCI00340","1.0000","0.0000","0.0000","1.0000","0.0000"
"100005883","PPIN48280-94","1.0000","0.0000","0.0000","1.0000","0.0000"
"100005884","PRAC47621-07","1.0000","1.0000","1.0000","0.0000","0.0000"
"100005884","BOCI00320","2.0000","2.0000","2.0000","0.0000","0.0000"
"100005884","BOCI00340","1.0000","1.0000","1.0000","0.0000","0.0000"
"100005884","PPIN48280-94","1.0000","1.0000","1.0000","0.0000","0.0000"
"100005885","BOAL01226-BOAL00398-BOAL00403-BOAL00404-BOAL00406","2.0000","0.0000","0.0000","2.0000","0.0000"
"100005885","BOAL00398","4.0000","0.0000","0.0000","0.0000","0.0000"
"100005885","BOAL00403","4.0000","0.0000","0.0000","0.0000","0.0000"
"100005885","BOAL00404","4.0000","0.0000","0.0000","0.0000","0.0000"
"100005885","BOAL00406","4.0000","0.0000","0.0000","0.0000","0.0000"
"100005886","BOAL01226-BOAL00398-BOAL00403-BOAL00404-BOAL00406","2.0000","0.0000","0.0000","2.0000","0.0000"
"100005886","BOAL00398","4.0000","0.0000","0.0000","0.0000","0.0000"
"100005886","BOAL00403","4.0000","0.0000","0.0000","0.0000","0.0000"
"100005886","BOAL00404","4.0000","0.0000","0.0000","0.0000","0.0000"
"100005886","BOAL00406","4.0000","0.0000","0.0000","0.0000","0.0000"
"100005887","BOAL00394","1.0000","1.0000","1.0000","0.0000","0.0000"
"100005887","BOAL01218-BOAL00388-BOAL00393-BOAL00394-BOAL00396","1.0000","1.0000","1.0000","0.0000","0.0000"
"100005887","BOAL00388","2.0000","1.0000","1.0000","0.0000","0.0000"
"100005887","BOAL00393","2.0000","1.0000","1.0000","0.0000","0.0000"
"100005887","BOAL00394","2.0000","1.0000","1.0000","0.0000","0.0000"
"100005887","BOAL00396","2.0000","1.0000","1.0000","0.0000","0.0000"
"100005888","BOVE00276","2.0000","2.0000","2.0000","0.0000","0.0000"
"100005888","BOVE00273","1.0000","1.0000","1.0000","0.0000","0.0000"
"100005888","BOVE00275","1.0000","1.0000","1.0000","0.0000","0.0000"
"100005889","LLRGRA0052-LLRGRA0052-1-LLRGRA0052-2","1.0000","1.0000","1.0000","0.0000","0.0000"
"100005889","LLRGRA0052-1","1.0000","1.0000","1.0000","0.0000","0.0000"
"100005889","LLRGRA0052-2","1.0000","1.0000","1.0000","0.0000","0.0000"
"100005889","LLRGRA0051","1.0000","1.0000","1.0000","0.0000","0.0000"
"100005890","BOBB00038","2.0000","2.0000","2.0000","0.0000","0.0000"
"100005891","BOVE00448","1.0000","1.0000","1.0000","0.0000","0.0000"
"100005892","BOVA01198","12.0000","12.0000","12.0000","0.0000","0.0000"
"100005892","BOVA01197","12.0000","12.0000","12.0000","0.0000","0.0000"
"100005893","BOVE00782","1.0000","1.0000","1.0000","0.0000","0.0000"
"100005893","CLBATE0001","1.0000","1.0000","1.0000","0.0000","0.0000"
"100005894","ME00C127","1.0000","1.0000","1.0000","0.0000","0.0000"
"100005895","BOVE00567","1.0000","1.0000","1.0000","0.0000","0.0000"
"100005896","BOVE00622","1.0000","1.0000","1.0000","0.0000","0.0000"
"100005896","BOAL01502","1.0000","1.0000","1.0000","0.0000","0.0000"
"100005897","ME00C127","1.0000","1.0000","1.0000","0.0000","0.0000"
"100005898","PBOU44116-35","4.0000","4.0000","4.0000","0.0000","0.0000"
"100005899","BOBB00038","2.0000","2.0000","2.0000","0.0000","0.0000"
"100005900","CARPIC0003","1.0000","1.0000","1.0000","0.0000","0.0000"
"100005900","CARPIC0002","1.0000","1.0000","1.0000","0.0000","0.0000"
"100005901","BOVE00276","1.0000","0.0000","0.0000","1.0000","0.0000"
"100005902","BOAL01226-BOAL00398-BOAL00403-BOAL00404-BOAL00406","1.0000","0.0000","0.0000","1.0000","0.0000"
"100005902","BOAL00398","2.0000","0.0000","0.0000","0.0000","0.0000"
"100005902","BOAL00403","2.0000","0.0000","0.0000","0.0000","0.0000"
"100005902","BOAL00404","2.0000","0.0000","0.0000","0.0000","0.0000"
"100005902","BOAL00406","2.0000","0.0000","0.0000","0.0000","0.0000"
"100005902","BOVA01187","1.0000","0.0000","0.0000","1.0000","0.0000"
"100005903","BOVE00518","2.0000","2.0000","2.0000","0.0000","0.0000"
"100005903","BOBB00090","1.0000","1.0000","1.0000","0.0000","0.0000"
"100005903","PMESU41604-00","1.0000","1.0000","1.0000","0.0000","0.0000"
"100005903","PPABAR0004","1.0000","1.0000","1.0000","0.0000","0.0000"
"100005903","PSHAK41481-02","1.0000","1.0000","1.0000","0.0000","0.0000"
"100005904","BOVA01395","1.0000","1.0000","1.0000","0.0000","0.0000"
"100005904","BOVA01396","1.0000","1.0000","1.0000","0.0000","0.0000"
"100005904","BOVA01198","1.0000","1.0000","1.0000","0.0000","0.0000"
"100005904","BOVA01199","1.0000","1.0000","1.0000","0.0000","0.0000"
"100005904","BOVA01200","1.0000","1.0000","1.0000","0.0000","0.0000"
"100005904","BOVA01201","1.0000","1.0000","1.0000","0.0000","0.0000"
"100005905","BOVE00250","1.0000","0.0000","0.0000","1.0000","0.0000"
"100005905","BOVE00770","1.0000","0.0000","0.0000","1.0000","0.0000"
"100005905","BOVE00772","1.0000","0.0000","0.0000","1.0000","0.0000"
"100005905","BOVE00778","1.0000","0.0000","0.0000","1.0000","0.0000"
"100005905","BOVE00777","1.0000","0.0000","0.0000","1.0000","0.0000"
"100005906","CCS0030005","2.0000","2.0000","2.0000","0.0000","0.0000"
"100005907","BOVE00250","1.0000","1.0000","1.0000","0.0000","0.0000"
"100005907","BOVE00770","1.0000","1.0000","1.0000","0.0000","0.0000"
"100005907","BOVE00772","1.0000","1.0000","1.0000","0.0000","0.0000"
"100005907","BOVE00778","1.0000","1.0000","1.0000","0.0000","0.0000"
"100005907","BOVE00777","1.0000","1.0000","1.0000","0.0000","0.0000"
"300000049","SDO0028010","2.0000","0.0000","0.0000","2.0000","0.0000"
"300000049","SDO0028017","1.0000","0.0000","0.0000","1.0000","0.0000"
"100005908","VOL00001","6.0000","6.0000","6.0000","0.0000","0.0000"
"100005908","VOL00003","2.0000","2.0000","2.0000","0.0000","0.0000"
"100005909","BOVE00007","2.0000","2.0000","2.0000","0.0000","0.0000"
"300000050","BOVA01424","1.0000","0.0000","0.0000","1.0000","0.0000"
"300000050","SDO0028017","1.0000","0.0000","0.0000","1.0000","0.0000"
"300000050","SDO0028010","1.0000","0.0000","0.0000","1.0000","0.0000"
"300000050","BOVE00356","1.0000","0.0000","0.0000","1.0000","0.0000"
"100005910","PACR41670-AA","2.0000","2.0000","2.0000","0.0000","0.0000"
"100005911","BOVE00543","1.0000","1.0000","1.0000","0.0000","0.0000"
"100005911","BOVE00537","1.0000","1.0000","1.0000","0.0000","0.0000"
"100005911","BOVE00547","1.0000","1.0000","1.0000","0.0000","0.0000"
"100005912","BOVE00114","2.0000","0.0000","0.0000","2.0000","0.0000"
"100005913","BOVE00114","2.0000","2.0000","2.0000","0.0000","0.0000"
"100005914","BOVE00379","18.0000","18.0000","18.0000","0.0000","0.0000"
"100005915","BOVE00395","1.0000","1.0000","1.0000","0.0000","0.0000"
"100005916","PPAIL48304-02","1.0000","1.0000","1.0000","0.0000","0.0000"
"100005917","VOL00048","1.0000","1.0000","1.0000","0.0000","0.0000"
"100005918","PBOU44116-50","1.0000","1.0000","1.0000","0.0000","0.0000"
"300000051","PPIZ11744-28","1.0000","0.0000","0.0000","1.0000","0.0000"
"300000051","PCUI41474-00","1.0000","0.0000","0.0000","1.0000","0.0000"
"300000051","BOVA00916","1.0000","0.0000","0.0000","1.0000","0.0000"
"100005919","BOAL00714","16.0000","16.0000","16.0000","0.0000","0.0000"
"100005920","BOVE00117","1.0000","1.0000","1.0000","0.0000","0.0000"
"400000013","BOVA00002","12.0000","12.0000","12.0000","0.0000","0.0000"
"400000013","BOVA00005","3.0000","3.0000","3.0000","0.0000","0.0000"
"400000013","BOVA00006","12.0000","12.0000","12.0000","0.0000","0.0000"
"400000013","BOVA00007","12.0000","12.0000","12.0000","0.0000","0.0000"
"400000013","BOVA00001","12.0000","12.0000","12.0000","0.0000","0.0000"
"100005921","BOBB00045","7.0000","7.0000","7.0000","0.0000","0.0000"
"100005922","BOVE00283","15.0000","15.0000","15.0000","0.0000","0.0000"
"100005923","BOVE00114","1.0000","1.0000","1.0000","0.0000","0.0000"
"100005924","BOBB00287","2.0000","2.0000","2.0000","0.0000","0.0000"
"100005925","BOAL00329","2.0000","2.0000","2.0000","0.0000","0.0000"
"100005925","BOAL00328","2.0000","2.0000","2.0000","0.0000","0.0000"
"100005926","BOAL01457-BOAL00656-BOAL00661-BOAL00662-BOAL00663","1.0000","1.0000","1.0000","0.0000","0.0000"
"100005926","BOAL00656","2.0000","1.0000","1.0000","0.0000","0.0000"
"100005926","BOAL00661","2.0000","1.0000","1.0000","0.0000","0.0000"
"100005926","BOAL00662","2.0000","1.0000","1.0000","0.0000","0.0000"
"100005926","BOAL00663","2.0000","1.0000","1.0000","0.0000","0.0000"
"100005926","BOAL00662","2.0000","2.0000","2.0000","0.0000","0.0000"
"100005926","BOAL00656","2.0000","2.0000","2.0000","0.0000","0.0000"
"100005926","BOVE00264","3.0000","3.0000","3.0000","0.0000","0.0000"
"300000052","LLRRIN0147-LLRRIN0147-1-LLRRIN0147-2","1.0000","0.0000","0.0000","1.0000","0.0000"
"300000052","LLRRIN0147-1","1.0000","0.0000","0.0000","0.0000","0.0000"
"300000052","LLRRIN0147-2","1.0000","0.0000","0.0000","0.0000","0.0000"
"300000053","LLRRIN0147-LLRRIN0147-1-LLRRIN0147-2","1.0000","1.0000","1.0000","0.0000","0.0000"
"300000053","LLRRIN0147-1","1.0000","1.0000","1.0000","0.0000","0.0000"
"300000053","LLRRIN0147-2","1.0000","1.0000","1.0000","0.0000","0.0000"
"100005927","BOAL01076-BOAL00109-BOAL00111-BOAL00113-BOAL00116","1.0000","1.0000","1.0000","0.0000","0.0000"
"100005927","BOAL00109","1.0000","1.0000","1.0000","0.0000","0.0000"
"100005927","BOAL00111","1.0000","1.0000","1.0000","0.0000","0.0000"
"100005927","BOAL00113","1.0000","1.0000","1.0000","0.0000","0.0000"
"100005927","BOAL00116","1.0000","1.0000","1.0000","0.0000","0.0000"
"100005928","BCO0010013-BCO0010004-BCO0010001-BCO0010002-BCO0010003","1.0000","1.0000","1.0000","0.0000","0.0000"
"100005928","BCO0010004","2.0000","1.0000","1.0000","0.0000","0.0000"
"100005928","BCO0010001","2.0000","1.0000","1.0000","0.0000","0.0000"
"100005928","BCO0010002","2.0000","1.0000","1.0000","0.0000","0.0000"
"100005928","BCO0010003","2.0000","1.0000","1.0000","0.0000","0.0000"
"100005929","PPAIL48303-05","2.0000","2.0000","2.0000","0.0000","0.0000"
"100005929","PPAIL48303-02","1.0000","1.0000","1.0000","0.0000","0.0000"
"100005930","CBR0050001","3.0000","3.0000","3.0000","0.0000","0.0000"
"100005931","BOBB00038","3.0000","3.0000","3.0000","0.0000","0.0000"
"100005932","CBRVIV0001","1.0000","1.0000","1.0000","0.0000","0.0000"
"100005933","BOVE00485","1.0000","1.0000","1.0000","0.0000","0.0000"
"100005934","BOVE00225","1.0000","1.0000","1.0000","0.0000","0.0000"
"100005935","ME00150","1.0000","1.0000","1.0000","0.0000","0.0000"
"100005935","ME00139","1.0000","1.0000","1.0000","0.0000","0.0000"
"100005936","LLRBAL0078","6.0000","6.0000","6.0000","0.0000","0.0000"
"100005936","BOVE00282","2.0000","2.0000","2.0000","0.0000","0.0000"
"100005937","ME00222","1.0000","1.0000","1.0000","0.0000","0.0000"
"100005937","ME00227","1.0000","1.0000","1.0000","0.0000","0.0000"
"100005937","ME00212","1.0000","1.0000","1.0000","0.0000","0.0000"
"100005937","ME00213","1.0000","1.0000","1.0000","0.0000","0.0000"
"100005938","BOCI00851","1.0000","1.0000","1.0000","0.0000","0.0000"
"100005939","BOAL00380","2.0000","2.0000","2.0000","0.0000","0.0000"
"100005939","BOAL00382","2.0000","2.0000","2.0000","0.0000","0.0000"
"100005940","BOCI00845","5.0000","5.0000","5.0000","0.0000","0.0000"
"100005941","LLRBOC0083","1.0000","1.0000","1.0000","0.0000","0.0000"
"100005942","BOVE00679","2.0000","2.0000","2.0000","0.0000","0.0000"
"100005942","BOVE00680","2.0000","2.0000","2.0000","0.0000","0.0000"
"100005943","PPLAN42521-24","1.0000","1.0000","1.0000","0.0000","0.0000"
"100005943","BOCI00577","1.0000","1.0000","1.0000","0.0000","0.0000"
"100005944","BOVE00537","1.0000","1.0000","1.0000","0.0000","0.0000"
"100005944","BOVE00522","1.0000","1.0000","1.0000","0.0000","0.0000"
"100005944","BOVE00543","1.0000","1.0000","1.0000","0.0000","0.0000"
"100005945","BOVE00591","150.0000","0.0000","0.0000","150.0000","0.0000"
"100005946","BA00039","1.0000","1.0000","1.0000","0.0000","0.0000"
"100005947","ME00C127","1.0000","1.0000","1.0000","0.0000","0.0000"
"100005948","BOVE00446","1.0000","1.0000","1.0000","0.0000","0.0000"
"100005948","BOVE00445","1.0000","1.0000","1.0000","0.0000","0.0000"
"100005949","BOVE00276","1.0000","1.0000","1.0000","0.0000","0.0000"
"100005950","BOAL01389-BOAL00208-BOAL00264-BOAL00222-BOAL00241","1.0000","1.0000","1.0000","0.0000","0.0000"
"100005950","BOAL00208","1.0000","1.0000","1.0000","0.0000","0.0000"
"100005950","BOAL00264","1.0000","1.0000","1.0000","0.0000","0.0000"
"100005950","BOAL00222","1.0000","1.0000","1.0000","0.0000","0.0000"
"100005950","BOAL00241","1.0000","1.0000","1.0000","0.0000","0.0000"
"100005951","CCS0010002","3.0000","3.0000","3.0000","0.0000","0.0000"
"100005951","BBR0010002","1.0000","1.0000","1.0000","0.0000","0.0000"
"100005952","BOBB00033","1.0000","1.0000","1.0000","0.0000","0.0000"
"100005953","BOVE00387","2.0000","2.0000","2.0000","0.0000","0.0000"
"100005954","BOVE00507","1.0000","1.0000","1.0000","0.0000","0.0000"
"100005955","BOVE00615","1.0000","1.0000","1.0000","0.0000","0.0000"
"100005956","BOBB00038","1.0000","1.0000","1.0000","0.0000","0.0000"
"100005957","BOAL00263","1.0000","1.0000","1.0000","0.0000","0.0000"
"100005957","BOAL00221","1.0000","1.0000","1.0000","0.0000","0.0000"
"100005957","LLRVEN0089","1.0000","1.0000","1.0000","0.0000","0.0000"
"100005957","BOAL00240","1.0000","1.0000","1.0000","0.0000","0.0000"
"100005957","PCUI42901-40","1.0000","1.0000","1.0000","0.0000","0.0000"
"100005958","CNNPOT0001","1.0000","1.0000","1.0000","0.0000","0.0000"
"100005958","CNNPOT0002","2.0000","2.0000","2.0000","0.0000","0.0000"
"100005959","BOAL01242-BOAL00428-BOAL00433-BOAL00434","1.0000","1.0000","1.0000","0.0000","0.0000"
"100005959","BOAL00428","1.0000","1.0000","1.0000","0.0000","0.0000"
"100005959","BOAL00433","1.0000","1.0000","1.0000","0.0000","0.0000"
"100005959","BOAL00434","1.0000","1.0000","1.0000","0.0000","0.0000"
"100005960","BOCI00583","1.0000","1.0000","1.0000","0.0000","0.0000"
"100005961","PSHAK41483-04","1.0000","1.0000","1.0000","0.0000","0.0000"
"100005962","BOVE00587","1.0000","1.0000","1.0000","0.0000","0.0000"
"100005963","BOAL00701","2.0000","2.0000","2.0000","0.0000","0.0000"
"100005964","BOVA01208","1.0000","0.0000","0.0000","1.0000","0.0000"
"100005964","BOVA01207","1.0000","0.0000","0.0000","1.0000","0.0000"
"100005965","BOVA01208","1.0000","1.0000","1.0000","0.0000","0.0000"
"100005965","BOVA01207","1.0000","1.0000","1.0000","0.0000","0.0000"
"100005966","PPLAN42522-00","1.0000","0.0000","0.0000","1.0000","0.0000"
"100005967","BOVE00311","2.0000","0.0000","0.0000","2.0000","0.0000"
"100005967","BOVE00313","1.0000","0.0000","0.0000","1.0000","0.0000"
"100005967","BOVE00312","1.0000","0.0000","0.0000","1.0000","0.0000"
"100005967","BOVE00681","1.0000","0.0000","0.0000","1.0000","0.0000"
"100005968","BOVE00311","2.0000","2.0000","2.0000","0.0000","0.0000"
"100005968","BOVE00313","1.0000","1.0000","1.0000","0.0000","0.0000"
"100005968","BOVE00312","1.0000","1.0000","1.0000","0.0000","0.0000"
"100005968","BOVE00681","1.0000","1.0000","1.0000","0.0000","0.0000"
"100005969","PCOU48280-37","2.0000","2.0000","2.0000","0.0000","0.0000"
"100005970","ME00296","1.0000","1.0000","1.0000","0.0000","0.0000"
"100005971","PCOU48280-47","1.0000","1.0000","1.0000","0.0000","1.0000"
"100005972","BOBB00038","1.0000","1.0000","1.0000","0.0000","0.0000"
"100005973","BOVA00537","3.0000","3.0000","3.0000","0.0000","0.0000"
"100005974","BOVE00485","1.0000","1.0000","1.0000","0.0000","0.0000"
"100005975","PTAI48280-13","1.0000","1.0000","1.0000","0.0000","0.0000"
"100005976","BOVE00518","2.0000","2.0000","2.0000","0.0000","0.0000"
"100005976","BOVE00522","2.0000","2.0000","2.0000","0.0000","0.0000"
"100005976","BOVE00536","1.0000","1.0000","1.0000","0.0000","0.0000"
"100005976","BOVE00537","1.0000","1.0000","1.0000","0.0000","0.0000"
"100005976","BOBB00302","1.0000","1.0000","1.0000","0.0000","0.0000"
"100005976","BOBB00045","2.0000","2.0000","2.0000","0.0000","0.0000"
"100005976","PMESU41604-00","2.0000","2.0000","2.0000","0.0000","0.0000"
"100005976","PPABAR0002","2.0000","2.0000","2.0000","0.0000","0.0000"
"100005977","BOVE00730","4.0000","4.0000","4.0000","0.0000","0.0000"
"100005977","BOVA00728","2.0000","2.0000","2.0000","0.0000","0.0000"
"100005977","BOVA00752","2.0000","2.0000","2.0000","0.0000","0.0000"
"100005978","BOVE00537","2.0000","2.0000","2.0000","0.0000","0.0000"
"100005979","BOVE00495","1.0000","1.0000","1.0000","0.0000","0.0000"
"100005980","ME00C127","1.0000","1.0000","1.0000","0.0000","0.0000"
"100005981","BOCI00735","1.0000","1.0000","1.0000","0.0000","0.0000"
"100005981","BOCI00776","1.0000","1.0000","1.0000","0.0000","0.0000"
"100005982","BOVE00554","2.0000","2.0000","2.0000","0.0000","0.0000"
"100005983","CZITUB0021","1.0000","1.0000","1.0000","0.0000","0.0000"
"100005984","BOVE00103","1.0000","1.0000","1.0000","0.0000","0.0000"
"100005985","LLRBOR0118","1.0000","1.0000","1.0000","0.0000","0.0000"
"100005986","BET0160001-BOAL00664-BOAL00665-BOAL00666","1.0000","1.0000","1.0000","0.0000","0.0000"
"100005986","BOAL00664","1.0000","1.0000","1.0000","0.0000","0.0000"
"100005986","BOAL00665","1.0000","1.0000","1.0000","0.0000","0.0000"
"100005986","BOAL00666","1.0000","1.0000","1.0000","0.0000","0.0000"
"100005986","BOAL00668","1.0000","1.0000","1.0000","0.0000","0.0000"
"100005986","BA00007","1.0000","1.0000","1.0000","0.0000","0.0000"
"100005987","BOVE00470","1.0000","1.0000","1.0000","0.0000","0.0000"
"100005988","POUV48280-03","1.0000","1.0000","1.0000","0.0000","0.0000"
"100005989","BOAL00348","2.0000","2.0000","2.0000","0.0000","0.0000"
"100005990","PTAI48280-12","1.0000","1.0000","1.0000","0.0000","0.0000"
"100005990","PTAI48280-13","1.0000","1.0000","1.0000","0.0000","0.0000"
"100005991","CCS0010002","3.0000","3.0000","3.0000","0.0000","0.0000"
"100005991","CCS0010005","3.0000","3.0000","3.0000","0.0000","0.0000"
"100005992","BOVE00313","3.0000","3.0000","3.0000","0.0000","0.0000"
"100005993","ME00C51","1.0000","1.0000","1.0000","0.0000","0.0000"
"100005994","BOBB00038","1.0000","1.0000","1.0000","0.0000","0.0000"
"100005995","BOAL01226-BOAL00398-BOAL00403-BOAL00404-BOAL00406","1.0000","1.0000","1.0000","0.0000","0.0000"
"100005995","BOAL00398","2.0000","1.0000","1.0000","0.0000","0.0000"
"100005995","BOAL00403","2.0000","1.0000","1.0000","0.0000","0.0000"
"100005995","BOAL00404","2.0000","1.0000","1.0000","0.0000","0.0000"
"100005995","BOAL00406","2.0000","1.0000","1.0000","0.0000","0.0000"
"100005995","BOVA00928","2.0000","2.0000","2.0000","0.0000","0.0000"
"100005996","BOUU00020","6.0000","6.0000","6.0000","0.0000","0.0000"
"100005997","CCS0010016","1.0000","0.0000","0.0000","1.0000","0.0000"
"100005998","BOBB00123","1.0000","1.0000","1.0000","0.0000","0.0000"
"100005999","BOVE00584","2.0000","2.0000","2.0000","0.0000","0.0000"
"100005999","BOVE00589","1.0000","1.0000","1.0000","0.0000","0.0000"
"100005999","BOVA01440","3.0000","3.0000","3.0000","0.0000","0.0000"
"100005999","BOVA01444","3.0000","3.0000","3.0000","0.0000","0.0000"
"100005999","BOVA01448","3.0000","3.0000","3.0000","0.0000","0.0000"
"100006000","BOAL01389-BOAL00208-BOAL00264-BOAL00222-BOAL00241","2.0000","2.0000","2.0000","0.0000","0.0000"
"100006000","BOAL00208","2.0000","1.0000","1.0000","0.0000","0.0000"
"100006000","BOAL00264","2.0000","1.0000","1.0000","0.0000","0.0000"
"100006000","BOAL00222","2.0000","1.0000","1.0000","0.0000","0.0000"
"100006000","BOAL00241","2.0000","1.0000","1.0000","0.0000","0.0000"
"100006000","BOAL00231","2.0000","2.0000","2.0000","0.0000","0.0000"
"100006001","BOBB00038","2.0000","2.0000","2.0000","0.0000","0.0000"
"100006002","BOBB00032","1.0000","1.0000","1.0000","0.0000","0.0000"
"100006003","BOVE00093","1.0000","0.0000","0.0000","1.0000","0.0000"
"100006004","BOVE00093","1.0000","0.0000","0.0000","1.0000","0.0000"
"100006005","BOVE00093","1.0000","1.0000","1.0000","0.0000","0.0000"
"100006006","BOVE00281","1.0000","1.0000","1.0000","0.0000","0.0000"
"100006007","BOVE00444","1.0000","1.0000","1.0000","0.0000","0.0000"
"100006008","BOVA00793","2.0000","2.0000","2.0000","0.0000","0.0000"
"100006008","ME00C113","2.0000","2.0000","2.0000","0.0000","0.0000"
"100006009","ME00137","2.0000","2.0000","2.0000","0.0000","0.0000"
"100006009","ME00138","2.0000","2.0000","2.0000","0.0000","0.0000"
"100006010","ME00C127","1.0000","1.0000","1.0000","0.0000","0.0000"
"100006010","BOVE00359","1.0000","1.0000","1.0000","0.0000","0.0000"
"100006010","BOBB00038","1.0000","1.0000","1.0000","0.0000","0.0000"
"100006011","BOVE00113","14.0000","14.0000","14.0000","0.0000","0.0000"
"100006012","BOVE00591","100.0000","100.0000","100.0000","0.0000","0.0000"
"100006013","BOBB00038","1.0000","1.0000","1.0000","0.0000","0.0000"
"100006014","CCS0010002","2.0000","2.0000","2.0000","0.0000","0.0000"
"100006015","BOVE00608","2.0000","2.0000","2.0000","0.0000","0.0000"
"100006016","PFLE47780-06","1.0000","1.0000","1.0000","0.0000","0.0000"
"100006017","BOBB00038","1.0000","1.0000","1.0000","0.0000","0.0000"
"100006018","ME00527-ME00057-ME00058-ME00059-ME00066-ME00069-ME00070","1.0000","1.0000","1.0000","0.0000","0.0000"
"100006018","ME00057","2.0000","1.0000","1.0000","0.0000","0.0000"
"100006018","ME00058","2.0000","1.0000","1.0000","0.0000","0.0000"
"100006018","ME00059","2.0000","1.0000","1.0000","0.0000","0.0000"
"100006018","ME00066","2.0000","1.0000","1.0000","0.0000","0.0000"
"100006018","ME00069","1.0000","1.0000","1.0000","0.0000","0.0000"
"100006018","ME00070","1.0000","1.0000","1.0000","0.0000","0.0000"
"100006019","ME00C127","1.0000","1.0000","1.0000","0.0000","0.0000"
"100006020","CBR0010004","1.0000","1.0000","1.0000","0.0000","0.0000"
"100006021","BOVE00537","1.0000","1.0000","1.0000","0.0000","0.0000"
"100006022","BOVE00444","1.0000","1.0000","1.0000","0.0000","0.0000"
"100006023","ME00C127","1.0000","1.0000","1.0000","0.0000","0.0000"
"100006024","LLRELI0102","3.0000","3.0000","3.0000","0.0000","0.0000"
"100006025","BOAL01270-BOAL00478-BOAL00482-BOAL00484-BOAL00486","3.0000","3.0000","3.0000","0.0000","0.0000"
"100006025","BOAL00478","3.0000","1.0000","1.0000","0.0000","0.0000"
"100006025","BOAL00482","3.0000","1.0000","1.0000","0.0000","0.0000"
"100006025","BOAL00484","3.0000","1.0000","1.0000","0.0000","0.0000"
"100006025","BOAL00486","3.0000","1.0000","1.0000","0.0000","0.0000"
"100006026","BOVA01411","12.0000","12.0000","12.0000","0.0000","0.0000"
"100006027","BOAL00347","2.0000","2.0000","2.0000","0.0000","0.0000"
"100006028","CBRVIV0001","1.0000","1.0000","1.0000","0.0000","0.0000"
"100006029","BOVE00394","2.0000","2.0000","2.0000","0.0000","0.0000"
"100006029","BOVE00395","2.0000","2.0000","2.0000","0.0000","0.0000"
"100006030","BGDNEW007","2.0000","0.0000","0.0000","2.0000","0.0000"
"100006031","BOAL01226-BOAL00398-BOAL00403-BOAL00404-BOAL00406","1.0000","1.0000","1.0000","0.0000","0.0000"
"100006031","BOAL00398","2.0000","1.0000","1.0000","0.0000","0.0000"
"100006031","BOAL00403","2.0000","1.0000","1.0000","0.0000","0.0000"
"100006031","BOAL00404","2.0000","1.0000","1.0000","0.0000","0.0000"
"100006031","BOAL00406","2.0000","1.0000","1.0000","0.0000","0.0000"
"100006032","PFLE47742-05","3.0000","3.0000","3.0000","0.0000","0.0000"
"100006033","BOAL00113","1.0000","1.0000","1.0000","0.0000","0.0000"
"100006033","BOAL00109","1.0000","1.0000","1.0000","0.0000","0.0000"
"100006033","BOAL00111","1.0000","1.0000","1.0000","0.0000","0.0000"
"100006033","BOVA00887","6.0000","6.0000","6.0000","0.0000","0.0000"
"100006034","BOVE00513","1.0000","1.0000","1.0000","0.0000","0.0000"
"300000054","BOCI00796","1.0000","1.0000","1.0000","0.0000","0.0000"
"100006035","PSHAK41483-06","1.0000","1.0000","1.0000","0.0000","0.0000"
"100006036","BOVE00278","3.0000","3.0000","3.0000","0.0000","0.0000"
"100006037","BOVE00007","1.0000","1.0000","1.0000","0.0000","0.0000"
"100006038","BOAL00660","2.0000","2.0000","2.0000","0.0000","0.0000"
"100006038","PPELL18514-17","1.0000","1.0000","1.0000","0.0000","0.0000"
"100006038","PBOU41608-04","1.0000","1.0000","1.0000","0.0000","0.0000"
"100006038","BOAL01503","1.0000","1.0000","1.0000","0.0000","0.0000"
"100006039","BOVE00278","1.0000","1.0000","1.0000","0.0000","0.0000"
"100006039","BOVE00359","1.0000","1.0000","1.0000","0.0000","0.0000"
"100006040","BOVE00313","2.0000","2.0000","2.0000","0.0000","0.0000"
"100006041","BOAL01415-BOAL00204-BOAL00257-BOAL00235-BOAL00260","1.0000","1.0000","1.0000","0.0000","0.0000"
"100006041","BOAL00204","2.0000","1.0000","1.0000","0.0000","0.0000"
"100006041","BOAL00257","2.0000","1.0000","1.0000","0.0000","0.0000"
"100006041","BOAL00235","2.0000","1.0000","1.0000","0.0000","0.0000"
"100006041","BOAL00260","2.0000","1.0000","1.0000","0.0000","0.0000"
"100006042","BOAL00381","1.0000","1.0000","1.0000","0.0000","0.0000"
"100006043","BOAL01455-BOAL00656-BOAL00661-BOAL00662","2.0000","0.0000","0.0000","2.0000","0.0000"
"100006043","BOAL00656","2.0000","0.0000","0.0000","0.0000","0.0000"
"100006043","BOAL00661","2.0000","0.0000","0.0000","0.0000","0.0000"
"100006043","BOAL00662","2.0000","0.0000","0.0000","0.0000","0.0000"
"100006043","BOAL00663","1.0000","0.0000","0.0000","1.0000","0.0000"
"100006044","BOCI00854","1.0000","1.0000","1.0000","0.0000","0.0000"
"400000014","BOAL01456-BOAL00656-BOAL00661-BOAL00662-BOAL00663","1.0000","1.0000","1.0000","0.0000","0.0000"
"400000014","BOAL00656","1.0000","1.0000","1.0000","0.0000","0.0000"
"400000014","BOAL00661","1.0000","1.0000","1.0000","0.0000","0.0000"
"400000014","BOAL00662","1.0000","1.0000","1.0000","0.0000","0.0000"
"400000014","BOAL00663","1.0000","1.0000","1.0000","0.0000","0.0000"
"100006045","BOVE00468","2.0000","2.0000","2.0000","0.0000","0.0000"
"100006046","FFETIT0003","1.0000","1.0000","1.0000","0.0000","0.0000"
"100006047","BOAL00321","2.0000","2.0000","2.0000","0.0000","0.0000"
"100006047","BOAL00325","2.0000","2.0000","2.0000","0.0000","0.0000"
"100006047","BOAL00323","2.0000","2.0000","2.0000","0.0000","0.0000"
"100006048","BOVE00542","1.0000","1.0000","1.0000","0.0000","0.0000"
"100006048","BOBB00053","1.0000","1.0000","1.0000","0.0000","0.0000"
"100006048","PPABAR0004","1.0000","1.0000","1.0000","0.0000","0.0000"
"100006049","CARPIC0001","2.0000","2.0000","2.0000","0.0000","0.0000"
"100006050","PFLE47742-29","1.0000","1.0000","1.0000","0.0000","0.0000"
"100006051","PFLE47742-31","2.0000","2.0000","2.0000","0.0000","0.0000"
"100006052","BOVE00393","1.0000","0.0000","0.0000","1.0000","0.0000"
"100006053","BOVE00380","2.0000","2.0000","2.0000","0.0000","0.0000"
"100006053","BOVE00381","2.0000","2.0000","2.0000","0.0000","0.0000"
"100006053","BOVE00516","2.0000","2.0000","2.0000","0.0000","0.0000"
"100006053","BOVE00547","1.0000","1.0000","1.0000","0.0000","0.0000"
"100006054","BOVA01396","25.0000","25.0000","25.0000","0.0000","0.0000"
"100006054","BOVA01426","24.0000","24.0000","24.0000","0.0000","0.0000"
"100006054","BOVA01436","24.0000","24.0000","24.0000","0.0000","0.0000"
"100006055","ME00C127","1.0000","1.0000","1.0000","0.0000","0.0000"
"100006056","BOVE00033","1.0000","1.0000","1.0000","0.0000","0.0000"
"100006057","BOVE00626","1.0000","1.0000","1.0000","0.0000","0.0000"
"100006057","BOVE00623","1.0000","1.0000","1.0000","0.0000","0.0000"
"100006057","BOVE00627","1.0000","1.0000","1.0000","0.0000","0.0000"
"100006058","BOBB00038","2.0000","2.0000","2.0000","0.0000","0.0000"
"100006059","BOVE00547","1.0000","1.0000","1.0000","0.0000","0.0000"
"100006060","BOVE00344","2.0000","2.0000","2.0000","0.0000","0.0000"
"100006061","BOAL00663","2.0000","2.0000","2.0000","0.0000","0.0000"
"100006061","BOAL01455-BOAL00656-BOAL00661-BOAL00662","2.0000","2.0000","2.0000","0.0000","0.0000"
"100006061","BOAL00656","2.0000","1.0000","1.0000","0.0000","0.0000"
"100006061","BOAL00661","2.0000","1.0000","1.0000","0.0000","0.0000"
"100006061","BOAL00662","2.0000","1.0000","1.0000","0.0000","0.0000"
"100006062","PGRIL41727-30","20.0000","20.0000","20.0000","0.0000","0.0000"
"100006063","BOVE00537","1.0000","1.0000","1.0000","0.0000","0.0000"
"100006064","BOVE00774","1.0000","1.0000","1.0000","0.0000","0.0000"
"100006064","BOVE00775","1.0000","1.0000","1.0000","0.0000","0.0000"
"100006065","BOAL00345","1.0000","1.0000","1.0000","0.0000","0.0000"
"100006066","BOBB00038","1.0000","1.0000","1.0000","0.0000","0.0000"
"100006067","BOAL00714","30.0000","30.0000","30.0000","0.0000","0.0000"
"100006068","PTAI48280-13","1.0000","1.0000","1.0000","0.0000","0.0000"
"100006069","BOAL00392","2.0000","2.0000","2.0000","0.0000","0.0000"
"100006070","BOVE00204","1.0000","1.0000","1.0000","0.0000","0.0000"
"100006070","BOVE00447","1.0000","1.0000","1.0000","0.0000","0.0000"
"100006071","BOBB00028","1.0000","1.0000","1.0000","0.0000","0.0000"
"100006072","BOVE00147","2.0000","2.0000","2.0000","0.0000","0.0000"
"100006073","PPABAR0001","1.0000","1.0000","1.0000","0.0000","0.0000"
"100006074","BOAL00753","1.0000","1.0000","1.0000","0.0000","0.0000"
"100006075","ME00C113","1.0000","1.0000","1.0000","0.0000","0.0000"
"100006075","BOVE00265","1.0000","1.0000","1.0000","0.0000","0.0000"
"100006075","BOVA00393","4.0000","4.0000","4.0000","0.0000","0.0000"
"100006076","BOVE00296","1.0000","1.0000","1.0000","0.0000","0.0000"
"100006077","PCOF41498-03","1.0000","0.0000","0.0000","1.0000","0.0000"
"100006078","BOVE00781","1.0000","1.0000","1.0000","0.0000","0.0000"
"100006079","BOBB00038","1.0000","1.0000","1.0000","0.0000","0.0000"
"100006080","BOAL00404","2.0000","2.0000","2.0000","0.0000","0.0000"
"100006081","BOAL01224-BOAL00398-BOAL00403-BOAL00404","2.0000","2.0000","2.0000","0.0000","0.0000"
"100006081","BOAL00398","2.0000","1.0000","1.0000","0.0000","0.0000"
"100006081","BOAL00403","2.0000","1.0000","1.0000","0.0000","0.0000"
"100006081","BOAL00404","2.0000","1.0000","1.0000","0.0000","0.0000"
"100006082","BOVA00743","6.0000","6.0000","6.0000","0.0000","0.0000"
"100006083","BOVE00210","1.0000","1.0000","1.0000","0.0000","0.0000"
"100006084","BOCI00577","1.0000","1.0000","1.0000","0.0000","0.0000"
"100006085","BOVE00556","4.0000","4.0000","4.0000","0.0000","0.0000"
"100006086","PZES48280-92","2.0000","2.0000","2.0000","0.0000","0.0000"
"100006087","BOVE00359","1.0000","1.0000","1.0000","0.0000","0.0000"
"100006088","BOVE00485","4.0000","4.0000","4.0000","0.0000","0.0000"
"100006089","BOAL00365","1.0000","1.0000","1.0000","0.0000","0.0000"
"100006090","BOBB00038","2.0000","2.0000","2.0000","0.0000","0.0000"
"100006090","BOBB00047","2.0000","2.0000","2.0000","0.0000","0.0000"
"100006090","BOBB00032","2.0000","2.0000","2.0000","0.0000","0.0000"
"100006090","BOBB00090","1.0000","1.0000","1.0000","0.0000","0.0000"
"100006091","BOVE00307","1.0000","1.0000","1.0000","0.0000","0.0000"
"100006092","BOVE00584","2.0000","2.0000","2.0000","0.0000","0.0000"
"100006092","BOVE00588","2.0000","2.0000","2.0000","0.0000","0.0000"
"100006092","BOVE00589","1.0000","1.0000","1.0000","0.0000","0.0000"
"100006093","BOVE00021","2.0000","2.0000","2.0000","0.0000","0.0000"
"100006093","BOVE00312","1.0000","1.0000","1.0000","0.0000","0.0000"
"100006093","PBOU41608-04","1.0000","1.0000","0.0000","0.0000","1.0000"
"100006094","BOVE00359","1.0000","1.0000","1.0000","0.0000","0.0000"
"100006095","BOVE00117","2.0000","2.0000","2.0000","0.0000","0.0000"
"100006096","CCS0010013","1.0000","1.0000","1.0000","0.0000","0.0000"
"100006097","BOVA00011","1.0000","0.0000","0.0000","1.0000","0.0000"
"100006098","BOVE00764","5.0000","5.0000","5.0000","0.0000","0.0000"
"100006098","BOVE00248","1.0000","1.0000","1.0000","0.0000","0.0000"
"100006098","BOVE00767","2.0000","2.0000","2.0000","0.0000","0.0000"
"100006098","BOVE00534","1.0000","1.0000","1.0000","0.0000","0.0000"
"100006099","BOVE00113","3.0000","3.0000","3.0000","0.0000","0.0000"
"100006099","BOVE00443","2.0000","2.0000","2.0000","0.0000","0.0000"
"100006100","BOBB00028","6.0000","6.0000","6.0000","0.0000","0.0000"
"100006100","CBRVIV0001","6.0000","6.0000","6.0000","0.0000","0.0000"
"100006100","LLRSOL0123","8.0000","8.0000","5.0000","0.0000","3.0000"
"100006100","BOBB00081","1.0000","1.0000","1.0000","0.0000","0.0000"
"100006100","BOBB00093","2.0000","2.0000","2.0000","0.0000","0.0000"
"100006100","BOBB00082","1.0000","1.0000","1.0000","0.0000","0.0000"
"100006100","PZES48280-92","1.0000","1.0000","1.0000","0.0000","0.0000"
"100006100","PCUI48280-29","1.0000","1.0000","1.0000","0.0000","0.0000"
"100006100","PCUI48280-28","1.0000","1.0000","1.0000","0.0000","0.0000"
"100006101","LLRCOT0079","1.0000","1.0000","1.0000","0.0000","0.0000"
"100006102","BOVE00557","1.0000","1.0000","1.0000","0.0000","0.0000"
"100006103","BOAL01457-BOAL00656-BOAL00661-BOAL00662-BOAL00663","1.0000","1.0000","1.0000","0.0000","0.0000"
"100006103","BOAL00656","2.0000","1.0000","1.0000","0.0000","0.0000"
"100006103","BOAL00661","2.0000","1.0000","1.0000","0.0000","0.0000"
"100006103","BOAL00662","2.0000","1.0000","1.0000","0.0000","0.0000"
"100006103","BOAL00663","2.0000","1.0000","1.0000","0.0000","0.0000"
"100006103","BOVE00530","1.0000","1.0000","1.0000","0.0000","0.0000"
"100006103","LLRSOL0123","1.0000","1.0000","1.0000","0.0000","0.0000"
"100006104","ME00C127","1.0000","1.0000","1.0000","0.0000","0.0000"
"100006105","BOVE00168","2.0000","2.0000","2.0000","0.0000","0.0000"
"100006105","BOVE00426","1.0000","1.0000","1.0000","0.0000","0.0000"
"100006106","BOVE00470","1.0000","1.0000","1.0000","0.0000","0.0000"
"100006107","BOVE00470","1.0000","1.0000","1.0000","0.0000","0.0000"
"100006108","PPABAR0001","1.0000","1.0000","1.0000","0.0000","0.0000"
"100006109","BOVA01192","2.0000","2.0000","2.0000","0.0000","0.0000"
"100006109","BOVA01191","2.0000","2.0000","2.0000","0.0000","0.0000"
"100006109","BOVA01190","2.0000","2.0000","2.0000","0.0000","0.0000"
"100006110","BOVA01284","1.0000","1.0000","1.0000","0.0000","0.0000"
"100006111","PDEN42563-00","1.0000","1.0000","1.0000","0.0000","0.0000"
"100006112","BOCI00345","1.0000","1.0000","1.0000","0.0000","0.0000"
"100006112","BOCI00621","1.0000","1.0000","1.0000","0.0000","0.0000"
"100006112","PMAR12915-45","1.0000","1.0000","1.0000","0.0000","0.0000"
"100006112","PPRES41606-01","1.0000","1.0000","1.0000","0.0000","0.0000"
"100006113","BOVA01396","10.0000","10.0000","10.0000","0.0000","0.0000"
"100006113","BOAL00257","10.0000","10.0000","10.0000","0.0000","0.0000"
"100006113","BOAL00204","10.0000","10.0000","10.0000","0.0000","0.0000"
"100006113","BOAL00260","10.0000","10.0000","10.0000","0.0000","0.0000"
"100006114","PCOU48280-23","2.0000","2.0000","2.0000","0.0000","0.0000"
"100006114","PCUI48280-24","1.0000","1.0000","1.0000","0.0000","0.0000"
"100006114","PFLE47742-50","2.0000","2.0000","2.0000","0.0000","0.0000"
"100006114","47742-56","1.0000","1.0000","1.0000","0.0000","0.0000"
"200000038","BOBB00028","1.0000","1.0000","1.0000","0.0000","0.0000"
"100006115","BOAL00716","8.0000","8.0000","8.0000","0.0000","0.0000"
"100006116","BOVE00762","3.0000","3.0000","3.0000","0.0000","0.0000"
"100006116","BOVE00763","3.0000","3.0000","3.0000","0.0000","0.0000"
"100006117","BOVE00591","1.0000","1.0000","1.0000","0.0000","0.0000"
"100006118","BOVE00534","1.0000","1.0000","1.0000","0.0000","0.0000"
"100006119","BOVE00539","2.0000","2.0000","2.0000","0.0000","0.0000"
"100006120","BOVA01372","6.0000","6.0000","6.0000","0.0000","0.0000"
"100006120","BOVA01373","6.0000","6.0000","6.0000","0.0000","0.0000"
"100006120","BOVA01374","6.0000","6.0000","6.0000","0.0000","0.0000"
"100006120","BOVA01384","6.0000","6.0000","6.0000","0.0000","0.0000"
"100006120","BOVA01385","6.0000","6.0000","6.0000","0.0000","0.0000"
"100006120","BOVA01386","6.0000","6.0000","6.0000","0.0000","0.0000"
"100006120","BOVE00391IB","2.0000","2.0000","2.0000","0.0000","0.0000"
"100006120","BOVE00389IB","2.0000","2.0000","2.0000","0.0000","0.0000"
"100006121","BOVE00312","1.0000","1.0000","1.0000","0.0000","0.0000"
"100006121","ME00237","1.0000","1.0000","1.0000","0.0000","0.0000"
"100006121","ME00226","1.0000","1.0000","1.0000","0.0000","0.0000"
"100006121","ME00215","1.0000","1.0000","1.0000","0.0000","0.0000"
"200000039","BOAL00757","4.0000","0.0000","0.0000","4.0000","0.0000"
"100006122","BOVE00496","2.0000","2.0000","2.0000","0.0000","0.0000"
"100006123","BOBB00111","1.0000","1.0000","1.0000","0.0000","0.0000"
"100006124","BOVA01501","1.0000","0.0000","0.0000","1.0000","0.0000"
"100006124","BOVE00094","1.0000","0.0000","0.0000","1.0000","0.0000"
"100006125","BOVA01501","1.0000","0.0000","0.0000","1.0000","0.0000"
"100006125","BOVE00094","1.0000","0.0000","0.0000","1.0000","0.0000"
"100006125","BET0110001-BOAL00607-BOAL00613-BOAL00609","1.0000","0.0000","0.0000","1.0000","0.0000"
"100006125","BOAL00607","1.0000","0.0000","0.0000","0.0000","0.0000"
"100006125","BOAL00613","1.0000","0.0000","0.0000","0.0000","0.0000"
"100006125","BOAL00609","1.0000","0.0000","0.0000","0.0000","0.0000"
"200000040","BOAL00757","5.0000","5.0000","5.0000","0.0000","0.0000"
"100006126","PFER47846-07","1.0000","1.0000","1.0000","0.0000","0.0000"
"100006127","PCOU48280-10","1.0000","1.0000","1.0000","0.0000","0.0000"
"100006128","PFOUR52550C27","1.0000","1.0000","1.0000","0.0000","0.0000"
"100006128","PCUI52550C28","1.0000","1.0000","1.0000","0.0000","0.0000"
"100006128","PSPA52550C29","1.0000","1.0000","1.0000","0.0000","0.0000"
"100006129","CBR0050001","1.0000","1.0000","1.0000","0.0000","0.0000"
"100006130","ME00C51","1.0000","1.0000","1.0000","0.0000","0.0000"
"100006131","BOVE00503","1.0000","1.0000","1.0000","0.0000","0.0000"
"100006132","BOVE00615","2.0000","2.0000","2.0000","0.0000","0.0000"
"100006133","LLRSOL0029","1.0000","1.0000","1.0000","0.0000","0.0000"
"100006134","BOVE00513","2.0000","2.0000","2.0000","0.0000","0.0000"
"100006134","CBR0050001","2.0000","2.0000","2.0000","0.0000","0.0000"
"100006134","BOBB00270","1.0000","1.0000","1.0000","0.0000","0.0000"
"100006134","BOUU00076","1.0000","1.0000","1.0000","0.0000","0.0000"
"100006134","BOAL00757","6.0000","6.0000","6.0000","0.0000","0.0000"
"100006134","PTAP44100-02","1.0000","1.0000","1.0000","0.0000","0.0000"
"100006134","BOVE00789","1.0000","1.0000","1.0000","0.0000","0.0000"
"100006134","BOBB00292","1.0000","1.0000","1.0000","0.0000","0.0000"
"100006135","PTHE19709-00","1.0000","1.0000","1.0000","0.0000","0.0000"
"100006136","BOVE00108","2.0000","2.0000","2.0000","0.0000","0.0000"
"100006136","BOVE00109","2.0000","2.0000","2.0000","0.0000","0.0000"
"100006137","BOAL00229","2.0000","2.0000","2.0000","0.0000","0.0000"
"100006138","BOAL01181-BOAL00327-BOAL00328-BOAL00329","1.0000","1.0000","1.0000","0.0000","0.0000"
"100006138","BOAL00327","1.0000","1.0000","1.0000","0.0000","0.0000"
"100006138","BOAL00328","1.0000","1.0000","1.0000","0.0000","0.0000"
"100006138","BOAL00329","1.0000","1.0000","1.0000","0.0000","0.0000"
"100006138","BOAL00328","1.0000","1.0000","1.0000","0.0000","0.0000"
"100006139","BOVE00225","1.0000","1.0000","1.0000","0.0000","0.0000"
"100006140","BOBB00025","3.0000","3.0000","3.0000","0.0000","0.0000"
"100006141","ME00C127","1.0000","1.0000","1.0000","0.0000","0.0000"
"100006141","BOAL00929","2.0000","2.0000","2.0000","0.0000","0.0000"
"100006141","BOAL00939","2.0000","2.0000","2.0000","0.0000","0.0000"
"100006142","BOVE00012","5.0000","5.0000","5.0000","0.0000","0.0000"
"100006142","BOVE00040","2.0000","2.0000","2.0000","0.0000","0.0000"
"100006143","CAR0080001","1.0000","1.0000","1.0000","0.0000","0.0000"
"100006144","BOVE00724","12.0000","0.0000","0.0000","12.0000","0.0000"
"100006145","BOVE00091","1.0000","1.0000","1.0000","0.0000","0.0000"
"200000041","BOVE00764","4.0000","4.0000","4.0000","0.0000","0.0000"
"100006146","PBOU41608-04","1.0000","1.0000","1.0000","0.0000","0.0000"
"100006146","ME00C127","1.0000","1.0000","1.0000","0.0000","1.0000"
"100006146","BOCI00412","1.0000","1.0000","1.0000","0.0000","0.0000"
"100006146","PPOM41499-00","1.0000","1.0000","1.0000","0.0000","0.0000"
"100006147","BOBB00038","2.0000","2.0000","2.0000","0.0000","0.0000"
"100006147","BOUU00021","1.0000","1.0000","1.0000","0.0000","0.0000"
"100006147","BOUU00037","1.0000","1.0000","1.0000","0.0000","0.0000"
"100006148","CBRVIV0001","3.0000","3.0000","3.0000","0.0000","0.0000"
"100006149","PBRO47200-02","1.0000","1.0000","1.0000","0.0000","0.0000"
"100006149","PBRO47200-01","1.0000","1.0000","1.0000","0.0000","0.0000"
"100006149","PAPP49844-01","1.0000","1.0000","1.0000","0.0000","0.0000"
"100006150","BOCI00854","1.0000","1.0000","1.0000","0.0000","0.0000"
"100006151","BOVE00158","1.0000","1.0000","1.0000","0.0000","0.0000"
"100006152","LLRKUB0066","5.0000","5.0000","5.0000","0.0000","0.0000"
"100006152","BOVE00556","17.0000","17.0000","17.0000","0.0000","0.0000"
"100006153","BOVA00418","4.0000","4.0000","4.0000","0.0000","0.0000"
"100006154","BOAL00324","1.0000","1.0000","1.0000","0.0000","0.0000"
"100006154","BOAL00321","1.0000","1.0000","1.0000","0.0000","0.0000"
"100006155","ME00C113","1.0000","1.0000","1.0000","0.0000","0.0000"
"100006156","BOVA01397","2.0000","2.0000","2.0000","0.0000","0.0000"
"100006157","BOVE00588","1.0000","1.0000","1.0000","0.0000","0.0000"
"100006157","BOVE00588","1.0000","1.0000","1.0000","0.0000","0.0000"
"100006157","BOVE00590","2.0000","2.0000","2.0000","0.0000","0.0000"
"100006157","ME00141","1.0000","1.0000","1.0000","0.0000","0.0000"
"100006157","ME00135","1.0000","1.0000","1.0000","0.0000","0.0000"
"100006157","ME00256","1.0000","1.0000","1.0000","0.0000","0.0000"
"100006157","ME00262","1.0000","1.0000","1.0000","0.0000","0.0000"
"100006157","ME00183","1.0000","1.0000","1.0000","0.0000","0.0000"
"100006157","ME00172","1.0000","1.0000","1.0000","0.0000","0.0000"
"100006157","BOVE00591","1.0000","1.0000","1.0000","0.0000","0.0000"
"100006157","ME00234","1.0000","1.0000","1.0000","0.0000","0.0000"
"100006157","ME00223","1.0000","1.0000","1.0000","0.0000","0.0000"
"100006157","ME00273","1.0000","1.0000","1.0000","0.0000","0.0000"
"100006157","ME00267","1.0000","1.0000","1.0000","0.0000","0.0000"
"100006157","ME00292-ME00291","1.0000","1.0000","1.0000","0.0000","0.0000"
"100006157","ME00291","6.0000","1.0000","1.0000","0.0000","0.0000"
"100006158","BOAL01243-BOAL00428-BOAL00433-BOAL00434-BOAL00436","1.0000","1.0000","1.0000","0.0000","0.0000"
"100006158","BOAL00428","1.0000","1.0000","1.0000","0.0000","0.0000"
"100006158","BOAL00433","1.0000","1.0000","1.0000","0.0000","0.0000"
"100006158","BOAL00434","1.0000","1.0000","1.0000","0.0000","0.0000"
"100006158","BOAL00436","1.0000","1.0000","1.0000","0.0000","0.0000"
"100006158","BOAL01242-BOAL00428-BOAL00433-BOAL00434","2.0000","2.0000","2.0000","0.0000","0.0000"
"100006158","BOAL00428","2.0000","1.0000","1.0000","0.0000","0.0000"
"100006158","BOAL00433","2.0000","1.0000","1.0000","0.0000","0.0000"
"100006158","BOAL00434","2.0000","1.0000","1.0000","0.0000","0.0000"
"100006158","BOAL00433","1.0000","1.0000","1.0000","0.0000","0.0000"
"100006159","BOVE00336","1.0000","1.0000","1.0000","0.0000","0.0000"
"100006159","BOVE00454","1.0000","1.0000","1.0000","0.0000","0.0000"
"100006160","BOBB00105","1.0000","1.0000","1.0000","0.0000","0.0000"
"100006161","CAR0080002","1.0000","1.0000","1.0000","0.0000","0.0000"
"100006162","BOVE00171","1.0000","1.0000","1.0000","0.0000","0.0000"
"100006162","BOVE00391","2.0000","2.0000","2.0000","0.0000","0.0000"
"100006163","BOAL00404","2.0000","2.0000","2.0000","0.0000","0.0000"
"100006163","BOAL00403","2.0000","2.0000","2.0000","0.0000","0.0000"
"100006163","BOAL00406","1.0000","1.0000","1.0000","0.0000","0.0000"
"100006164","BOBB00117","1.0000","1.0000","1.0000","0.0000","0.0000"
"100006165","PTAI48280-12","2.0000","2.0000","2.0000","0.0000","0.0000"
"100006166","BOAL01183C-BOAL00327-BOAL00328-BOAL00329-BOAL00330-ME00C51","1.0000","1.0000","1.0000","0.0000","0.0000"
"100006166","BOAL00327","2.0000","1.0000","1.0000","0.0000","0.0000"
"100006166","BOAL00328","2.0000","1.0000","1.0000","0.0000","0.0000"
"100006166","BOAL00329","2.0000","1.0000","1.0000","0.0000","0.0000"
"100006166","BOAL00330","2.0000","1.0000","1.0000","0.0000","0.0000"
"100006166","ME00C51","1.0000","1.0000","1.0000","0.0000","0.0000"
"100006167","PPIER18251-01","1.0000","1.0000","1.0000","0.0000","0.0000"
"100006168","BOBB00028","1.0000","1.0000","1.0000","0.0000","0.0000"
"100006169","PFLE47742-49","2.0000","2.0000","2.0000","0.0000","0.0000"
"100006170","CAR0010002","1.0000","1.0000","1.0000","0.0000","0.0000"
"100006171","BOVE00536","1.0000","1.0000","1.0000","0.0000","0.0000"
"100006171","PPABAR0001","1.0000","1.0000","1.0000","0.0000","0.0000"
"100006172","LLRBOR0118","1.0000","1.0000","1.0000","0.0000","0.0000"
"200000042","BOVE00444","1.0000","1.0000","1.0000","0.0000","0.0000"
"100006173","PFLE47742-34","1.0000","1.0000","1.0000","0.0000","0.0000"
"100006174","CBRVIV0001","8.0000","8.0000","8.0000","0.0000","0.0000"
"100006175","PCUI48280-70","2.0000","2.0000","2.0000","0.0000","0.0000"
"100006176","BOAL00113","1.0000","1.0000","1.0000","0.0000","0.0000"
"100006177","CBR0050001","8.0000","8.0000","8.0000","0.0000","0.0000"
"100006178","BCO0060013-BCO0060001-BCO0060002-BCO0060003-BCO0060005","1.0000","1.0000","1.0000","0.0000","0.0000"
"100006178","BCO0060001","2.0000","1.0000","1.0000","0.0000","0.0000"
"100006178","BCO0060002","2.0000","1.0000","1.0000","0.0000","0.0000"
"100006178","BCO0060003","2.0000","1.0000","1.0000","0.0000","0.0000"
"100006178","BCO0060005","2.0000","1.0000","1.0000","0.0000","0.0000"
"100006179","BOVA01197","10.0000","10.0000","10.0000","0.0000","0.0000"
"100006179","BOVA01199","2.0000","2.0000","2.0000","0.0000","0.0000"
"100006180","BOVE00478","1.0000","1.0000","1.0000","0.0000","0.0000"
"100006181","BOVE00547","1.0000","1.0000","1.0000","0.0000","0.0000"
"100006182","BOAL00724","1.0000","1.0000","1.0000","0.0000","0.0000"
"100006183","BOAL00456","2.0000","2.0000","2.0000","0.0000","0.0000"
"100006183","BOAL00452","2.0000","2.0000","2.0000","0.0000","0.0000"
"100006184","PMESU41604-00","1.0000","1.0000","1.0000","0.0000","0.0000"
"100006185","BOAL00327","3.0000","3.0000","3.0000","0.0000","0.0000"
"100006186","BAM0040004","2.0000","2.0000","2.0000","0.0000","0.0000"
"100006187","PTAM47615-25","1.0000","1.0000","1.0000","0.0000","0.0000"
"100006188","SURC-COL","1.0000","1.0000","1.0000","0.0000","0.0000"
"100006188","SURC-UPS","1.0000","1.0000","1.0000","0.0000","0.0000"
"100006189","BCO0040055-BCO0040049-BCO0040050-BCO0040051-BCO0040052","2.0000","2.0000","2.0000","0.0000","0.0000"
"100006190","BOAL01528-BOAL01508-BOAL01509-BOAL01507-BOAL01510-BOAL01513-BOAL01514-BOAL01511","1.0000","1.0000","1.0000","0.0000","0.0000"
"100006190","BOAL01508","2.0000","1.0000","1.0000","0.0000","0.0000"
"100006190","BOAL01509","2.0000","1.0000","1.0000","0.0000","0.0000"
"100006190","BOAL01507","2.0000","1.0000","1.0000","0.0000","0.0000"
"100006190","BOAL01510","2.0000","1.0000","1.0000","0.0000","0.0000"
"100006190","BOAL01513","2.0000","1.0000","1.0000","0.0000","0.0000"
"100006190","BOAL01514","2.0000","1.0000","1.0000","0.0000","0.0000"
"100006190","BOAL01511","2.0000","1.0000","1.0000","0.0000","0.0000"
"100006190","TRANSP-COL","1.0000","1.0000","1.0000","0.0000","0.0000"
"100006191","BOVA01397","2.0000","2.0000","2.0000","0.0000","0.0000"
"100006191","BOVA01395","2.0000","2.0000","2.0000","0.0000","0.0000"
"100006191","BOVA01205","2.0000","2.0000","2.0000","0.0000","0.0000"
"100006191","BOVA01396","2.0000","2.0000","2.0000","0.0000","0.0000"
"100006191","PVER44940-34","2.0000","2.0000","2.0000","0.0000","0.0000"
"100006191","ME00225","1.0000","1.0000","1.0000","0.0000","0.0000"
"100006191","ME00222","1.0000","1.0000","1.0000","0.0000","0.0000"
"100006192","BOAL01182-BOAL00327-BOAL00328-BOAL00329-BOAL00330","1.0000","0.0000","0.0000","1.0000","0.0000"
"100006192","BOAL00327","1.0000","0.0000","0.0000","0.0000","0.0000"
"100006192","BOAL00328","1.0000","0.0000","0.0000","0.0000","0.0000"
"100006192","BOAL00329","1.0000","0.0000","0.0000","0.0000","0.0000"
"100006192","BOAL00330","1.0000","0.0000","0.0000","0.0000","0.0000"
"100006193","BOAL00710","8.0000","8.0000","8.0000","0.0000","0.0000"
"100006194","BOCI00792","1.0000","1.0000","1.0000","0.0000","0.0000"
"100006195","BOVE00108","2.0000","2.0000","2.0000","0.0000","0.0000"
"100006196","BOBB00038","2.0000","2.0000","2.0000","0.0000","0.0000"
"100006197","BOAL01189-BOAL00340-BOAL00343-BOAL00347-BOAL00349-BOAL00341-BOAL00345","1.0000","1.0000","1.0000","0.0000","0.0000"
"100006197","BOAL00340","2.0000","1.0000","1.0000","0.0000","0.0000"
"100006197","BOAL00343","2.0000","1.0000","1.0000","0.0000","0.0000"
"100006197","BOAL00347","2.0000","1.0000","1.0000","0.0000","0.0000"
"100006197","BOAL00349","2.0000","1.0000","1.0000","0.0000","0.0000"
"100006197","BOAL00341","2.0000","1.0000","1.0000","0.0000","0.0000"
"100006197","BOAL00345","2.0000","1.0000","1.0000","0.0000","0.0000"
"100006198","BA00028","1.0000","1.0000","1.0000","0.0000","0.0000"
"100006199","BOVE00447","1.0000","1.0000","1.0000","0.0000","0.0000"
"100006200","CBR0010001","2.0000","2.0000","2.0000","0.0000","0.0000"
"100006201","CBRYPS0002","2.0000","2.0000","2.0000","0.0000","0.0000"
"100006202","CLRCRA0002","1.0000","1.0000","1.0000","0.0000","0.0000"
"100006203","BOVE00309","1.0000","1.0000","1.0000","0.0000","0.0000"
"100006203","CBR0050001","1.0000","1.0000","1.0000","0.0000","0.0000"
"100006204","BOVE00113","1.0000","1.0000","1.0000","0.0000","0.0000"
"100006205","BOVE00356","1.0000","1.0000","1.0000","0.0000","0.0000"
"100006206","ME00C127","1.0000","1.0000","1.0000","0.0000","0.0000"
"100006207","BOVE00080","6.0000","6.0000","6.0000","0.0000","0.0000"
"100006207","BOVE00110","2.0000","2.0000","2.0000","0.0000","0.0000"
"100006208","BOVA01193","1.0000","1.0000","1.0000","0.0000","0.0000"
"100006208","BOVA01194","1.0000","1.0000","1.0000","0.0000","0.0000"
"100006208","BOVA01195","1.0000","1.0000","1.0000","0.0000","0.0000"
"100006208","BOVA01196","1.0000","1.0000","1.0000","0.0000","0.0000"
"100006208","BOVA01197","1.0000","1.0000","1.0000","0.0000","0.0000"
"100006208","BOVA01198","1.0000","1.0000","1.0000","0.0000","0.0000"
"100006208","BOVA01199","1.0000","1.0000","1.0000","0.0000","0.0000"
"100006208","BOVA01200","1.0000","1.0000","1.0000","0.0000","0.0000"
"100006208","BOVA01201","1.0000","1.0000","1.0000","0.0000","0.0000"
"100006208","BOVA01202","1.0000","1.0000","1.0000","0.0000","0.0000"
"100006208","BOVA01203","1.0000","1.0000","1.0000","0.0000","0.0000"
"100006209","BOVE00718","1.0000","1.0000","1.0000","0.0000","0.0000"
"100006210","PFLE47742-57","1.0000","1.0000","1.0000","0.0000","0.0000"
"100006210","PFLE47742-29","1.0000","1.0000","1.0000","0.0000","0.0000"
"100006211","BOVE00636","1.0000","1.0000","1.0000","0.0000","0.0000"
"100006212","CARPIC0001","6.0000","6.0000","6.0000","0.0000","0.0000"
"100006213","BOVE00141","2.0000","2.0000","2.0000","0.0000","0.0000"
"100006213","BOVE00143","2.0000","2.0000","2.0000","0.0000","0.0000"
"100006214","BOVE00359","1.0000","1.0000","1.0000","0.0000","0.0000"
"100006215","BOAL01457-BOAL00656-BOAL00661-BOAL00662-BOAL00663","1.0000","1.0000","1.0000","0.0000","0.0000"
"100006215","BOAL00656","2.0000","1.0000","1.0000","0.0000","0.0000"
"100006215","BOAL00661","2.0000","1.0000","1.0000","0.0000","0.0000"
"100006215","BOAL00662","2.0000","1.0000","1.0000","0.0000","0.0000"
"100006215","BOAL00663","2.0000","1.0000","1.0000","0.0000","0.0000"
"100006216","PBRO47200-02","1.0000","0.0000","0.0000","1.0000","0.0000"
"100006217","PBRO47200-02","1.0000","0.0000","0.0000","1.0000","0.0000"
"100006218","BOBB00038","1.0000","1.0000","1.0000","0.0000","0.0000"
"100006219","BOBB00302","1.0000","1.0000","1.0000","0.0000","0.0000"
"100006220","CBR0010001","2.0000","2.0000","2.0000","0.0000","0.0000"
"100006221","PSPR41635-00","1.0000","1.0000","1.0000","0.0000","0.0000"
"100006222","BOAL01174-BOAL00317-BOAL00321-BOAL00323-BOAL00325","1.0000","0.0000","0.0000","1.0000","0.0000"
"100006222","BOAL00317","2.0000","0.0000","0.0000","0.0000","0.0000"
"100006222","BOAL00321","2.0000","0.0000","0.0000","0.0000","0.0000"
"100006222","BOAL00323","2.0000","0.0000","0.0000","0.0000","0.0000"
"100006222","BOAL00325","2.0000","0.0000","0.0000","0.0000","0.0000"
"100006223","PCOU48280-37","1.0000","0.0000","0.0000","1.0000","0.0000"
"100006223","PPRE42565-00","1.0000","0.0000","0.0000","1.0000","0.0000"
"100006224","PCOU48280-37","1.0000","0.0000","0.0000","1.0000","0.0000"
"100006224","PPRE42565-00","1.0000","0.0000","0.0000","1.0000","0.0000"
"100006225","BOBB00028","2.0000","2.0000","2.0000","0.0000","0.0000"
"100006225","BOBB00038","2.0000","2.0000","2.0000","0.0000","0.0000"
"100006226","BOBB00038","2.0000","2.0000","2.0000","0.0000","0.0000"
"100006226","BOCI00290","2.0000","2.0000","2.0000","0.0000","0.0000"
"100006227","PCOU48280-37","1.0000","1.0000","1.0000","0.0000","0.0000"
"100006227","PPRE42565-00","1.0000","1.0000","1.0000","0.0000","0.0000"
"100006228","BOAL00946","1.0000","1.0000","1.0000","0.0000","0.0000"
"100006229","CAR0070001","1.0000","1.0000","1.0000","0.0000","0.0000"
"100006229","BOVE00277","1.0000","1.0000","1.0000","0.0000","0.0000"
"100006229","BOVE00278","1.0000","1.0000","1.0000","0.0000","0.0000"
"100006230","BOVE00389IB","1.0000","1.0000","1.0000","0.0000","0.0000"
"100006231","BOVE00543","1.0000","1.0000","1.0000","0.0000","0.0000"
"100006232","BOCI00620","1.0000","1.0000","1.0000","0.0000","0.0000"
"200000043","ME00C51","1.0000","1.0000","1.0000","0.0000","0.0000"
"100006233","BBR0010002","1.0000","1.0000","1.0000","0.0000","0.0000"
"100006234","ME00C113","1.0000","1.0000","1.0000","0.0000","0.0000"
"100006235","BOAL01174-BOAL00317-BOAL00321-BOAL00323-BOAL00325","1.0000","0.0000","0.0000","1.0000","0.0000"
"100006235","BOAL00317","2.0000","0.0000","0.0000","0.0000","0.0000"
"100006235","BOAL00321","2.0000","0.0000","0.0000","0.0000","0.0000"
"100006235","BOAL00323","2.0000","0.0000","0.0000","0.0000","0.0000"
"100006235","BOAL00325","2.0000","0.0000","0.0000","0.0000","0.0000"
"100006236","BOAL01174-BOAL00317-BOAL00321-BOAL00323-BOAL00325","1.0000","1.0000","1.0000","0.0000","1.0000"
"100006236","BOAL00317","2.0000","1.0000","1.0000","0.0000","2.0000"
"100006236","BOAL00321","2.0000","1.0000","1.0000","0.0000","2.0000"
"100006236","BOAL00323","2.0000","1.0000","1.0000","0.0000","2.0000"
"100006236","BOAL00325","2.0000","1.0000","1.0000","0.0000","2.0000"
"100006237","BOBB00038","1.0000","1.0000","1.0000","0.0000","0.0000"
"100006238","BOVE00447","1.0000","1.0000","1.0000","0.0000","0.0000"
"100006239","BOAL00758","6.0000","6.0000","6.0000","0.0000","3.0000"
"100006240","ME00C113","1.0000","1.0000","1.0000","0.0000","0.0000"
"100006241","BOAL01182-BOAL00327-BOAL00328-BOAL00329-BOAL00330","1.0000","0.0000","0.0000","1.0000","0.0000"
"100006241","BOAL00327","1.0000","0.0000","0.0000","0.0000","0.0000"
"100006241","BOAL00328","1.0000","0.0000","0.0000","0.0000","0.0000"
"100006241","BOAL00329","1.0000","0.0000","0.0000","0.0000","0.0000"
"100006241","BOAL00330","1.0000","0.0000","0.0000","0.0000","0.0000"
"100006242","BOVE00639","1.0000","1.0000","1.0000","0.0000","0.0000"
"100006243","BOVE00452","1.0000","1.0000","1.0000","0.0000","0.0000"
"100006244","CCS0010002","2.0000","2.0000","2.0000","0.0000","0.0000"
"100006244","CCS0010011","2.0000","2.0000","2.0000","0.0000","0.0000"
"100006245","BOAL00714","10.0000","0.0000","0.0000","10.0000","0.0000"
"100006246","BOAL00714","10.0000","0.0000","0.0000","10.0000","0.0000"
"100006247","BOAL00714","10.0000","0.0000","0.0000","10.0000","0.0000"
"100006248","BOVE00783","1.0000","1.0000","1.0000","0.0000","1.0000"
"100006249","BOAL00323","1.0000","1.0000","1.0000","0.0000","0.0000"
"100006250","PBRO47200-02","1.0000","0.0000","0.0000","1.0000","0.0000"
"100006251","BOCI00594","1.0000","1.0000","1.0000","0.0000","0.0000"
"100006252","CNNPOT0002","6.0000","0.0000","0.0000","6.0000","0.0000"
"100006253","BOAL01524C-BOAL01508-BOAL01509-BOAL01507-BOAL01510-ME00C51","2.0000","0.0000","0.0000","2.0000","0.0000"
"100006253","BOAL01508","4.0000","0.0000","0.0000","0.0000","0.0000"
"100006253","BOAL01509","4.0000","0.0000","0.0000","0.0000","0.0000"
"100006253","BOAL01507","4.0000","0.0000","0.0000","0.0000","0.0000"
"100006253","BOAL01510","4.0000","0.0000","0.0000","0.0000","0.0000"
"100006253","ME00C51","2.0000","0.0000","0.0000","0.0000","0.0000"
"100006254","BOAL01524C-BOAL01508-BOAL01509-BOAL01507-BOAL01510-ME00C51","2.0000","0.0000","0.0000","2.0000","0.0000"
"100006254","BOAL01508","4.0000","0.0000","0.0000","0.0000","0.0000"
"100006254","BOAL01509","4.0000","0.0000","0.0000","0.0000","0.0000"
"100006254","BOAL01507","4.0000","0.0000","0.0000","0.0000","0.0000"
"100006254","BOAL01510","4.0000","0.0000","0.0000","0.0000","0.0000"
"100006254","ME00C51","2.0000","0.0000","0.0000","0.0000","0.0000"
"100006255","BOBB00107","1.0000","1.0000","1.0000","0.0000","0.0000"
"100006256","PCOF41498-03","1.0000","1.0000","1.0000","0.0000","0.0000"
"100006257","BOVE00313","1.0000","1.0000","1.0000","0.0000","0.0000"
"100006258","PTAP47680-40","1.0000","1.0000","1.0000","0.0000","0.0000"
"100006259","BOVE00308","2.0000","2.0000","2.0000","0.0000","0.0000"
"100006259","BOVE00306","1.0000","1.0000","1.0000","0.0000","0.0000"
"100006260","BCO0010011-BCO0010004-BCO0010001-BCO0010002-BCO0010003","1.0000","1.0000","1.0000","0.0000","0.0000"
"100006260","BCO0010004","1.0000","1.0000","1.0000","0.0000","0.0000"
"100006260","BCO0010001","1.0000","1.0000","1.0000","0.0000","0.0000"
"100006260","BCO0010002","1.0000","1.0000","1.0000","0.0000","0.0000"
"100006260","BCO0010003","1.0000","1.0000","1.0000","0.0000","0.0000"
"100006260","BCO0010009","1.0000","1.0000","1.0000","0.0000","0.0000"
"100006260","BCO0010010","1.0000","1.0000","1.0000","0.0000","0.0000"
"100006261","BOVE00714","2.0000","2.0000","2.0000","0.0000","0.0000"
"300000055","BOAL01182-BOAL00327-BOAL00328-BOAL00329-BOAL00330","1.0000","0.0000","0.0000","1.0000","0.0000"
"300000055","BOAL00327","1.0000","0.0000","0.0000","0.0000","0.0000"
"300000055","BOAL00328","1.0000","0.0000","0.0000","0.0000","0.0000"
"300000055","BOAL00329","1.0000","0.0000","0.0000","0.0000","0.0000"
"300000055","BOAL00330","1.0000","0.0000","0.0000","0.0000","0.0000"
"100006262","BOVE00721","1.0000","1.0000","1.0000","0.0000","0.0000"
"100006263","BOAL00714","10.0000","0.0000","0.0000","10.0000","0.0000"
"100006264","BOAL01265-BGDBLO001-BOAL00473-BOAL00476-BOAL00474-BGDBLO002-BOAL00471","1.0000","0.0000","0.0000","1.0000","0.0000"
"100006264","BGDBLO001","2.0000","0.0000","0.0000","0.0000","0.0000"
"100006264","BOAL00473","2.0000","0.0000","0.0000","0.0000","0.0000"
"100006264","BOAL00476","2.0000","0.0000","0.0000","0.0000","0.0000"
"100006264","BOAL00474","2.0000","0.0000","0.0000","0.0000","0.0000"
"100006264","BGDBLO002","2.0000","0.0000","0.0000","0.0000","0.0000"
"100006264","BOAL00471","2.0000","0.0000","0.0000","0.0000","0.0000"
"100006265","BOAL00714","12.0000","0.0000","0.0000","12.0000","0.0000"
"100006266","BOAL00714","12.0000","0.0000","0.0000","12.0000","0.0000"
"100006267","BOAL01265-BGDBLO001-BOAL00473-BOAL00476-BOAL00474-BGDBLO002-BOAL00471","1.0000","1.0000","1.0000","0.0000","0.0000"
"100006267","BGDBLO001","2.0000","1.0000","1.0000","0.0000","0.0000"
"100006267","BOAL00473","2.0000","1.0000","1.0000","0.0000","0.0000"
"100006267","BOAL00476","2.0000","1.0000","1.0000","0.0000","0.0000"
"100006267","BOAL00474","2.0000","1.0000","1.0000","0.0000","0.0000"
"100006267","BGDBLO002","2.0000","1.0000","1.0000","0.0000","0.0000"
"100006267","BOAL00471","2.0000","1.0000","1.0000","0.0000","0.0000"
"100006268","BOAL00714","10.0000","10.0000","10.0000","0.0000","0.0000"
"100006269","BOVE00109","3.0000","3.0000","3.0000","0.0000","0.0000"
"100006270","ME00C127","1.0000","1.0000","1.0000","0.0000","0.0000"
"100006271","BOVE00373","2.0000","2.0000","2.0000","0.0000","0.0000"
"100006272","LLRABE0021","1.0000","1.0000","1.0000","0.0000","0.0000"
"100006273","ME00C51","1.0000","1.0000","1.0000","0.0000","0.0000"
"100006274","BOVE00588","16.0000","0.0000","0.0000","16.0000","0.0000"
"100006275","BOVE00588","2.0000","2.0000","2.0000","0.0000","0.0000"
"100006276","BOVE00588","16.0000","16.0000","16.0000","0.0000","0.0000"
"100006277","ME00139","1.0000","1.0000","1.0000","0.0000","0.0000"
"100006277","ME00150","1.0000","1.0000","1.0000","0.0000","0.0000"
"100006278","BOAL01226-BOAL00398-BOAL00403-BOAL00404-BOAL00406","1.0000","1.0000","1.0000","0.0000","0.0000"
"100006278","BOAL00398","2.0000","1.0000","1.0000","0.0000","0.0000"
"100006278","BOAL00403","2.0000","1.0000","1.0000","0.0000","0.0000"
"100006278","BOAL00404","2.0000","1.0000","1.0000","0.0000","0.0000"
"100006278","BOAL00406","2.0000","1.0000","1.0000","0.0000","0.0000"
"100006278","BOAL00407","1.0000","1.0000","1.0000","0.0000","0.0000"
"100006279","ME00C127","1.0000","1.0000","1.0000","0.0000","0.0000"
"100006280","PVER44940-34","1.0000","1.0000","1.0000","0.0000","0.0000"
"100006281","BOVE00094","2.0000","2.0000","2.0000","0.0000","0.0000"
"100006281","CAR0020001","2.0000","2.0000","2.0000","0.0000","0.0000"
"100006281","BOVE00093","2.0000","2.0000","2.0000","0.0000","0.0000"
"100006281","BOVE00092","2.0000","2.0000","2.0000","0.0000","0.0000"
"100006282","CBRVIV0001","1.0000","1.0000","1.0000","0.0000","0.0000"
"100006282","CARPIC0003","1.0000","1.0000","1.0000","0.0000","0.0000"
"100006282","BOAL00714","5.0000","5.0000","5.0000","0.0000","0.0000"
"100006282","BOAL00784","2.0000","2.0000","2.0000","0.0000","0.0000"
"100006282","BOVE00713","2.0000","2.0000","2.0000","0.0000","0.0000"
"100006283","PGRIL41727-36","2.0000","2.0000","2.0000","0.0000","0.0000"
"100006284","LLRABE0009","1.0000","1.0000","1.0000","0.0000","0.0000"
"100006285","ME00C113","2.0000","2.0000","2.0000","0.0000","0.0000"
"100006285","ME00C51","1.0000","1.0000","1.0000","0.0000","0.0000"
"100006286","BOCI00736","1.0000","1.0000","1.0000","0.0000","0.0000"
"100006287","CCS0010013","2.0000","2.0000","2.0000","0.0000","0.0000"
"100006287","CCS0010005","2.0000","2.0000","2.0000","0.0000","0.0000"
"100006288","BOVA01286","12.0000","12.0000","12.0000","0.0000","0.0000"
"100006289","BOVE00612","1.0000","1.0000","1.0000","0.0000","0.0000"
"100006290","BOAL01174-BOAL00317-BOAL00321-BOAL00323-BOAL00325","1.0000","1.0000","1.0000","0.0000","0.0000"
"100006290","BOAL00317","2.0000","1.0000","1.0000","0.0000","0.0000"
"100006290","BOAL00321","2.0000","1.0000","1.0000","0.0000","0.0000"
"100006290","BOAL00323","2.0000","1.0000","1.0000","0.0000","0.0000"
"100006290","BOAL00325","2.0000","1.0000","1.0000","0.0000","0.0000"
"100006291","PCOU48280-54","1.0000","1.0000","1.0000","0.0000","0.0000"
"100006292","ME00C127","1.0000","1.0000","1.0000","0.0000","0.0000"
"100006292","ME00C113","1.0000","1.0000","1.0000","0.0000","0.0000"
"100006293","BOAL00394","3.0000","3.0000","3.0000","0.0000","0.0000"
"100006293","BOAL00396","3.0000","3.0000","3.0000","0.0000","0.0000"
"100006293","BOAL00392","2.0000","2.0000","2.0000","0.0000","0.0000"
"100006293","BOAL00395","3.0000","3.0000","3.0000","0.0000","0.0000"
"100006294","BOBB00038","1.0000","1.0000","1.0000","0.0000","0.0000"
"100006295","PPRE42565-00","1.0000","1.0000","1.0000","0.0000","0.0000"
"100006295","BOVE00210","1.0000","1.0000","1.0000","0.0000","0.0000"
"100006296","BET0110009-BOAL00607-BOAL00613-BOAL00615-BOAL00608-BOAL00611-BOAL00606-BOAL00612-BOAL00614-BOAL00609-BOAL00610","1.0000","0.0000","0.0000","1.0000","0.0000"
"100006296","BOAL00607","2.0000","0.0000","0.0000","0.0000","0.0000"
"100006296","BOAL00613","2.0000","0.0000","0.0000","0.0000","0.0000"
"100006296","BOAL00615","2.0000","0.0000","0.0000","0.0000","0.0000"
"100006296","BOAL00608","2.0000","0.0000","0.0000","0.0000","0.0000"
"100006296","BOAL00611","2.0000","0.0000","0.0000","0.0000","0.0000"
"100006296","BOAL00606","2.0000","0.0000","0.0000","0.0000","0.0000"
"100006296","BOAL00612","2.0000","0.0000","0.0000","0.0000","0.0000"
"100006296","BOAL00614","2.0000","0.0000","0.0000","0.0000","0.0000"
"100006296","BOAL00609","2.0000","0.0000","0.0000","0.0000","0.0000"
"100006296","BOAL00610","2.0000","0.0000","0.0000","0.0000","0.0000"
"100006297","BET0110009-BOAL00607-BOAL00613-BOAL00615-BOAL00608-BOAL00611-BOAL00606-BOAL00612-BOAL00614-BOAL00609-BOAL00610","1.0000","1.0000","1.0000","0.0000","0.0000"
"100006297","BOAL00607","2.0000","1.0000","1.0000","0.0000","0.0000"
"100006297","BOAL00613","2.0000","1.0000","1.0000","0.0000","0.0000"
"100006297","BOAL00615","2.0000","1.0000","1.0000","0.0000","0.0000"
"100006297","BOAL00608","2.0000","1.0000","1.0000","0.0000","0.0000"
"100006297","BOAL00611","2.0000","1.0000","1.0000","0.0000","0.0000"
"100006297","BOAL00606","2.0000","1.0000","1.0000","0.0000","0.0000"
"100006297","BOAL00612","2.0000","1.0000","1.0000","0.0000","0.0000"
"100006297","BOAL00614","2.0000","1.0000","1.0000","0.0000","0.0000"
"100006297","BOAL00609","2.0000","1.0000","1.0000","0.0000","0.0000"
"100006297","BOAL00610","2.0000","1.0000","1.0000","0.0000","0.0000"
"100006298","PCOU48280-23","1.0000","1.0000","1.0000","0.0000","0.0000"
"100006299","BBR0010002","1.0000","1.0000","1.0000","0.0000","0.0000"
"100006300","ME00C127","1.0000","0.0000","0.0000","1.0000","0.0000"
"100006304","BOAL00172","2.0000","2.0000","2.0000","0.0000","0.0000"
"100006304","BOAL00169","2.0000","2.0000","2.0000","0.0000","0.0000"
"100006305","BOVE00091","1.0000","1.0000","1.0000","0.0000","0.0000"
"100006306","BOAL01433-BOAL00209-BOAL00262-BOAL00220-BOAL00239","1.0000","1.0000","1.0000","0.0000","0.0000"
"100006306","BOAL00209","2.0000","1.0000","1.0000","0.0000","0.0000"
"100006306","BOAL00262","2.0000","1.0000","1.0000","0.0000","0.0000"
"100006306","BOAL00220","2.0000","1.0000","1.0000","0.0000","0.0000"
"100006306","BOAL00239","2.0000","1.0000","1.0000","0.0000","0.0000"
"100006307","BOVE00021","2.0000","2.0000","2.0000","0.0000","0.0000"
"100006308","ME00C127","1.0000","1.0000","1.0000","0.0000","0.0000"
"100006309","BOVE00674","1.0000","1.0000","1.0000","0.0000","0.0000"
"100006310","ME00C127","1.0000","1.0000","1.0000","0.0000","0.0000"
"100006311","BOAL00757","1.0000","0.0000","0.0000","1.0000","0.0000"
"100006312","PSHAK41479-00","1.0000","1.0000","1.0000","0.0000","0.0000"
"100006312","PMESU41604-00","1.0000","1.0000","1.0000","0.0000","0.0000"
"100006312","PPASS41603-00","1.0000","1.0000","1.0000","0.0000","0.0000"
"100006312","BOBB00032","1.0000","1.0000","1.0000","0.0000","0.0000"
"100006312","BOVE00017","1.0000","1.0000","1.0000","0.0000","0.0000"
"100006312","BOVE00285","1.0000","1.0000","1.0000","0.0000","0.0000"
"100006312","BOVE00016","1.0000","1.0000","1.0000","0.0000","0.0000"
"100006312","PBOU44114-02","4.0000","4.0000","4.0000","0.0000","0.0000"
"100006313","PCOF41498-02","1.0000","1.0000","1.0000","0.0000","0.0000"
"100006314","LLRFID0108","1.0000","1.0000","1.0000","0.0000","0.0000"
"100006314","LLRFLE0120","2.0000","2.0000","2.0000","0.0000","0.0000"
"100006314","LLRCAD0114","1.0000","1.0000","1.0000","0.0000","0.0000"
"100006315","BOAL01183-BOAL00327-BOAL00328-BOAL00329-BOAL00330","1.0000","1.0000","1.0000","0.0000","0.0000"
"100006315","BOAL00327","2.0000","1.0000","1.0000","0.0000","0.0000"
"100006315","BOAL00328","2.0000","1.0000","1.0000","0.0000","0.0000"
"100006315","BOAL00329","2.0000","1.0000","1.0000","0.0000","0.0000"
"100006315","BOAL00330","2.0000","1.0000","1.0000","0.0000","0.0000"
"100006315","LLW0010001","1.0000","1.0000","1.0000","0.0000","0.0000"
"100006315","PCUI48280-31","1.0000","1.0000","1.0000","0.0000","0.0000"
"100006315","BOBB00038","2.0000","2.0000","2.0000","0.0000","0.0000"
"100006316","BOVE00766","1.0000","1.0000","1.0000","0.0000","0.0000"
"100006316","BOVE00475","1.0000","1.0000","1.0000","0.0000","0.0000"
"100006317","ME00C127","1.0000","1.0000","1.0000","0.0000","0.0000"
"100006317","BOVA00542","1.0000","1.0000","1.0000","0.0000","0.0000"
"100006317","BOVA00875","1.0000","1.0000","1.0000","0.0000","0.0000"
"100006318","BOAL01427-BOAL00205-BOAL00259-BOAL00218-BOAL00237","1.0000","1.0000","1.0000","0.0000","0.0000"
"100006318","BOAL00205","2.0000","1.0000","1.0000","0.0000","0.0000"
"100006318","BOAL00259","2.0000","1.0000","1.0000","0.0000","0.0000"
"100006318","BOAL00218","2.0000","1.0000","1.0000","0.0000","0.0000"
"100006318","BOAL00237","2.0000","1.0000","1.0000","0.0000","0.0000"
"100006319","BOVE00774","1.0000","1.0000","1.0000","0.0000","0.0000"
"100006320","BOVE00117","1.0000","1.0000","1.0000","0.0000","0.0000"
"100006320","BOVE00228","1.0000","1.0000","1.0000","0.0000","0.0000"
"100006321","BOVE00591","3.0000","3.0000","3.0000","0.0000","0.0000"
"100006322","BOAL00704","2.0000","2.0000","2.0000","0.0000","0.0000"
"100006322","BOVE00277","1.0000","1.0000","1.0000","0.0000","0.0000"
"100006322","BOVE00021","1.0000","1.0000","1.0000","0.0000","0.0000"
"100006322","BOVE00289","1.0000","1.0000","1.0000","0.0000","0.0000"
"100006322","LLRVEN0088","1.0000","1.0000","1.0000","0.0000","0.0000"
"100006322","BOVE00793","1.0000","1.0000","1.0000","0.0000","0.0000"
"100006323","CCO0120013-CCO0120002-CCO0120001-CCO0120003-CCO0120004","1.0000","1.0000","1.0000","0.0000","0.0000"
"100006323","CCO0120002","2.0000","1.0000","1.0000","0.0000","0.0000"
"100006323","CCO0120001","2.0000","1.0000","1.0000","0.0000","0.0000"
"100006323","CCO0120003","2.0000","1.0000","1.0000","0.0000","0.0000"
"100006323","CCO0120004","2.0000","1.0000","1.0000","0.0000","0.0000"
"100006324","BOVE00117","1.0000","1.0000","1.0000","0.0000","0.0000"
"100006324","BOVE00118","1.0000","1.0000","1.0000","0.0000","0.0000"
"100006325","BOBB00038","1.0000","1.0000","1.0000","0.0000","0.0000"
"100006325","BOAL00711","6.0000","6.0000","6.0000","0.0000","0.0000"
"100006325","BOAL00714","4.0000","4.0000","4.0000","0.0000","0.0000"
"100006326","PPELL41764-28","1.0000","1.0000","1.0000","0.0000","0.0000"
"100006327","BOAL01456-BOAL00656-BOAL00661-BOAL00662-BOAL00663","1.0000","0.0000","0.0000","1.0000","0.0000"
"100006327","BOAL00656","1.0000","0.0000","0.0000","0.0000","0.0000"
"100006327","BOAL00661","1.0000","0.0000","0.0000","0.0000","0.0000"
"100006327","BOAL00662","1.0000","0.0000","0.0000","0.0000","0.0000"
"100006327","BOAL00663","1.0000","0.0000","0.0000","0.0000","0.0000"
"100006327","BOVE00001","1.0000","0.0000","0.0000","1.0000","0.0000"
"100006328","PPOT47606-02","1.0000","1.0000","1.0000","0.0000","0.0000"
"100006329","BOBB00038","1.0000","1.0000","1.0000","0.0000","0.0000"
"100006330","BAR0120002","2.0000","2.0000","2.0000","0.0000","0.0000"
"100006330","BAR0120007","1.0000","1.0000","1.0000","0.0000","0.0000"
"100006331","BOAL01225-BOAL00398-BOAL00403-BOAL00404-BOAL00406","1.0000","1.0000","1.0000","0.0000","1.0000"
"100006331","BOAL00398","1.0000","1.0000","1.0000","0.0000","1.0000"
"100006331","BOAL00403","1.0000","1.0000","1.0000","0.0000","1.0000"
"100006331","BOAL00404","1.0000","1.0000","1.0000","0.0000","1.0000"
"100006331","BOAL00406","1.0000","1.0000","1.0000","0.0000","1.0000"
"100006332","BOVE00631","1.0000","1.0000","1.0000","0.0000","0.0000"
"100006333","BOVE00680","9.0000","9.0000","9.0000","0.0000","0.0000"
"100006334","BOCI00583","2.0000","2.0000","2.0000","0.0000","0.0000"
"100006335","ME00C127","2.0000","0.0000","0.0000","2.0000","0.0000"
"100006336","ME00C127","2.0000","2.0000","2.0000","0.0000","0.0000"
"300000056","PMOU42930S00","2.0000","2.0000","2.0000","0.0000","0.0000"
"300000056","PMOU42930P00","2.0000","2.0000","2.0000","0.0000","0.0000"
"100006337","BOVE00247","3.0000","3.0000","3.0000","0.0000","0.0000"
"100006337","BOVE00765","3.0000","3.0000","3.0000","0.0000","0.0000"
"100006337","BOVE00767","3.0000","3.0000","3.0000","0.0000","0.0000"
"100006338","ME00C113","1.0000","1.0000","1.0000","0.0000","0.0000"
"100006339","BOAL00695","1.0000","1.0000","1.0000","0.0000","0.0000"
"100006340","ME00513-ME00030-ME00031-ME00032-ME00039-ME00034-ME00035-ME00041-ME00042-ME00047","1.0000","0.0000","0.0000","1.0000","0.0000"
"100006340","ME00030","2.0000","0.0000","0.0000","0.0000","0.0000"
"100006340","ME00031","2.0000","0.0000","0.0000","0.0000","0.0000"
"100006340","ME00032","2.0000","0.0000","0.0000","0.0000","0.0000"
"100006340","ME00039","2.0000","0.0000","0.0000","0.0000","0.0000"
"100006340","ME00034","2.0000","0.0000","0.0000","0.0000","0.0000"
"100006340","ME00035","2.0000","0.0000","0.0000","0.0000","0.0000"
"100006340","ME00041","1.0000","0.0000","0.0000","0.0000","0.0000"
"100006340","ME00042","1.0000","0.0000","0.0000","0.0000","0.0000"
"100006340","ME00047","1.0000","0.0000","0.0000","0.0000","0.0000"
"100006340","ME00069","1.0000","0.0000","0.0000","1.0000","0.0000"
"100006341","PTAI48280-12","4.0000","4.0000","4.0000","0.0000","0.0000"
"100006341","PTAI48280-13","4.0000","4.0000","4.0000","0.0000","0.0000"
"100006342","BOVE00510","1.0000","1.0000","1.0000","0.0000","0.0000"
"100006343","CBR0050001","2.0000","2.0000","2.0000","0.0000","0.0000"
"100006344","BOVE00513","1.0000","1.0000","1.0000","0.0000","0.0000"
"100006345","CCS0010010","1.0000","1.0000","1.0000","0.0000","0.0000"
"100006346","BOVE00113","1.0000","1.0000","1.0000","0.0000","0.0000"
"100006347","PPEL14959-01","2.0000","2.0000","2.0000","0.0000","0.0000"
"100006347","PCOU48280-22","1.0000","1.0000","1.0000","0.0000","0.0000"
"100006347","CAR0080002","2.0000","2.0000","2.0000","0.0000","0.0000"
"100006347","CAR0040001","1.0000","1.0000","1.0000","0.0000","0.0000"
"100006348","BOVE00359","1.0000","1.0000","1.0000","0.0000","0.0000"
"100006349","CAR0060001","1.0000","1.0000","1.0000","0.0000","0.0000"
"100006350","PTHE49710-00","1.0000","1.0000","1.0000","0.0000","0.0000"
"100006351","BOVA00369","6.0000","6.0000","6.0000","0.0000","0.0000"
"100006352","CCS0030005","2.0000","2.0000","2.0000","0.0000","0.0000"
"100006353","BOVE00636","1.0000","1.0000","1.0000","0.0000","0.0000"
"100006354","BOAL01183-BOAL00327-BOAL00328-BOAL00329-BOAL00330","1.0000","1.0000","1.0000","0.0000","0.0000"
"100006354","BOAL00327","2.0000","1.0000","1.0000","0.0000","0.0000"
"100006354","BOAL00328","2.0000","1.0000","1.0000","0.0000","0.0000"
"100006354","BOAL00329","2.0000","1.0000","1.0000","0.0000","0.0000"
"100006354","BOAL00330","2.0000","1.0000","1.0000","0.0000","0.0000"
"100006354","BOAL00387","1.0000","1.0000","1.0000","0.0000","0.0000"
"100006355","CFU0010005","1.0000","1.0000","1.0000","0.0000","0.0000"
"100006355","CFU0010007","1.0000","1.0000","1.0000","0.0000","0.0000"
"100006356","ME00C51","1.0000","1.0000","1.0000","0.0000","0.0000"
"100006357","PPOCH47119-50","1.0000","1.0000","1.0000","0.0000","0.0000"
"100006358","PGRIL41727-36","5.0000","5.0000","5.0000","0.0000","0.0000"
"100006359","BOVE00458","1.0000","1.0000","1.0000","0.0000","0.0000"
"100006359","BOVE00286","1.0000","1.0000","1.0000","0.0000","0.0000"
"100006360","BOBB00302","4.0000","0.0000","0.0000","4.0000","0.0000"
"100006361","BOBB00302","4.0000","4.0000","4.0000","0.0000","0.0000"
"100006362","BOVE00275","2.0000","2.0000","2.0000","0.0000","0.0000"
"100006363","BOVE00587","1.0000","1.0000","1.0000","0.0000","0.0000"
"100006363","BOVE00588","1.0000","1.0000","1.0000","0.0000","0.0000"
"100006364","BOCI00829","1.0000","1.0000","1.0000","0.0000","0.0000"
"100006365","PCOU48280-38","2.0000","2.0000","2.0000","0.0000","0.0000"
"100006365","PCOU48280-37","1.0000","1.0000","1.0000","0.0000","0.0000"
"100006366","BOVE00286","2.0000","2.0000","2.0000","0.0000","1.0000"
"100006367","ME00C127","1.0000","1.0000","1.0000","0.0000","0.0000"
"100006368","BOBB00033","5.0000","5.0000","5.0000","0.0000","0.0000"
"100006369","PTHE19709-00","1.0000","0.0000","0.0000","1.0000","0.0000"
"100006370","PTHE19709-00","1.0000","0.0000","0.0000","1.0000","0.0000"
"100006371","BOVE00457","1.0000","1.0000","1.0000","0.0000","0.0000"
"100006372","CBR0010001","1.0000","1.0000","1.0000","0.0000","0.0000"
"100006372","CBR0010002","1.0000","1.0000","1.0000","0.0000","0.0000"
"100006373","PTHE19706-00","2.0000","0.0000","0.0000","2.0000","0.0000"
"100006373","PROU48280-32","1.0000","0.0000","0.0000","1.0000","0.0000"
"100006374","PFLE47742-53","2.0000","2.0000","2.0000","0.0000","0.0000"
"100006375","PMESU41604-00","1.0000","1.0000","1.0000","0.0000","0.0000"
"100006376","PTHE19709-00","1.0000","0.0000","0.0000","1.0000","0.0000"
"100006377","PTHE19709-00","1.0000","1.0000","1.0000","0.0000","0.0000"
"100006378","BOVE00083","3.0000","3.0000","3.0000","0.0000","0.0000"
"100006379","PROU47034-52","1.0000","1.0000","1.0000","0.0000","0.0000"
"100006380","PAPP49844-01","1.0000","1.0000","1.0000","0.0000","0.0000"
"100006381","BOBB00028","400.0000","400.0000","400.0000","0.0000","0.0000"
"100006381","GRAVURE","400.0000","400.0000","400.0000","0.0000","0.0000"
"100006382","BOBB00038","1.0000","1.0000","1.0000","0.0000","0.0000"
"100006383","ME00C127","1.0000","1.0000","1.0000","0.0000","0.0000"
"100006384","PSAUP47023-03","1.0000","1.0000","1.0000","0.0000","0.0000"
"100006384","PSAUP47023-02","1.0000","1.0000","1.0000","0.0000","0.0000"
"100006384","PSAUP47023-01","1.0000","1.0000","1.0000","0.0000","0.0000"
"100006385","BA00041","1.0000","1.0000","1.0000","0.0000","0.0000"
"100006386","PROU48280-32","1.0000","1.0000","1.0000","0.0000","0.0000"
"100006387","BOVA01190","1.0000","1.0000","1.0000","0.0000","0.0000"
"100006387","BOAL01469","1.0000","1.0000","1.0000","0.0000","0.0000"
"100006388","BOVE00389","2.0000","0.0000","0.0000","2.0000","0.0000"
"100006388","BOVE00309","2.0000","0.0000","0.0000","2.0000","0.0000"
"100006389","BOVE00389","2.0000","2.0000","2.0000","0.0000","0.0000"
"100006389","BOVE00309","2.0000","2.0000","2.0000","0.0000","0.0000"
"100006390","BOVE00767","1.0000","1.0000","1.0000","0.0000","0.0000"
"100006391","BOAL00707","20.0000","20.0000","20.0000","0.0000","0.0000"
"100006392","BOAL01186-BOAL00340-BOAL00343-BOAL00347-BOAL00349","1.0000","1.0000","1.0000","0.0000","0.0000"
"100006392","BOAL00340","2.0000","1.0000","1.0000","0.0000","0.0000"
"100006392","BOAL00343","2.0000","1.0000","1.0000","0.0000","0.0000"
"100006392","BOAL00347","2.0000","1.0000","1.0000","0.0000","0.0000"
"100006392","BOAL00349","2.0000","1.0000","1.0000","0.0000","0.0000"
"100006392","ME00C51","1.0000","1.0000","1.0000","0.0000","0.0000"
"100006393","LLRLYO0038","1.0000","1.0000","1.0000","0.0000","0.0000"
"100006394","PPASS41603-00","1.0000","1.0000","1.0000","0.0000","0.0000"
"100006394","PSHAK41479-00","1.0000","1.0000","1.0000","0.0000","0.0000"
"100006394","BOVE00422","1.0000","1.0000","1.0000","0.0000","0.0000"
"100006395","BOVE00398","4.0000","4.0000","4.0000","0.0000","0.0000"
"100006396","PGRIL41727-33","2.0000","2.0000","2.0000","0.0000","0.0000"
"100006397","ME00C51","1.0000","1.0000","1.0000","0.0000","0.0000"
"100006398","BOAL01182-BOAL00327-BOAL00328-BOAL00329-BOAL00330","1.0000","1.0000","1.0000","0.0000","0.0000"
"100006398","BOAL00327","1.0000","1.0000","1.0000","0.0000","0.0000"
"100006398","BOAL00328","1.0000","1.0000","1.0000","0.0000","0.0000"
"100006398","BOAL00329","1.0000","1.0000","1.0000","0.0000","0.0000"
"100006398","BOAL00330","1.0000","1.0000","1.0000","0.0000","0.0000"
"100006399","BOVE00351","1.0000","1.0000","1.0000","0.0000","0.0000"
"100006399","BOVE00526","1.0000","1.0000","1.0000","0.0000","0.0000"
"100006399","ME00219","1.0000","1.0000","1.0000","0.0000","0.0000"
"100006400","BOVE00010","1.0000","1.0000","1.0000","0.0000","0.0000"
"100006400","BOVE00378","1.0000","1.0000","1.0000","0.0000","0.0000"
"100006400","BOVE00379","1.0000","1.0000","1.0000","0.0000","0.0000"
"100006400","BOVE00008","1.0000","1.0000","1.0000","0.0000","0.0000"
"100006401","BCO0010011-BCO0010004-BCO0010001-BCO0010002-BCO0010003","1.0000","1.0000","1.0000","0.0000","0.0000"
"100006401","BCO0010004","1.0000","1.0000","1.0000","0.0000","0.0000"
"100006401","BCO0010001","1.0000","1.0000","1.0000","0.0000","0.0000"
"100006401","BCO0010002","1.0000","1.0000","1.0000","0.0000","0.0000"
"100006401","BCO0010003","1.0000","1.0000","1.0000","0.0000","0.0000"
"100006402","BOBB00295","1.0000","1.0000","1.0000","0.0000","0.0000"
"100006403","BOAL01271-BOAL00478-BOAL00482-BOAL00484-BOAL00486","1.0000","1.0000","1.0000","0.0000","0.0000"
"100006403","BOAL00478","2.0000","1.0000","1.0000","0.0000","0.0000"
"100006403","BOAL00482","2.0000","1.0000","1.0000","0.0000","0.0000"
"100006403","BOAL00484","2.0000","1.0000","1.0000","0.0000","0.0000"
"100006403","BOAL00486","2.0000","1.0000","1.0000","0.0000","0.0000"
"100006403","BOAL00487","1.0000","1.0000","1.0000","0.0000","0.0000"
"100006404","BOAL01456-BOAL00656-BOAL00661-BOAL00662-BOAL00663","1.0000","1.0000","1.0000","0.0000","0.0000"
"100006404","BOAL00656","1.0000","1.0000","1.0000","0.0000","0.0000"
"100006404","BOAL00661","1.0000","1.0000","1.0000","0.0000","0.0000"
"100006404","BOAL00662","1.0000","1.0000","1.0000","0.0000","0.0000"
"100006404","BOAL00663","1.0000","1.0000","1.0000","0.0000","0.0000"
"100006404","BOVE00035","2.0000","2.0000","2.0000","0.0000","0.0000"
"100006405","BOBB00105","1.0000","1.0000","1.0000","0.0000","0.0000"
"100006405","BOBB00106","1.0000","1.0000","1.0000","0.0000","0.0000"
"100006406","BOVE00113","1.0000","0.0000","0.0000","1.0000","0.0000"
"100006406","BOVE00168","1.0000","0.0000","0.0000","1.0000","0.0000"
"100006407","BOCI00581","1.0000","1.0000","1.0000","0.0000","0.0000"
"100006407","BOCI00579","1.0000","1.0000","1.0000","0.0000","0.0000"
"100006408","BOBB00051","3.0000","3.0000","3.0000","0.0000","0.0000"
"100006409","BOVA01401","6.0000","6.0000","6.0000","0.0000","0.0000"
"100006409","BOVA01404","6.0000","6.0000","6.0000","0.0000","0.0000"
"100006409","BOVE00171","1.0000","1.0000","1.0000","0.0000","0.0000"
"100006409","BOVE00168","1.0000","1.0000","1.0000","0.0000","0.0000"
"100006409","BOAL01387-BOAL00208-BOAL00264-BOAL00222","2.0000","2.0000","2.0000","0.0000","0.0000"
"100006409","BOAL00208","2.0000","1.0000","1.0000","0.0000","0.0000"
"100006409","BOAL00264","2.0000","1.0000","1.0000","0.0000","0.0000"
"100006409","BOAL00222","2.0000","1.0000","1.0000","0.0000","0.0000"
"100006409","BOAL00784","2.0000","2.0000","2.0000","0.0000","0.0000"
"100006409","CNNPOT0001","2.0000","2.0000","2.0000","0.0000","0.0000"
"100006409","BOVE00722","2.0000","2.0000","2.0000","0.0000","0.0000"
"100006410","BAR0120009-BAR0120006-BAR0120007-BAR0120002","1.0000","1.0000","1.0000","0.0000","0.0000"
"100006410","BAR0120006","1.0000","1.0000","1.0000","0.0000","0.0000"
"100006410","BAR0120007","1.0000","1.0000","1.0000","0.0000","0.0000"
"100006410","BAR0120002","1.0000","1.0000","1.0000","0.0000","0.0000"
"100006410","BAR0120003","1.0000","1.0000","1.0000","0.0000","0.0000"
"100006411","BOVE00170","1.0000","1.0000","1.0000","0.0000","0.0000"
"100006412","BOVE00511","1.0000","1.0000","1.0000","0.0000","0.0000"
"100006413","BOCI00321","10.0000","10.0000","10.0000","0.0000","0.0000"
"100006414","CCS0010003","1.0000","1.0000","1.0000","0.0000","0.0000"
"100006415","PMESU41604-00","2.0000","2.0000","2.0000","0.0000","0.0000"
"100006415","PPABAR0001","1.0000","1.0000","1.0000","0.0000","0.0000"
"100006415","SDO0011059","1.0000","1.0000","1.0000","0.0000","0.0000"
"100006415","PDECO47415-08","1.0000","1.0000","1.0000","0.0000","0.0000"
"100006415","PPIN47642-30","1.0000","1.0000","1.0000","0.0000","0.0000"
"100006416","CBR0050001","2.0000","2.0000","2.0000","0.0000","0.0000"
"100006417","BOAL00721","1.0000","1.0000","1.0000","0.0000","0.0000"
"100006418","BOAL00422","1.0000","1.0000","1.0000","0.0000","0.0000"
"100006419","BOBB00038","1.0000","1.0000","1.0000","0.0000","0.0000"
"100006420","BOAL00340","2.0000","2.0000","2.0000","0.0000","0.0000"
"100006421","BOVA01237","4.0000","0.0000","0.0000","4.0000","0.0000"
"100006422","BOVA01237","4.0000","0.0000","0.0000","4.0000","0.0000"
"100006423","PPOT47606-30","1.0000","1.0000","1.0000","0.0000","0.0000"
"100006423","PPOT47606-50","1.0000","1.0000","1.0000","0.0000","0.0000"
"100006424","BOVA01237","4.0000","4.0000","4.0000","0.0000","0.0000"
"100006425","ME00040","2.0000","2.0000","2.0000","0.0000","0.0000"
"100006426","BOVA00945","1.0000","1.0000","1.0000","0.0000","0.0000"
"100006427","BOVE00277","3.0000","3.0000","3.0000","0.0000","0.0000"
"100006427","BOVE00391","2.0000","2.0000","2.0000","0.0000","0.0000"
"100006428","PRAC47621-03","1.0000","1.0000","1.0000","0.0000","0.0000"
"100006428","PRAC47621-04","1.0000","1.0000","1.0000","0.0000","0.0000"
"100006428","PRAC47621-07","1.0000","1.0000","1.0000","0.0000","0.0000"
"100006428","PRAC18501-04","1.0000","1.0000","1.0000","0.0000","0.0000"
"100006429","BGDSER001","1.0000","1.0000","1.0000","0.0000","0.0000"
"100006430","PGRIL41727-28","4.0000","4.0000","4.0000","0.0000","0.0000"
"100006431","BOVE00503","2.0000","2.0000","2.0000","0.0000","0.0000"
"100006432","BOAL01378-BOAL00210-BOAL00263-BOAL00221","2.0000","2.0000","2.0000","0.0000","0.0000"
"100006432","BOAL00210","2.0000","1.0000","1.0000","0.0000","0.0000"
"100006432","BOAL00263","2.0000","1.0000","1.0000","0.0000","0.0000"
"100006432","BOAL00221","2.0000","1.0000","1.0000","0.0000","0.0000"
"100006433","ME00021","1.0000","1.0000","1.0000","0.0000","0.0000"
"100006433","ME00085","1.0000","1.0000","1.0000","0.0000","0.0000"
"100006434","PTAI48280-13","1.0000","1.0000","1.0000","0.0000","0.0000"
"100006434","PTAI48280-12","1.0000","1.0000","1.0000","0.0000","0.0000"
"100006435","ME00C113","1.0000","1.0000","1.0000","0.0000","0.0000"
"100006436","BOVE00281","1.0000","1.0000","1.0000","0.0000","0.0000"
"100006437","BOVA01286","6.0000","6.0000","6.0000","0.0000","0.0000"
"100006438","BOAL00784","10.0000","10.0000","10.0000","0.0000","0.0000"
"100006438","BOAL00785","10.0000","10.0000","10.0000","0.0000","0.0000"
"100006439","BOVA01530","4.0000","4.0000","4.0000","0.0000","0.0000"
"100006439","BOVE00615","1.0000","1.0000","1.0000","0.0000","0.0000"
"100006439","BOVA00741","2.0000","2.0000","2.0000","0.0000","0.0000"
"100006440","PBOU44116-35","5.0000","5.0000","5.0000","0.0000","0.0000"
"100006441","CDB0010001","1.0000","1.0000","1.0000","0.0000","0.0000"
"100006442","BOUU00051","2.0000","2.0000","2.0000","0.0000","0.0000"
"100006443","BOBB00085","1.0000","1.0000","1.0000","0.0000","0.0000"
"100006444","BOVE00587","1.0000","1.0000","1.0000","0.0000","0.0000"
"100006444","BOVE00588","1.0000","1.0000","1.0000","0.0000","0.0000"
"100006445","ME00C127","1.0000","1.0000","1.0000","0.0000","0.0000"
"100006446","BOVE00714","5.0000","5.0000","5.0000","0.0000","0.0000"
"100006446","BOVE00716","5.0000","5.0000","5.0000","0.0000","0.0000"
"100006447","BA00013","1.0000","1.0000","1.0000","0.0000","0.0000"
"100006448","BOVE00511","1.0000","1.0000","1.0000","0.0000","0.0000"
"100006449","PSHAK41479-00","1.0000","1.0000","1.0000","0.0000","0.0000"
"100006450","BOVE00395","1.0000","1.0000","1.0000","0.0000","0.0000"
"100006451","BOVA01199","3.0000","3.0000","3.0000","0.0000","0.0000"
"100006451","BOVA01200","1.0000","1.0000","1.0000","0.0000","0.0000"
"100006452","BNNPOS0008","1.0000","1.0000","1.0000","0.0000","0.0000"
"100006453","BOBB00084","5.0000","0.0000","0.0000","5.0000","0.0000"
"100006454","BOBB00084","5.0000","5.0000","5.0000","0.0000","0.0000"
"100006455","CBR0050001","5.0000","5.0000","5.0000","0.0000","0.0000"
"100006456","PPAIL48303-02","1.0000","1.0000","1.0000","0.0000","0.0000"
"100006457","BOVE00102","1.0000","1.0000","1.0000","0.0000","0.0000"
"100006458","BOAL00922","1.0000","1.0000","1.0000","0.0000","0.0000"
"100006459","CNN0030001","1.0000","1.0000","1.0000","0.0000","0.0000"
"100006459","BOBB00064","1.0000","1.0000","1.0000","0.0000","0.0000"
"100006460","PPLAN42521-16","1.0000","1.0000","1.0000","0.0000","0.0000"
"100006460","PMAR12915-25","1.0000","1.0000","1.0000","0.0000","0.0000"
"100006461","BOBB00033","25.0000","25.0000","25.0000","0.0000","0.0000"
"100006462","BOBB00302","2.0000","2.0000","2.0000","0.0000","0.0000"
"100006463","BOVE00373","1.0000","1.0000","1.0000","0.0000","0.0000"
"100006464","BOBB00056","1.0000","1.0000","1.0000","0.0000","0.0000"
"100006464","BOVE00797-BOVE00796-BOVE00795-BOVE00794","1.0000","1.0000","1.0000","0.0000","0.0000"
"100006464","BOVE00796","1.0000","1.0000","1.0000","0.0000","0.0000"
"100006464","BOVE00795","1.0000","1.0000","1.0000","0.0000","0.0000"
"100006464","BOVE00794","1.0000","1.0000","1.0000","0.0000","0.0000"
"100006464","BOVE00540","1.0000","1.0000","1.0000","0.0000","0.0000"
"100006464","BOVE00636","1.0000","1.0000","1.0000","0.0000","0.0000"
"100006464","BOCI00347","1.0000","1.0000","1.0000","0.0000","0.0000"
"100006464","BOCI00784","2.0000","2.0000","2.0000","0.0000","0.0000"
"100006464","BOCI00786","2.0000","2.0000","2.0000","0.0000","0.0000"
"100006464","PTAP47680-40","2.0000","2.0000","2.0000","0.0000","0.0000"
"100006464","CAR0030001","1.0000","1.0000","1.0000","0.0000","0.0000"
"100006464","BOVE00510","1.0000","1.0000","1.0000","0.0000","0.0000"
"100006465","BOVA01222","5.0000","5.0000","5.0000","0.0000","0.0000"
"100006466","BOVA00061","2.0000","2.0000","2.0000","0.0000","0.0000"
"100006466","BOVA00064","2.0000","2.0000","2.0000","0.0000","0.0000"
"100006467","LLRPER0057","2.0000","2.0000","2.0000","0.0000","0.0000"
"100006467","LLRCHA0110","2.0000","2.0000","2.0000","0.0000","0.0000"
"100006467","LLRRIN0147-1","1.0000","1.0000","1.0000","0.0000","0.0000"
"100006467","LLRRIN0147-2","1.0000","1.0000","1.0000","0.0000","0.0000"
"100006468","BOAL01183-BOAL00327-BOAL00328-BOAL00329-BOAL00330","1.0000","1.0000","1.0000","0.0000","0.0000"
"100006468","BOAL00327","2.0000","1.0000","1.0000","0.0000","0.0000"
"100006468","BOAL00328","2.0000","1.0000","1.0000","0.0000","0.0000"
"100006468","BOAL00329","2.0000","1.0000","1.0000","0.0000","0.0000"
"100006468","BOAL00330","2.0000","1.0000","1.0000","0.0000","0.0000"
"100006469","BOAL00792","1.0000","1.0000","1.0000","0.0000","0.0000"
"100006470","BOVE00615","1.0000","1.0000","1.0000","0.0000","0.0000"
"100006470","LLRBUB0095","1.0000","1.0000","1.0000","0.0000","0.0000"
"100006471","BOAL00260","1.0000","1.0000","1.0000","0.0000","0.0000"
"100006472","BOVE00797-BOVE00796-BOVE00795-BOVE00794","10.0000","0.0000","0.0000","10.0000","0.0000"
"100006472","BOVE00796","10.0000","0.0000","0.0000","0.0000","0.0000"
"100006472","BOVE00795","10.0000","0.0000","0.0000","0.0000","0.0000"
"100006472","BOVE00794","10.0000","0.0000","0.0000","0.0000","0.0000"
"100006473","BOVE00305","1.0000","0.0000","0.0000","1.0000","0.0000"
"100006473","LLRABE0022","1.0000","0.0000","0.0000","1.0000","0.0000"
"100006473","BOVE00711","2.0000","0.0000","0.0000","2.0000","0.0000"
"100006474","BOVE00305","1.0000","0.0000","0.0000","1.0000","0.0000"
"100006474","LLRABE0022","1.0000","0.0000","0.0000","1.0000","0.0000"
"100006474","BOVE00711","1.0000","0.0000","0.0000","1.0000","0.0000"
"100006475","BOVE00443","6.0000","6.0000","6.0000","0.0000","0.0000"
"100006476","PPRES41606-00","5.0000","5.0000","5.0000","0.0000","0.0000"
"100006477","BOVE00797-BOVE00796-BOVE00795-BOVE00794","5.0000","5.0000","5.0000","0.0000","0.0000"
"100006477","BOVE00797-BOVE00796-BOVE00795-BOVE00794","3.0000","3.0000","3.0000","0.0000","0.0000"
"100006477","BOVE00796","3.0000","1.0000","1.0000","0.0000","0.0000"
"100006477","BOVE00795","3.0000","1.0000","1.0000","0.0000","0.0000"
"100006477","BOVE00794","3.0000","1.0000","1.0000","0.0000","0.0000"
"100006478","BOVE00626","1.0000","1.0000","1.0000","0.0000","0.0000"
"100006479","BOAL00732","1.0000","1.0000","1.0000","0.0000","0.0000"
"100006480","LLRBUB0132","1.0000","0.0000","0.0000","1.0000","0.0000"
"100006480","PCUI41473-50","1.0000","0.0000","0.0000","1.0000","0.0000"
"100006481","PCOU48280-23","1.0000","1.0000","1.0000","0.0000","0.0000"
"100006482","BOVE00224","2.0000","2.0000","2.0000","0.0000","0.0000"
"100006482","PTAI48280-12","1.0000","1.0000","1.0000","0.0000","0.0000"
"100006483","BOVA01199","2.0000","0.0000","0.0000","2.0000","0.0000"
"100006483","BOVA01198","1.0000","0.0000","0.0000","1.0000","0.0000"
"100006483","BOVA01196","1.0000","0.0000","0.0000","1.0000","0.0000"
"100006483","BOVA00735","1.0000","0.0000","0.0000","1.0000","0.0000"
"100006483","BOAL00759","1.0000","0.0000","0.0000","1.0000","0.0000"
"100006483","BOVA01190","1.0000","0.0000","0.0000","1.0000","0.0000"
"100006483","BOVA01185","2.0000","0.0000","0.0000","2.0000","0.0000"
"100006484","BOVE00379","1.0000","1.0000","1.0000","0.0000","0.0000"
"100006484","BOVE00380","1.0000","1.0000","1.0000","0.0000","0.0000"
"100006485","BOVE00287","1.0000","1.0000","1.0000","0.0000","0.0000"
"100006485","BOVE00288","1.0000","1.0000","1.0000","0.0000","0.0000"
"100006485","BOVE00339","1.0000","1.0000","1.0000","0.0000","0.0000"
"100006485","BOVE00389","1.0000","1.0000","1.0000","0.0000","0.0000"
"100006486","BOAL00649","2.0000","2.0000","2.0000","0.0000","0.0000"
"100006487","LLRSOL0031","2.0000","2.0000","2.0000","0.0000","0.0000"
"100006488","BOAL00208","2.0000","2.0000","2.0000","0.0000","0.0000"
"100006489","BOVE00658","1.0000","1.0000","1.0000","0.0000","0.0000"
"100006490","BOVE00389","2.0000","2.0000","2.0000","0.0000","0.0000"
"100006490","BOVE00391","2.0000","2.0000","2.0000","0.0000","0.0000"
"100006491","PCUI48277-53","1.0000","1.0000","1.0000","0.0000","0.0000"
"100006491","BOVE00636","1.0000","1.0000","1.0000","0.0000","0.0000"
"100006491","LLRCIR0129","1.0000","1.0000","1.0000","0.0000","0.0000"
"100006492","BOVE00420","1.0000","1.0000","1.0000","0.0000","0.0000"
"100006493","PVASQ44946-02","1.0000","1.0000","1.0000","0.0000","0.0000"
"100006494","ME00C127","1.0000","1.0000","1.0000","0.0000","0.0000"
"100006495","BBR0010002","2.0000","2.0000","2.0000","0.0000","0.0000"
"100006496","BAM0010001","2.0000","2.0000","2.0000","0.0000","0.0000"
"100006496","BAM0010002","2.0000","2.0000","2.0000","0.0000","0.0000"
"100006496","BAM0010003","2.0000","2.0000","2.0000","0.0000","0.0000"
"100006496","BAM0010004","4.0000","4.0000","4.0000","0.0000","0.0000"
"100006497","BOVE00591","1.0000","1.0000","1.0000","0.0000","0.0000"
"100006498","BOVE00556","2.0000","0.0000","0.0000","2.0000","0.0000"
"100006499","BOVE00556","2.0000","2.0000","2.0000","0.0000","0.0000"
"100006500","BOVE00200","1.0000","1.0000","1.0000","0.0000","0.0000"
"100006501","BOVE00547","1.0000","1.0000","1.0000","0.0000","0.0000"
"100006501","BOBB00131","1.0000","1.0000","1.0000","0.0000","0.0000"
"100006502","CBR0050001","4.0000","4.0000","4.0000","0.0000","0.0000"
"100006503","BOBB00122","2.0000","2.0000","2.0000","0.0000","2.0000"
"100006504","BBR0010002","1.0000","1.0000","1.0000","0.0000","0.0000"
"100006504","SDO0011069","1.0000","1.0000","1.0000","0.0000","0.0000"
"100006504","BOCI00720","1.0000","1.0000","1.0000","0.0000","0.0000"
"100006505","PBAT48277-58","1.0000","1.0000","1.0000","0.0000","0.0000"
"100006505","PMOU48277-57","1.0000","1.0000","1.0000","0.0000","0.0000"
"100006506","BOAL01183-BOAL00327-BOAL00328-BOAL00329-BOAL00330","1.0000","1.0000","1.0000","0.0000","0.0000"
"100006506","BOAL00327","2.0000","1.0000","1.0000","0.0000","0.0000"
"100006506","BOAL00328","2.0000","1.0000","1.0000","0.0000","0.0000"
"100006506","BOAL00329","2.0000","1.0000","1.0000","0.0000","0.0000"
"100006506","BOAL00330","2.0000","1.0000","1.0000","0.0000","0.0000"
"100006507","LLRBUB0131","1.0000","1.0000","1.0000","0.0000","0.0000"
"100006507","BOVA01193","1.0000","1.0000","1.0000","0.0000","0.0000"
"100006507","BOVA01195","1.0000","1.0000","1.0000","0.0000","0.0000"
"100006507","BOVA01197","1.0000","1.0000","1.0000","0.0000","0.0000"
"100006507","BOVA01199","1.0000","1.0000","1.0000","0.0000","0.0000"
"100006507","BOAL00923","4.0000","4.0000","4.0000","0.0000","0.0000"
"100006508","CBR0010004","1.0000","1.0000","1.0000","0.0000","0.0000"
"100006509","BOCI00583","1.0000","0.0000","0.0000","1.0000","0.0000"
"100006510","BOCI00583","1.0000","1.0000","1.0000","0.0000","0.0000"
"100006511","PDOU47357-11","1.0000","1.0000","1.0000","0.0000","0.0000"
"100006512","BOVE00356","1.0000","1.0000","1.0000","0.0000","0.0000"
"100006513","BOBB00038","1.0000","1.0000","1.0000","0.0000","0.0000"
"100006514","BOVE00478","1.0000","1.0000","1.0000","0.0000","0.0000"
"100006515","ME00C127","1.0000","1.0000","1.0000","0.0000","0.0000"
"100006516","CCS0020002","1.0000","1.0000","1.0000","0.0000","0.0000"
"100006517","ME00C127","1.0000","0.0000","0.0000","1.0000","0.0000"
"100006518","ME00C127","1.0000","1.0000","1.0000","0.0000","0.0000"
"100006519","BOCI00327","15.0000","15.0000","15.0000","0.0000","0.0000"
"100006520","BOVE00503","1.0000","1.0000","1.0000","0.0000","0.0000"
"100006521","BOUU00051","2.0000","2.0000","2.0000","0.0000","0.0000"
"100006522","BOVA01082","1.0000","1.0000","1.0000","0.0000","0.0000"
"100006523","PCOU48280-23","1.0000","1.0000","1.0000","0.0000","0.0000"
"100006524","BOBB00237","1.0000","1.0000","1.0000","0.0000","0.0000"
"100006524","BOBB00238","1.0000","1.0000","1.0000","0.0000","0.0000"
"100006525","LLRBUB0132","1.0000","1.0000","1.0000","0.0000","0.0000"
"100006525","PCUI41473-50","1.0000","1.0000","1.0000","0.0000","0.0000"
"100006526","ME00C51","1.0000","1.0000","1.0000","0.0000","0.0000"
"100006527","BOAL00394","1.0000","1.0000","1.0000","0.0000","0.0000"
"100006528","BOAL00711","10.0000","10.0000","10.0000","0.0000","0.0000"
"100006529","BOVE00468","1.0000","1.0000","1.0000","0.0000","0.0000"
"100006530","BOAL01182-BOAL00327-BOAL00328-BOAL00329-BOAL00330","1.0000","0.0000","0.0000","1.0000","0.0000"
"100006530","BOAL00327","1.0000","0.0000","0.0000","0.0000","0.0000"
"100006530","BOAL00328","1.0000","0.0000","0.0000","0.0000","0.0000"
"100006530","BOAL00329","1.0000","0.0000","0.0000","0.0000","0.0000"
"100006530","BOAL00330","1.0000","0.0000","0.0000","0.0000","0.0000"
"100006531","BAR0110014","1.0000","1.0000","1.0000","0.0000","0.0000"
"100006532","BOBB00038","1.0000","1.0000","1.0000","0.0000","0.0000"
"100006533","BOVE00797-BOVE00796-BOVE00795-BOVE00794","6.0000","6.0000","6.0000","0.0000","0.0000"
"100006533","BOVE00796","6.0000","1.0000","1.0000","0.0000","0.0000"
"100006533","BOVE00795","6.0000","1.0000","1.0000","0.0000","0.0000"
"100006533","BOVE00794","6.0000","1.0000","1.0000","0.0000","0.0000"
"100006534","BOAL00328","1.0000","0.0000","0.0000","1.0000","0.0000"
"100006535","BOVE00147","1.0000","1.0000","1.0000","0.0000","0.0000"
"100006536","ME00216","1.0000","1.0000","1.0000","0.0000","0.0000"
"100006536","BOCI00719","1.0000","1.0000","1.0000","0.0000","0.0000"
"100006536","PFLE47742-50","1.0000","1.0000","1.0000","0.0000","0.0000"
"100006536","PFLE47742-20","1.0000","1.0000","1.0000","0.0000","0.0000"
"100006537","BOBB00094","58.0000","58.0000","58.0000","0.0000","0.0000"
"100006538","FFE0020001","1.0000","1.0000","1.0000","0.0000","0.0000"
"100006539","ME00001","1.0000","1.0000","1.0000","0.0000","0.0000"
"100006539","ME00222","1.0000","1.0000","1.0000","0.0000","0.0000"
"100006540","DEV870811","1.0000","1.0000","1.0000","0.0000","0.0000"
"100006541","LLRVEN0089","1.0000","1.0000","1.0000","0.0000","0.0000"
"100006541","BOVE00749","1.0000","1.0000","1.0000","0.0000","0.0000"
"100006541","PBRO48277-65","1.0000","1.0000","1.0000","0.0000","0.0000"
"100006542","LLRABE0015","1.0000","1.0000","1.0000","0.0000","0.0000"
"100006542","BOVE00395","1.0000","1.0000","1.0000","0.0000","0.0000"
"100006543","BOVE00313","1.0000","1.0000","1.0000","0.0000","0.0000"
"100006543","BOVE00082","2.0000","2.0000","2.0000","0.0000","0.0000"
"100006544","BOBB00273","1.0000","1.0000","1.0000","0.0000","0.0000"
"100006545","PVASQ44946-02","1.0000","1.0000","1.0000","0.0000","0.0000"
"100006546","BOAL01473","4.0000","4.0000","4.0000","0.0000","0.0000"
"100006547","BOBB00038","2.0000","2.0000","2.0000","0.0000","0.0000"
"100006548","BOVE00679","2.0000","2.0000","2.0000","0.0000","0.0000"
"100006548","BOVE00680","1.0000","1.0000","1.0000","0.0000","0.0000"
"100006549","BOVE00109","1.0000","0.0000","0.0000","1.0000","0.0000"
"100006550","BOVE00109","1.0000","1.0000","1.0000","0.0000","0.0000"
"100006551","BOVE00451","1.0000","1.0000","1.0000","0.0000","0.0000"
"100006551","BOVE00450","1.0000","1.0000","1.0000","0.0000","0.0000"
"100006552","BBR0010002","1.0000","0.0000","0.0000","1.0000","0.0000"
"100006553","BOBB00122","1.0000","1.0000","1.0000","0.0000","0.0000"
"100006554","PCOU48280-91","1.0000","1.0000","1.0000","0.0000","0.0000"
"100006555","SDO0032865","1.0000","1.0000","1.0000","0.0000","0.0000"
"100006555","BOVE00793","1.0000","1.0000","1.0000","0.0000","0.0000"
"100006556","BOVA00634","12.0000","0.0000","0.0000","12.0000","0.0000"
"100006557","BOVA00634","12.0000","12.0000","12.0000","0.0000","0.0000"
"100006558","PPIER18251-02","1.0000","1.0000","1.0000","0.0000","0.0000"
"100006559","BOVA01081","4.0000","0.0000","0.0000","4.0000","0.0000"
"100006559","LLRSOL0030","1.0000","0.0000","0.0000","1.0000","0.0000"
"100006559","LLRSOL0028","1.0000","0.0000","0.0000","1.0000","0.0000"
"100006559","BOVE00493","1.0000","0.0000","0.0000","1.0000","0.0000"
"100006560","BOVA01081","4.0000","0.0000","0.0000","4.0000","0.0000"
"100006560","LLRSOL0030","1.0000","0.0000","0.0000","1.0000","0.0000"
"100006560","LLRSOL0028","1.0000","0.0000","0.0000","1.0000","0.0000"
"100006560","BOVE00493","1.0000","0.0000","0.0000","1.0000","0.0000"
"100006561","CBR0050001","1.0000","1.0000","1.0000","0.0000","0.0000"
"100006562","BOVE00722","1.0000","1.0000","1.0000","0.0000","0.0000"
"100006562","CBRYPS0001","1.0000","1.0000","1.0000","0.0000","0.0000"
"100006563","BOVE00478","1.0000","1.0000","1.0000","0.0000","0.0000"
"100006564","LLRFID0108","2.0000","0.0000","0.0000","2.0000","0.0000"
"100006565","PDECA41699-03","10.0000","10.0000","10.0000","0.0000","0.0000"
"100006565","BOBB00302","9.0000","9.0000","9.0000","0.0000","0.0000"
"100006565","PPAIL48303-05","6.0000","6.0000","6.0000","0.0000","0.0000"
"100006565","BOBB00049","2.0000","2.0000","2.0000","0.0000","0.0000"
"100006565","PLIM41699-00","2.0000","2.0000","2.0000","0.0000","0.0000"
"100006566","PFLE47742-48","2.0000","2.0000","2.0000","0.0000","0.0000"
"100006567","BOBB00094","3.0000","3.0000","3.0000","0.0000","0.0000"
"100006568","ME00C113","1.0000","1.0000","1.0000","0.0000","0.0000"
"100006569","PPIN48240-00","4.0000","4.0000","4.0000","0.0000","0.0000"
"100006569","PPIN48239-00","1.0000","1.0000","1.0000","0.0000","0.0000"
"100006569","PCUR48238-00","1.0000","1.0000","1.0000","0.0000","0.0000"
"100006569","BOVE00117","1.0000","1.0000","1.0000","0.0000","0.0000"
"100006570","BOVE00277","1.0000","1.0000","1.0000","0.0000","0.0000"
"100006571","BOVE00658","1.0000","1.0000","1.0000","0.0000","0.0000"
"100006572","BOVE00447","3.0000","3.0000","3.0000","0.0000","0.0000"
"100006573","CLRCRA0001","4.0000","4.0000","4.0000","0.0000","0.0000"
"100006573","CLRCRA0002","2.0000","2.0000","2.0000","0.0000","0.0000"
"100006573","CLRCRA0004","1.0000","1.0000","1.0000","0.0000","0.0000"
"100006574","PCUI41595-20","1.0000","1.0000","1.0000","0.0000","0.0000"
"100006575","PGRIL41727-28","15.0000","0.0000","0.0000","15.0000","0.0000"
"100006575","PGRIL41727-33","25.0000","0.0000","0.0000","25.0000","0.0000"
"100006576","BOVE00513","2.0000","2.0000","2.0000","0.0000","0.0000"
"100006576","BOAL00710","10.0000","10.0000","10.0000","0.0000","0.0000"
"100006577","BOVE00636","1.0000","1.0000","1.0000","0.0000","0.0000"
"100006578","BOAL00654","2.0000","2.0000","2.0000","0.0000","0.0000"
"100006578","BOAL00646","2.0000","2.0000","2.0000","0.0000","0.0000"
"100006578","BOBB00121","1.0000","1.0000","1.0000","0.0000","0.0000"
"100006578","PPABAR0001","1.0000","1.0000","1.0000","0.0000","0.0000"
"100006578","PMESU41604-00","1.0000","1.0000","1.0000","0.0000","0.0000"
"100006578","BOAL00649","2.0000","2.0000","2.0000","0.0000","0.0000"
"100006578","BOAL00652","2.0000","2.0000","2.0000","0.0000","0.0000"
"100006579","BOVE00513","1.0000","1.0000","1.0000","0.0000","0.0000"
"100006580","ME00C127","1.0000","1.0000","1.0000","0.0000","0.0000"
"100006581","PPABAR0002","1.0000","1.0000","1.0000","0.0000","0.0000"
"100006581","PMESU41604-00","1.0000","1.0000","1.0000","0.0000","0.0000"
"100006582","BOVE00639","1.0000","1.0000","1.0000","0.0000","0.0000"
"100006583","BOVE00359","1.0000","1.0000","1.0000","0.0000","0.0000"
"100006584","BOAL00323","2.0000","0.0000","0.0000","2.0000","0.0000"
"100006584","BOAL00321","2.0000","0.0000","0.0000","2.0000","0.0000"
"100006584","BOAL00696","1.0000","0.0000","0.0000","1.0000","0.0000"
"100006584","BOAL00703","1.0000","0.0000","0.0000","1.0000","0.0000"
"100006585","BOAL00323","2.0000","2.0000","2.0000","0.0000","0.0000"
"100006585","BOAL00321","2.0000","2.0000","2.0000","0.0000","0.0000"
"100006585","BOAL00696","1.0000","1.0000","1.0000","0.0000","0.0000"
"100006585","BOAL00703","1.0000","1.0000","1.0000","0.0000","0.0000"
"100006586","BOAL01233-BOAL00408-BOAL00412-BOAL00414","2.0000","2.0000","2.0000","0.0000","0.0000"
"100006586","BOAL00408","2.0000","1.0000","1.0000","0.0000","0.0000"
"100006586","BOAL00412","2.0000","1.0000","1.0000","0.0000","0.0000"
"100006586","BOAL00414","2.0000","1.0000","1.0000","0.0000","0.0000"
"100006586","BOAL00416","1.0000","1.0000","1.0000","0.0000","0.0000"
"100006587","BOVE00780","2.0000","2.0000","2.0000","0.0000","0.0000"
"100006588","CBR0050001","2.0000","2.0000","2.0000","0.0000","0.0000"
"100006589","LLRBAZ00161","2.0000","2.0000","2.0000","0.0000","0.0000"
"100006590","BOVA00429","2.0000","2.0000","2.0000","0.0000","0.0000"
"100006591","BOVE00117","1.0000","1.0000","1.0000","0.0000","0.0000"
"100006592","BOBB00038","1.0000","1.0000","1.0000","0.0000","0.0000"
"100006593","BOVE00517","1.0000","1.0000","1.0000","0.0000","0.0000"
"100006594","BOVE00079","1.0000","1.0000","1.0000","0.0000","0.0000"
"100006595","BOVA01199","1.0000","1.0000","1.0000","0.0000","0.0000"
"100006595","BOVA01201","1.0000","1.0000","1.0000","0.0000","0.0000"
"100006595","BOVA01202","1.0000","1.0000","1.0000","0.0000","0.0000"
"100006595","BOVA01203","1.0000","1.0000","1.0000","0.0000","0.0000"
"100006596","PTHE49710-00","1.0000","1.0000","1.0000","0.0000","0.0000"
"100006597","LLRPER0058","2.0000","2.0000","2.0000","0.0000","0.0000"
"100006598","PFLE47742-47","1.0000","1.0000","1.0000","0.0000","0.0000"
"100006599","ME00C127","1.0000","1.0000","1.0000","0.0000","0.0000"
"100006600","BOVE00615","2.0000","2.0000","2.0000","0.0000","0.0000"
"100006601","LLRSPL0101","1.0000","1.0000","1.0000","0.0000","0.0000"
"100006602","ME00C113","1.0000","1.0000","1.0000","0.0000","0.0000"
"100006603","CCS0010015","1.0000","1.0000","1.0000","0.0000","0.0000"
"100006603","CCS0010002","1.0000","1.0000","1.0000","0.0000","0.0000"
"100006603","CCS0010013","1.0000","1.0000","1.0000","0.0000","0.0000"
"100006604","BOAL00703","2.0000","2.0000","2.0000","0.0000","0.0000"
"100006605","BOVE00108","1.0000","1.0000","1.0000","0.0000","0.0000"
"100006606","BOVE00470","1.0000","1.0000","1.0000","0.0000","0.0000"
"100006607","BOVA00898","5.0000","5.0000","5.0000","0.0000","0.0000"
"100006608","BOAL00698","2.0000","0.0000","0.0000","2.0000","0.0000"
"100006609","BOAL00698","2.0000","2.0000","2.0000","0.0000","0.0000"
"100006610","BOVE00639","3.0000","3.0000","3.0000","0.0000","0.0000"
"100006611","BOVE00443","1.0000","1.0000","1.0000","0.0000","0.0000"
"100006612","BOVE00278","8.0000","8.0000","8.0000","0.0000","0.0000"
"100006613","CCS0030002","3.0000","3.0000","3.0000","0.0000","0.0000"
"100006614","PPAI48303-28","1.0000","1.0000","1.0000","0.0000","0.0000"
"100006615","BOAL00757","10.0000","10.0000","10.0000","0.0000","0.0000"
"100006616","BOVE00307","1.0000","1.0000","1.0000","0.0000","0.0000"
"100006616","CCS0010015","2.0000","2.0000","2.0000","0.0000","0.0000"
"100006617","BOAL01226-BOAL00398-BOAL00403-BOAL00404-BOAL00406","1.0000","1.0000","1.0000","0.0000","0.0000"
"100006617","BOAL00398","2.0000","1.0000","1.0000","0.0000","0.0000"
"100006617","BOAL00403","2.0000","1.0000","1.0000","0.0000","0.0000"
"100006617","BOAL00404","2.0000","1.0000","1.0000","0.0000","0.0000"
"100006617","BOAL00406","2.0000","1.0000","1.0000","0.0000","0.0000"
"100006618","BOVE00513","1.0000","1.0000","1.0000","0.0000","0.0000"
"100006619","PFLE47742-62","1.0000","1.0000","1.0000","0.0000","0.0000"
"100006619","PFLE47742-57","1.0000","1.0000","1.0000","0.0000","0.0000"
"100006620","PGRIL41727-40","3.0000","3.0000","3.0000","0.0000","0.0000"
"100006621","BOVA01135","1.0000","1.0000","1.0000","0.0000","0.0000"
"100006622","BGDCAS012-BGDCAS001-BGDCAS006-BGDCAS009-BGDCAS007","1.0000","1.0000","1.0000","0.0000","0.0000"
"100006622","BGDCAS001","2.0000","1.0000","1.0000","0.0000","0.0000"
"100006622","BGDCAS006","2.0000","1.0000","1.0000","0.0000","0.0000"
"100006622","BGDCAS009","2.0000","1.0000","1.0000","0.0000","0.0000"
"100006622","BGDCAS007","2.0000","1.0000","1.0000","0.0000","0.0000"
"100006623","BOAL00323","2.0000","2.0000","2.0000","0.0000","0.0000"
"100006623","BOAL00321","1.0000","1.0000","1.0000","0.0000","0.0000"
"100006623","LLRABE0006","1.0000","1.0000","1.0000","0.0000","0.0000"
"100006624","PTAP44100-02","1.0000","1.0000","1.0000","0.0000","0.0000"
"100006625","BOVE00537","1.0000","1.0000","1.0000","0.0000","0.0000"
"100006626","BOVA01081","20.0000","20.0000","20.0000","0.0000","0.0000"
"100006627","BOVA00736","6.0000","0.0000","0.0000","6.0000","0.0000"
"100006628","CCS0010014","2.0000","2.0000","2.0000","0.0000","0.0000"
"100006629","BOBB00301","1.0000","1.0000","1.0000","0.0000","0.0000"
"100006630","BOVE00536","2.0000","2.0000","2.0000","0.0000","0.0000"
"100006630","BOVE00455","1.0000","1.0000","1.0000","0.0000","0.0000"
"100006630","BOAL00485","2.0000","2.0000","2.0000","0.0000","0.0000"
"100006630","BOAL00922","2.0000","2.0000","2.0000","0.0000","0.0000"
"100006631","BA00013","1.0000","1.0000","1.0000","0.0000","0.0000"
"100006632","CAR0080001","1.0000","1.0000","1.0000","0.0000","0.0000"
"100006633","BOAL00764","1.0000","1.0000","1.0000","0.0000","0.0000"
"100006634","CLRCRA0001","1.0000","1.0000","1.0000","0.0000","0.0000"
"100006634","BOVE00394","1.0000","1.0000","1.0000","0.0000","0.0000"
"100006635","PGRIL41727-30","10.0000","10.0000","10.0000","0.0000","0.0000"
"100006635","BOVE01301","6.0000","6.0000","6.0000","0.0000","0.0000"
"100006635","PBOU44116-50","3.0000","3.0000","3.0000","0.0000","0.0000"
"100006635","BOBB00302","1.0000","1.0000","1.0000","0.0000","0.0000"
"100006636","BOVE00767","2.0000","2.0000","2.0000","0.0000","0.0000"
"100006636","BOVE00768","1.0000","1.0000","1.0000","0.0000","0.0000"
"100006637","LLRBUB0095","1.0000","0.0000","0.0000","1.0000","0.0000"
"100006638","LLRBUB0095","1.0000","1.0000","1.0000","0.0000","0.0000"
"400000015","BOVA01284","1.0000","1.0000","1.0000","0.0000","0.0000"
"300000057","LLRBUB0095","1.0000","1.0000","1.0000","0.0000","0.0000"
"100006639","PPABAR0001","1.0000","1.0000","1.0000","0.0000","0.0000"
"100006639","PPRES41606-01","1.0000","1.0000","1.0000","0.0000","0.0000"
"100006639","BOBB00069","1.0000","1.0000","1.0000","0.0000","0.0000"
"100006639","PPASS41603-00","1.0000","1.0000","1.0000","0.0000","0.0000"
"100006639","BOBB00064","1.0000","1.0000","1.0000","0.0000","0.0000"
"100006640","ME00518-ME00048-ME00049-ME00050-ME00054","1.0000","1.0000","1.0000","0.0000","0.0000"
"100006640","ME00048","2.0000","1.0000","1.0000","0.0000","0.0000"
"100006640","ME00049","2.0000","1.0000","1.0000","0.0000","0.0000"
"100006640","ME00050","2.0000","1.0000","1.0000","0.0000","0.0000"
"100006640","ME00054","2.0000","1.0000","1.0000","0.0000","0.0000"
"100006641","PCUI41473-31","2.0000","2.0000","2.0000","0.0000","0.0000"
"100006642","BOAL00222","3.0000","3.0000","3.0000","0.0000","0.0000"
"100006642","BOAL00264","7.0000","7.0000","7.0000","0.0000","0.0000"
"100006642","BOAL00190","2.0000","2.0000","2.0000","0.0000","0.0000"
"100006643","CCS0010010","2.0000","2.0000","2.0000","0.0000","0.0000"
"100006643","CCS0010005","2.0000","2.0000","2.0000","0.0000","0.0000"
"100006644","BOAL00170","1.0000","1.0000","1.0000","0.0000","0.0000"
"100006644","BOAL00703","1.0000","1.0000","1.0000","0.0000","0.0000"
"100006645","BOVE00520","1.0000","1.0000","1.0000","0.0000","0.0000"
"200000044","BOAL00757","15.0000","15.0000","15.0000","0.0000","0.0000"
"100006646","BOVE00109","2.0000","2.0000","2.0000","0.0000","0.0000"
"100006647","BOVE00469","2.0000","2.0000","2.0000","0.0000","0.0000"
"100006648","BOAL01524-BOAL01508-BOAL01509-BOAL01507-BOAL01510","1.0000","1.0000","1.0000","0.0000","0.0000"
"100006648","BOAL01508","2.0000","1.0000","1.0000","0.0000","0.0000"
"100006648","BOAL01509","2.0000","1.0000","1.0000","0.0000","0.0000"
"100006648","BOAL01507","2.0000","1.0000","1.0000","0.0000","0.0000"
"100006648","BOAL01510","2.0000","1.0000","1.0000","0.0000","0.0000"
"100006649","PRAS48280-41","1.0000","1.0000","1.0000","0.0000","0.0000"
"100006650","BOVE00109","6.0000","6.0000","6.0000","0.0000","0.0000"
"100006651","BOVE00359","1.0000","1.0000","1.0000","0.0000","0.0000"
"100006652","BOBB00238","1.0000","1.0000","1.0000","0.0000","0.0000"
"100006653","BOCI00793","1.0000","1.0000","1.0000","0.0000","0.0000"
"100006654","BOVE00040","1.0000","1.0000","1.0000","0.0000","0.0000"
"100006655","BOVE00791","1.0000","1.0000","1.0000","0.0000","0.0000"
"100006655","BOVE00792","1.0000","1.0000","1.0000","0.0000","0.0000"
"100006656","PBOU44114-03","1.0000","1.0000","1.0000","0.0000","0.0000"
"100006656","PMESU41604-00","1.0000","1.0000","1.0000","0.0000","0.0000"
"100006656","BOBB00069","1.0000","1.0000","1.0000","0.0000","0.0000"
"100006657","BOAL00770","1.0000","0.0000","0.0000","1.0000","0.0000"
"100006657","BOAL00769","1.0000","0.0000","0.0000","1.0000","0.0000"
"100006657","BOAL00773","1.0000","0.0000","0.0000","1.0000","0.0000"
"100006658","BOBB00301","1.0000","1.0000","1.0000","0.0000","0.0000"
"100006659","BOVE00601","2.0000","2.0000","2.0000","0.0000","0.0000"
"100006660","BOVE00537","1.0000","1.0000","1.0000","0.0000","0.0000"
"100006660","BOVE00520","1.0000","1.0000","1.0000","0.0000","0.0000"
"100006661","ME00019","1.0000","1.0000","1.0000","0.0000","0.0000"
"100006662","BOVE00343","2.0000","2.0000","2.0000","0.0000","0.0000"
"100006663","BOVE00518","1.0000","1.0000","1.0000","0.0000","0.0000"
"100006664","BOBB00038","1.0000","1.0000","1.0000","0.0000","0.0000"
"100006665","LLRBOR0118","1.0000","1.0000","1.0000","0.0000","0.0000"
"100006666","BOVE00117","1.0000","1.0000","1.0000","0.0000","0.0000"
"100006667","BOAL01380-BOAL00210-BOAL00263-BOAL00221-BOAL00240","1.0000","1.0000","1.0000","0.0000","0.0000"
"100006667","BOAL00210","2.0000","1.0000","1.0000","0.0000","0.0000"
"100006667","BOAL00263","2.0000","1.0000","1.0000","0.0000","0.0000"
"100006667","BOAL00221","2.0000","1.0000","1.0000","0.0000","0.0000"
"100006667","BOAL00240","2.0000","1.0000","1.0000","0.0000","0.0000"
"100006668","BOAL01183-BOAL00327-BOAL00328-BOAL00329-BOAL00330","1.0000","1.0000","1.0000","0.0000","0.0000"
"100006668","BOAL00327","2.0000","1.0000","1.0000","0.0000","0.0000"
"100006668","BOAL00328","2.0000","1.0000","1.0000","0.0000","0.0000"
"100006668","BOAL00329","2.0000","1.0000","1.0000","0.0000","0.0000"
"100006668","BOAL00330","2.0000","1.0000","1.0000","0.0000","0.0000"
"100006669","BOCI00594","1.0000","1.0000","1.0000","0.0000","0.0000"
"100006670","BOVE00296","1.0000","1.0000","1.0000","0.0000","0.0000"
"100006671","BOAL00719","4.0000","4.0000","4.0000","0.0000","0.0000"
"100006671","BOAL00721","4.0000","4.0000","4.0000","0.0000","0.0000"
"100006672","BOCI00341","2.0000","0.0000","0.0000","2.0000","0.0000"
"100006672","BOAL00796","1.0000","0.0000","0.0000","1.0000","0.0000"
"100006672","BOVE00278","1.0000","0.0000","0.0000","1.0000","0.0000"
"100006672","PPAIL48303-05","1.0000","0.0000","0.0000","1.0000","0.0000"
"100006673","BOCI00341","2.0000","0.0000","0.0000","2.0000","0.0000"
"100006673","BOAL00796","1.0000","0.0000","0.0000","1.0000","0.0000"
"100006673","BOVE00278","1.0000","0.0000","0.0000","1.0000","0.0000"
"100006673","PPAIL48303-05","1.0000","0.0000","0.0000","1.0000","0.0000"
"100006674","BOCI00341","2.0000","0.0000","0.0000","2.0000","0.0000"
"100006674","BOAL00796","1.0000","0.0000","0.0000","1.0000","0.0000"
"100006674","BOVE00278","1.0000","0.0000","0.0000","1.0000","0.0000"
"100006674","PPAIL48303-05","1.0000","0.0000","0.0000","1.0000","0.0000"
"100006675","BOCI00341","2.0000","0.0000","0.0000","2.0000","0.0000"
"100006675","BOAL00796","1.0000","0.0000","0.0000","1.0000","0.0000"
"100006675","BOVE00278","1.0000","0.0000","0.0000","1.0000","0.0000"
"100006675","PPAIL48303-05","1.0000","0.0000","0.0000","1.0000","0.0000"
"100006676","BOCI00341","2.0000","2.0000","2.0000","0.0000","0.0000"
"100006676","BOAL00796","1.0000","1.0000","1.0000","0.0000","0.0000"
"100006676","BOVE00278","1.0000","1.0000","1.0000","0.0000","0.0000"
"100006676","PPAIL48303-05","1.0000","1.0000","1.0000","0.0000","0.0000"
"100006677","BOAL00246","2.0000","2.0000","2.0000","0.0000","0.0000"
"100006677","BOAL00227","2.0000","2.0000","2.0000","0.0000","0.0000"
"100006678","BOAL00927","1.0000","1.0000","1.0000","0.0000","0.0000"
"100006679","BOVE00162","2.0000","0.0000","0.0000","2.0000","0.0000"
"100006680","PCUI41473-39","1.0000","0.0000","0.0000","1.0000","0.0000"
"100006681","SDO0011059","1.0000","1.0000","1.0000","0.0000","0.0000"
"100006681","SDO0011068","1.0000","1.0000","1.0000","0.0000","0.0000"
"100006682","BOAL01063-BOAL00093-BOAL00096-BOAL00101","1.0000","1.0000","1.0000","0.0000","0.0000"
"100006682","BOAL00093","1.0000","1.0000","1.0000","0.0000","0.0000"
"100006682","BOAL00096","1.0000","1.0000","1.0000","0.0000","0.0000"
"100006682","BOAL00101","1.0000","1.0000","1.0000","0.0000","0.0000"
"100006683","ME00C113","1.0000","1.0000","1.0000","0.0000","0.0000"
"100006684","CBR0040001","1.0000","1.0000","1.0000","0.0000","0.0000"
"100006685","BOAL00716","2.0000","2.0000","2.0000","0.0000","0.0000"
"100006685","BOAL00721","1.0000","1.0000","0.0000","0.0000","1.0000"
"100006686","PPABAR0001","1.0000","1.0000","1.0000","0.0000","0.0000"
"100006687","CCS0010002","3.0000","3.0000","3.0000","0.0000","0.0000"
"100006688","ME00007","1.0000","1.0000","1.0000","0.0000","0.0000"
"100006689","CCS0010011","2.0000","2.0000","2.0000","0.0000","0.0000"
"100006690","BOVE00386","2.0000","2.0000","2.0000","0.0000","0.0000"
"100006691","BOAL00651","3.0000","3.0000","3.0000","0.0000","0.0000"
"100006691","BOAL00648","3.0000","3.0000","3.0000","0.0000","0.0000"
"100006691","BOAL00650","3.0000","3.0000","3.0000","0.0000","0.0000"
"100006691","BOAL00647","3.0000","3.0000","3.0000","0.0000","0.0000"
"100006691","BOAL00649","3.0000","3.0000","3.0000","0.0000","0.0000"
"100006691","BOAL00646","3.0000","3.0000","3.0000","0.0000","0.0000"
"100006691","BOAL00652","3.0000","3.0000","3.0000","0.0000","0.0000"
"100006691","CET0010001","3.0000","3.0000","3.0000","0.0000","0.0000"
"100006691","BOVE00082","3.0000","3.0000","3.0000","0.0000","0.0000"
"100006691","BOVE00083","3.0000","3.0000","3.0000","0.0000","0.0000"
"100006691","BOVE00084","3.0000","3.0000","3.0000","0.0000","0.0000"
"100006691","BOVE00283","2.0000","2.0000","2.0000","0.0000","0.0000"
"100006691","BOVE00284","2.0000","2.0000","2.0000","0.0000","0.0000"
"100006691","BOVE00468","1.0000","1.0000","1.0000","0.0000","0.0000"
"100006691","BOVE00321","1.0000","1.0000","1.0000","0.0000","0.0000"
"100006691","BOVE00527","2.0000","2.0000","2.0000","0.0000","0.0000"
"100006691","BOVE00616","1.0000","1.0000","1.0000","0.0000","0.0000"
"100006691","PCIS18276-00","1.0000","1.0000","1.0000","0.0000","0.0000"
"100006692","CPR0010001","1.0000","1.0000","1.0000","0.0000","0.0000"
"100006693","BOBB00051","1.0000","1.0000","1.0000","0.0000","0.0000"
"100006694","BOAL00751","1.0000","1.0000","1.0000","0.0000","0.0000"
"100006694","PEPL48280-53","1.0000","1.0000","1.0000","0.0000","0.0000"
"100006695","ME00571","1.0000","1.0000","1.0000","0.0000","0.0000"
"100006696","BCO0040055-BCO0040049-BCO0040050-BCO0040051-BCO0040052","1.0000","1.0000","1.0000","0.0000","0.0000"
"100006696","BCO0040049","2.0000","1.0000","1.0000","0.0000","0.0000"
"100006696","BCO0040050","2.0000","1.0000","1.0000","0.0000","0.0000"
"100006696","BCO0040051","2.0000","1.0000","1.0000","0.0000","0.0000"
"100006696","BCO0040052","2.0000","1.0000","1.0000","0.0000","0.0000"
"100006697","BOAL01195-BOAL00350-BOAL00355-BOAL00356-BOAL00358","1.0000","1.0000","1.0000","0.0000","0.0000"
"100006697","BOAL00350","2.0000","1.0000","1.0000","0.0000","0.0000"
"100006697","BOAL00355","2.0000","1.0000","1.0000","0.0000","0.0000"
"100006697","BOAL00356","2.0000","1.0000","1.0000","0.0000","0.0000"
"100006697","BOAL00358","2.0000","1.0000","1.0000","0.0000","0.0000"
"100006698","BOAL00926","1.0000","0.0000","0.0000","1.0000","0.0000"
"100006699","BOAL00926","1.0000","0.0000","0.0000","1.0000","0.0000"
"100006700","BOAL00926","1.0000","1.0000","1.0000","0.0000","0.0000"
"100006701","LLRMEL0122","1.0000","1.0000","1.0000","0.0000","0.0000"
"100006701","CNN0030001","1.0000","1.0000","1.0000","0.0000","0.0000"
"100006701","PMESU41604-00","1.0000","1.0000","1.0000","0.0000","0.0000"
"100006701","BOBB00064","1.0000","1.0000","1.0000","0.0000","0.0000"
"100006701","PPASS41603-00","1.0000","1.0000","1.0000","0.0000","0.0000"
"100006701","PSHAK41479-00","1.0000","1.0000","1.0000","0.0000","0.0000"
"100006701","PPABAR0002","1.0000","1.0000","1.0000","0.0000","0.0000"
"100006702","BOVE00341","1.0000","1.0000","1.0000","0.0000","0.0000"
"100006702","BOVE00355","1.0000","1.0000","1.0000","0.0000","0.0000"
"100006702","BOVE00339","1.0000","1.0000","1.0000","0.0000","0.0000"
"100006703","BOCI00300","1.0000","1.0000","1.0000","0.0000","0.0000"
"100006704","BOVE00478","2.0000","2.0000","2.0000","0.0000","0.0000"
"100006705","PTHE19709-00","1.0000","1.0000","1.0000","0.0000","0.0000"
"100006706","BOAL00772","1.0000","1.0000","1.0000","0.0000","0.0000"
"100006707","EME0010004","1.0000","1.0000","1.0000","0.0000","0.0000"
"100006708","CCS0030005","2.0000","2.0000","2.0000","0.0000","0.0000"
"100006708","CCS0010003","1.0000","1.0000","1.0000","0.0000","0.0000"
"100006709","PATT42501-15","1.0000","1.0000","1.0000","0.0000","0.0000"
"100006710","BOBB00098","1.0000","1.0000","1.0000","0.0000","0.0000"
"100006711","CCS0020001","1.0000","1.0000","1.0000","0.0000","0.0000"
"100006712","BOVE00278","4.0000","4.0000","4.0000","0.0000","0.0000"
"100006713","PPABAR0002","1.0000","1.0000","1.0000","0.0000","0.0000"
"100006714","PMOU48277-56","1.0000","0.0000","0.0000","1.0000","0.0000"
"100006714","EME0010004","1.0000","0.0000","0.0000","1.0000","0.0000"
"100006714","BOAL01224-BOAL00398-BOAL00403-BOAL00404","1.0000","0.0000","0.0000","1.0000","0.0000"
"100006714","BOAL00398","1.0000","0.0000","0.0000","0.0000","0.0000"
"100006714","BOAL00403","1.0000","0.0000","0.0000","0.0000","0.0000"
"100006714","BOAL00404","1.0000","0.0000","0.0000","0.0000","0.0000"
"100006715","PBOU44116-50","1.0000","1.0000","1.0000","0.0000","0.0000"
"100006715","PPABAR0001","1.0000","1.0000","1.0000","0.0000","0.0000"
"100006716","BOVE00615","1.0000","1.0000","1.0000","0.0000","0.0000"
"100006717","PCOU18237-26","1.0000","1.0000","1.0000","0.0000","0.0000"
"100006718","BOBB00185","1.0000","1.0000","1.0000","0.0000","0.0000"
"100006719","PGRIL41727-40","6.0000","6.0000","6.0000","0.0000","0.0000"
"100006720","CARWIB0001","1.0000","1.0000","1.0000","0.0000","0.0000"
"100006721","CBR0050001","1.0000","1.0000","1.0000","0.0000","0.0000"
"100006721","BOVE00482","1.0000","1.0000","1.0000","0.0000","0.0000"
"100006722","BOVE00034","3.0000","3.0000","3.0000","0.0000","0.0000"
"100006722","BOVE00420","1.0000","1.0000","1.0000","0.0000","0.0000"
"100006722","BOVA01191","1.0000","1.0000","1.0000","0.0000","0.0000"
"100006722","BOVA01188","2.0000","2.0000","2.0000","0.0000","0.0000"
"100006722","BOVA01189","2.0000","2.0000","2.0000","0.0000","0.0000"
"100006722","BOVA01187","3.0000","3.0000","3.0000","0.0000","0.0000"
"100006723","BOVE00354","2.0000","2.0000","2.0000","0.0000","0.0000"
"100006724","PTHE19709-00","1.0000","1.0000","1.0000","0.0000","0.0000"
"100006725","BOAL01492","1.0000","1.0000","1.0000","0.0000","0.0000"
"100006725","BOAL00422","1.0000","1.0000","1.0000","0.0000","0.0000"
"100006726","PPABAR0003","1.0000","1.0000","1.0000","0.0000","0.0000"
"100006727","BOVE00111","10.0000","10.0000","10.0000","0.0000","0.0000"
"100006728","PMESU41604-00","1.0000","1.0000","1.0000","0.0000","0.0000"
"100006729","BOVE00313","1.0000","1.0000","1.0000","0.0000","0.0000"
"100006730","PTAI48280-12","5.0000","5.0000","5.0000","0.0000","0.0000"
"100006731","BOVE00483","1.0000","1.0000","1.0000","0.0000","0.0000"
"100006732","BOVE00007","1.0000","1.0000","1.0000","0.0000","0.0000"
"100006733","BOBB00025","6.0000","6.0000","6.0000","0.0000","0.0000"
"100006734","BOVE00797-BOVE00796-BOVE00795-BOVE00794","8.0000","8.0000","8.0000","0.0000","0.0000"
"100006734","BOVE00796","8.0000","1.0000","1.0000","0.0000","0.0000"
"100006734","BOVE00795","8.0000","1.0000","1.0000","0.0000","0.0000"
"100006734","BOVE00794","8.0000","1.0000","1.0000","0.0000","0.0000"
"100006735","BOVA01199","1.0000","1.0000","1.0000","0.0000","0.0000"
"100006736","BOAL01426-BOAL00205-BOAL00259-BOAL00218-BOAL00237","2.0000","2.0000","2.0000","0.0000","0.0000"
"100006736","BOAL00205","2.0000","1.0000","1.0000","0.0000","0.0000"
"100006736","BOAL00259","2.0000","1.0000","1.0000","0.0000","0.0000"
"100006736","BOAL00218","2.0000","1.0000","1.0000","0.0000","0.0000"
"100006736","BOAL00237","2.0000","1.0000","1.0000","0.0000","0.0000"
"100006736","BOAL00186","2.0000","2.0000","2.0000","0.0000","0.0000"
"100006736","BOAL00244","2.0000","2.0000","2.0000","0.0000","0.0000"
"100006737","BOAL00188","2.0000","2.0000","2.0000","0.0000","0.0000"
"100006738","BCO0070004","1.0000","1.0000","1.0000","0.0000","0.0000"
"100006739","CCS0010005","4.0000","4.0000","4.0000","0.0000","0.0000"
"100006739","CCS0010004","2.0000","2.0000","2.0000","0.0000","0.0000"
"100006739","CCS0010002","4.0000","4.0000","4.0000","0.0000","0.0000"
"100006739","CCS0010014","4.0000","4.0000","4.0000","0.0000","0.0000"
"100006739","CCS0010003","2.0000","2.0000","2.0000","0.0000","0.0000"
"100006739","CCS0010006","2.0000","2.0000","2.0000","0.0000","0.0000"
"100006739","CCS0010008","2.0000","2.0000","2.0000","0.0000","0.0000"
"100006740","BOVA00553","2.0000","2.0000","2.0000","0.0000","0.0000"
"100006741","BOVE00309","1.0000","1.0000","1.0000","0.0000","0.0000"
"100006742","BOBB00270","2.0000","2.0000","2.0000","0.0000","0.0000"
"100006743","BOVE00170","1.0000","1.0000","1.0000","0.0000","0.0000"
"100006743","BOVE00470","1.0000","1.0000","1.0000","0.0000","0.0000"
"100006743","BOVA01215","1.0000","1.0000","1.0000","0.0000","0.0000"
"100006743","BOVA01213","2.0000","2.0000","2.0000","0.0000","0.0000"
"100006743","BOVA01214","2.0000","2.0000","0.0000","0.0000","2.0000"
"100006743","BOVA01212","2.0000","2.0000","2.0000","0.0000","0.0000"
"100006744","CBRVIV0001","1.0000","1.0000","1.0000","0.0000","0.0000"
"100006745","BOVE00503","1.0000","1.0000","1.0000","0.0000","0.0000"
"100006746","BOVE00372","1.0000","1.0000","1.0000","0.0000","0.0000"
"100006746","BOAL00704","1.0000","1.0000","1.0000","0.0000","0.0000"
"100006746","CCS0010013","1.0000","1.0000","1.0000","0.0000","0.0000"
"100006746","CCS0010002","1.0000","1.0000","1.0000","0.0000","0.0000"
"100006746","PCOU48280-10","1.0000","1.0000","1.0000","0.0000","0.0000"
"100006746","EMELUN0004","1.0000","1.0000","1.0000","0.0000","0.0000"
"100006747","BA00042","1.0000","0.0000","0.0000","1.0000","0.0000"
"100006748","BOAL01391-BOAL00208-BOAL00264-BOAL00222-BOAL00241","1.0000","0.0000","0.0000","1.0000","0.0000"
"100006748","BOAL00208","2.0000","0.0000","0.0000","0.0000","0.0000"
"100006748","BOAL00264","2.0000","0.0000","0.0000","0.0000","0.0000"
"100006748","BOAL00222","2.0000","0.0000","0.0000","0.0000","0.0000"
"100006748","BOAL00241","2.0000","0.0000","0.0000","0.0000","0.0000"
"100006749","CCS0010008","1.0000","1.0000","1.0000","0.0000","0.0000"
"100006750","BOVA01297","1.0000","1.0000","1.0000","0.0000","0.0000"
"100006751","BOAL01391-BOAL00208-BOAL00264-BOAL00222-BOAL00241","2.0000","2.0000","2.0000","0.0000","0.0000"
"100006751","BOAL00208","4.0000","1.0000","1.0000","0.0000","0.0000"
"100006751","BOAL00264","4.0000","1.0000","1.0000","0.0000","0.0000"
"100006751","BOAL00222","4.0000","1.0000","1.0000","0.0000","0.0000"
"100006751","BOAL00241","4.0000","1.0000","1.0000","0.0000","0.0000"
"100006752","ME00C113","1.0000","1.0000","1.0000","0.0000","0.0000"
"100006753","BA00042","1.0000","1.0000","1.0000","0.0000","0.0000"
"100006754","BOVE00063","2.0000","2.0000","2.0000","0.0000","0.0000"
"100006755","BOCI00619","1.0000","1.0000","1.0000","0.0000","0.0000"
"100006756","ME00C113","1.0000","1.0000","1.0000","0.0000","0.0000"
"100006757","BOVE00613","1.0000","1.0000","1.0000","0.0000","0.0000"
"100006758","BCO0040055-BCO0040049-BCO0040050-BCO0040051-BCO0040052","1.0000","1.0000","1.0000","0.0000","0.0000"
"100006758","BCO0040049","2.0000","1.0000","1.0000","0.0000","0.0000"
"100006758","BCO0040050","2.0000","1.0000","1.0000","0.0000","0.0000"
"100006758","BCO0040051","2.0000","1.0000","1.0000","0.0000","0.0000"
"100006758","BCO0040052","2.0000","1.0000","1.0000","0.0000","0.0000"
"100006759","BOVE00764","6.0000","6.0000","6.0000","0.0000","0.0000"
"100006760","CBR0050001","4.0000","4.0000","4.0000","0.0000","0.0000"
"100006761","CBR0050001","1.0000","1.0000","1.0000","0.0000","0.0000"
"100006762","BOBB00106","1.0000","1.0000","1.0000","0.0000","0.0000"
"100006762","PPOM41499-00","1.0000","1.0000","1.0000","0.0000","0.0000"
"100006763","PHAC48280-20","1.0000","1.0000","1.0000","0.0000","0.0000"
"100006764","FFEDIM0001","1.0000","1.0000","1.0000","0.0000","0.0000"
"100006765","BOBB00038","1.0000","1.0000","1.0000","0.0000","0.0000"
"100006766","BOVE00445","1.0000","1.0000","1.0000","0.0000","0.0000"
"100006767","BOAL01182-BOAL00327-BOAL00328-BOAL00329-BOAL00330","1.0000","1.0000","1.0000","0.0000","0.0000"
"100006767","BOAL00327","1.0000","1.0000","1.0000","0.0000","0.0000"
"100006767","BOAL00328","1.0000","1.0000","1.0000","0.0000","0.0000"
"100006767","BOAL00329","1.0000","1.0000","1.0000","0.0000","0.0000"
"100006767","BOAL00330","1.0000","1.0000","1.0000","0.0000","0.0000"
"100006768","BOVE00117","1.0000","1.0000","1.0000","0.0000","0.0000"
"100006769","CBR0050001","2.0000","2.0000","2.0000","0.0000","0.0000"
"100006770","ME00245","1.0000","0.0000","0.0000","1.0000","0.0000"
"100006771","ME00245","1.0000","0.0000","0.0000","1.0000","0.0000"
"100006772","BOVE00112","1.0000","1.0000","1.0000","0.0000","0.0000"
"100006773","PGRIL41727-30","6.0000","6.0000","6.0000","0.0000","0.0000"
"100006774","BOBB00084","1.0000","1.0000","1.0000","0.0000","0.0000"
"100006775","LLRBAL0076","2.0000","2.0000","2.0000","0.0000","0.0000"
"100006776","BOVE00111","3.0000","3.0000","3.0000","0.0000","0.0000"
"100006777","PPABAR0002","1.0000","1.0000","1.0000","0.0000","0.0000"
"100006778","BOAL01195-BOAL00350-BOAL00355-BOAL00356-BOAL00358","1.0000","1.0000","1.0000","0.0000","0.0000"
"100006778","BOAL00350","2.0000","1.0000","1.0000","0.0000","0.0000"
"100006778","BOAL00355","2.0000","1.0000","1.0000","0.0000","0.0000"
"100006778","BOAL00356","2.0000","1.0000","1.0000","0.0000","0.0000"
"100006778","BOAL00358","2.0000","1.0000","1.0000","0.0000","0.0000"
"100006779","BOVE00143","1.0000","1.0000","1.0000","0.0000","0.0000"
"100006780","BOVE00352","4.0000","4.0000","4.0000","0.0000","0.0000"
"100006781","PSAU47022-12","1.0000","1.0000","1.0000","0.0000","0.0000"
"100006782","ME00C51","1.0000","1.0000","1.0000","0.0000","0.0000"
"100006783","BOVE00339","2.0000","2.0000","2.0000","0.0000","0.0000"
"100006783","BOVE00497","1.0000","1.0000","1.0000","0.0000","0.0000"
"100006784","PCOF41498-01","1.0000","1.0000","1.0000","0.0000","0.0000"
"100006785","BOVE00110","7.0000","0.0000","0.0000","7.0000","0.0000"
"100006785","BOVE00108","3.0000","0.0000","0.0000","3.0000","0.0000"
"100006786","BOVA01199","3.0000","3.0000","3.0000","0.0000","0.0000"
"100006786","BOVA01198","2.0000","2.0000","2.0000","0.0000","0.0000"
"100006786","BOCI00413","1.0000","1.0000","1.0000","0.0000","0.0000"
"100006786","BOVE00379","1.0000","1.0000","1.0000","0.0000","0.0000"
"100006787","BOBB00207","1.0000","1.0000","1.0000","0.0000","0.0000"
"100006788","BGD0010003","2.0000","2.0000","2.0000","0.0000","0.0000"
"100006789","BOAL00225","3.0000","3.0000","3.0000","0.0000","0.0000"
"100006790","BGDCAS015-BGDCAS006-BGDCAS001-BGDCAS009-BGDCAS004-BGDCAS003-BGDCAS008","1.0000","1.0000","1.0000","0.0000","0.0000"
"100006790","BGDCAS006","2.0000","1.0000","1.0000","0.0000","0.0000"
"100006790","BGDCAS001","2.0000","1.0000","1.0000","0.0000","0.0000"
"100006790","BGDCAS009","2.0000","1.0000","1.0000","0.0000","0.0000"
"100006790","BGDCAS004","2.0000","1.0000","1.0000","0.0000","0.0000"
"100006790","BGDCAS003","2.0000","1.0000","1.0000","0.0000","0.0000"
"100006790","BGDCAS008","2.0000","1.0000","1.0000","0.0000","0.0000"
"100006790","ME00233","1.0000","1.0000","1.0000","0.0000","0.0000"
"100006790","BOVE00290","1.0000","1.0000","1.0000","0.0000","0.0000"
"100006791","VOL00001","8.0000","8.0000","8.0000","0.0000","0.0000"
"100006792","VOL00001","4.0000","4.0000","4.0000","0.0000","0.0000"
"300000058","BOVE00311","2.0000","2.0000","2.0000","0.0000","0.0000"
"300000058","BOVE00312","2.0000","2.0000","2.0000","0.0000","0.0000"
"300000058","BOVE00313","2.0000","2.0000","2.0000","0.0000","0.0000"
"100006793","BOVE00313","1.0000","1.0000","1.0000","0.0000","0.0000"
"100006794","BCO0030045-BCO0030033-BCO0030032-BCO0030034-BCO0030035","1.0000","1.0000","1.0000","0.0000","0.0000"
"100006794","BCO0030033","2.0000","1.0000","1.0000","0.0000","0.0000"
"100006794","BCO0030032","2.0000","1.0000","1.0000","0.0000","0.0000"
"100006794","BCO0030034","2.0000","1.0000","1.0000","0.0000","0.0000"
"100006794","BCO0030035","2.0000","1.0000","1.0000","0.0000","0.0000"
"100006795","BOVE00311","1.0000","1.0000","1.0000","0.0000","0.0000"
"100006796","BOAL01457-BOAL00656-BOAL00661-BOAL00662-BOAL00663","1.0000","1.0000","1.0000","0.0000","0.0000"
"100006796","BOAL00656","2.0000","1.0000","1.0000","0.0000","0.0000"
"100006796","BOAL00661","2.0000","1.0000","1.0000","0.0000","0.0000"
"100006796","BOAL00662","2.0000","1.0000","1.0000","0.0000","0.0000"
"100006796","BOAL00663","2.0000","1.0000","1.0000","0.0000","0.0000"
"100006797","BOAL00695","2.0000","2.0000","2.0000","0.0000","0.0000"
"100006798","ME00C51","1.0000","1.0000","1.0000","0.0000","0.0000"
"100006798","BCO0010013-BCO0010004-BCO0010001-BCO0010002-BCO0010003","1.0000","1.0000","1.0000","0.0000","0.0000"
"100006798","BCO0010004","2.0000","1.0000","1.0000","0.0000","0.0000"
"100006798","BCO0010001","2.0000","1.0000","1.0000","0.0000","0.0000"
"100006798","BCO0010002","2.0000","1.0000","1.0000","0.0000","0.0000"
"100006798","BCO0010003","2.0000","1.0000","1.0000","0.0000","0.0000"
"100006799","CBR0010001","1.0000","0.0000","0.0000","1.0000","0.0000"
"100006800","CBR0010001","1.0000","0.0000","0.0000","1.0000","0.0000"
"100006801","BOVE00112","2.0000","2.0000","2.0000","0.0000","0.0000"
"100006801","BOVE00111","2.0000","2.0000","2.0000","0.0000","0.0000"
"300000059","CCS0010014","4.0000","4.0000","4.0000","0.0000","0.0000"
"300000059","CCS0010015","4.0000","4.0000","4.0000","0.0000","0.0000"
"100006802","PCOU48280-23","1.0000","1.0000","1.0000","0.0000","0.0000"
"100006803","CBR0050001","1.0000","0.0000","0.0000","1.0000","0.0000"
"100006804","BOVE00394","1.0000","1.0000","1.0000","0.0000","0.0000"
"100006805","BOAL00356","1.0000","1.0000","1.0000","0.0000","0.0000"
"100006806","BOVE00110","2.0000","2.0000","2.0000","0.0000","0.0000"
"100006807","LLRVEN0089","1.0000","1.0000","1.0000","0.0000","0.0000"
"100006808","CBR0010001","2.0000","0.0000","0.0000","2.0000","0.0000"
"100006809","CBR0010001","2.0000","2.0000","2.0000","0.0000","0.0000"
"100006810","BOVE00394","1.0000","1.0000","1.0000","0.0000","0.0000"
"100006810","LLRABE0015","2.0000","2.0000","2.0000","0.0000","0.0000"
"100006811","PFER47846-07","1.0000","0.0000","0.0000","1.0000","0.0000"
"100006812","BOVE00108","1.0000","1.0000","1.0000","0.0000","0.0000"
"100006813","BOVE00537","1.0000","1.0000","1.0000","0.0000","0.0000"
"100006813","BOVE00520","1.0000","1.0000","1.0000","0.0000","0.0000"
"100006814","BOBB00270","1.0000","0.0000","0.0000","1.0000","0.0000"
"100006815","BOBB00073","1.0000","1.0000","1.0000","0.0000","0.0000"
"100006815","PTAI48280-12","1.0000","1.0000","1.0000","0.0000","0.0000"
"100006816","BOCI00544","1.0000","1.0000","1.0000","0.0000","0.0000"
"100006817","BOVE00797-BOVE00796-BOVE00795-BOVE00794","8.0000","8.0000","8.0000","0.0000","0.0000"
"100006817","BOVE00796","8.0000","1.0000","1.0000","0.0000","0.0000"
"100006817","BOVE00795","8.0000","1.0000","1.0000","0.0000","0.0000"
"100006817","BOVE00794","8.0000","1.0000","1.0000","0.0000","0.0000"
"100006818","BOBB00270","1.0000","1.0000","1.0000","0.0000","0.0000"
"100006819","CBR0040001","1.0000","1.0000","1.0000","0.0000","0.0000"
"100006820","LLRABE0021","2.0000","2.0000","2.0000","0.0000","0.0000"
"100006820","LLRABE0018","1.0000","1.0000","1.0000","0.0000","0.0000"
"100006820","LLRLIB0153","2.0000","2.0000","2.0000","0.0000","0.0000"
"100006820","LLRLIB0143","2.0000","2.0000","2.0000","0.0000","0.0000"
"100006820","LLRABE0007","2.0000","2.0000","2.0000","0.0000","0.0000"
"100006821","ME00222","1.0000","0.0000","0.0000","1.0000","0.0000"
"100006821","ME00001","1.0000","0.0000","0.0000","1.0000","0.0000"
"100006821","PMOU48277-56","1.0000","0.0000","0.0000","1.0000","0.0000"
"100006821","BOVA01473","1.0000","0.0000","0.0000","1.0000","0.0000"
"100006821","BOVA01439","1.0000","0.0000","0.0000","1.0000","0.0000"
"100006821","BOAL00260","1.0000","0.0000","0.0000","1.0000","0.0000"
"100006822","ME00489","1.0000","1.0000","1.0000","0.0000","0.0000"
"100006823","BOBB00116","1.0000","1.0000","1.0000","0.0000","0.0000"
"100006823","CCS0010013","2.0000","2.0000","2.0000","0.0000","0.0000"
"100006823","CCS0010002","2.0000","2.0000","2.0000","0.0000","0.0000"
"100006823","BOVE00372","1.0000","1.0000","1.0000","0.0000","0.0000"
"100006823","CCS0020003","1.0000","1.0000","1.0000","0.0000","0.0000"
"100006823","BOAL00418","1.0000","1.0000","1.0000","0.0000","0.0000"
"100006823","PZES48280-92","1.0000","1.0000","1.0000","0.0000","0.0000"
"100006823","ME00574","1.0000","1.0000","1.0000","0.0000","0.0000"
"100006824","ME00C51","1.0000","1.0000","1.0000","0.0000","0.0000"
"100006825","BOVE00495","1.0000","1.0000","1.0000","0.0000","0.0000"
"100006826","BOVE00391","1.0000","1.0000","1.0000","0.0000","0.0000"
"100006827","BOVE00564","2.0000","2.0000","2.0000","0.0000","0.0000"
"100006828","PTAP47689-60","1.0000","1.0000","1.0000","0.0000","0.0000"
"100006829","BOBB00013","1.0000","1.0000","1.0000","0.0000","0.0000"
"100006830","ME00C127","1.0000","1.0000","1.0000","0.0000","0.0000"
"100006831","PBOU44114-01","4.0000","0.0000","0.0000","4.0000","0.0000"
"100006832","PBOU44114-01","4.0000","0.0000","0.0000","4.0000","0.0000"
"100006833","BOAL01181-BOAL00327-BOAL00328-BOAL00329","1.0000","1.0000","1.0000","0.0000","0.0000"
"100006833","BOAL00327","1.0000","1.0000","1.0000","0.0000","0.0000"
"100006833","BOAL00328","1.0000","1.0000","1.0000","0.0000","0.0000"
"100006833","BOAL00329","1.0000","1.0000","1.0000","0.0000","0.0000"
"100006833","BOAL01457-BOAL00656-BOAL00661-BOAL00662-BOAL00663","1.0000","1.0000","1.0000","0.0000","0.0000"
"100006833","BOAL00656","2.0000","1.0000","1.0000","0.0000","0.0000"
"100006833","BOAL00661","2.0000","1.0000","1.0000","0.0000","0.0000"
"100006833","BOAL00662","2.0000","1.0000","1.0000","0.0000","0.0000"
"100006833","BOAL00663","2.0000","1.0000","1.0000","0.0000","0.0000"
"100006834","BOVE00117","1.0000","1.0000","1.0000","0.0000","0.0000"
"100006835","BOVE00394","2.0000","2.0000","2.0000","0.0000","0.0000"
"100006835","LLRABE0016","2.0000","2.0000","2.0000","0.0000","0.0000"
"100006835","BOVE00395","2.0000","2.0000","2.0000","0.0000","0.0000"
"100006836","BOBB00038","1.0000","1.0000","1.0000","0.0000","0.0000"
"100006837","ME00C127","1.0000","1.0000","1.0000","0.0000","0.0000"
"100006837","BOBB00051","1.0000","1.0000","1.0000","0.0000","1.0000"
"100006837","LLW0010001","1.0000","1.0000","1.0000","0.0000","0.0000"
"100006838","ME00C127","1.0000","1.0000","1.0000","0.0000","0.0000"
"100006838","PCOU48280-34","2.0000","2.0000","2.0000","0.0000","0.0000"
"100006838","BOCI00568","2.0000","2.0000","2.0000","0.0000","0.0000"
"100006838","BOCI00301","2.0000","2.0000","2.0000","0.0000","0.0000"
"100006838","BOCI00331","1.0000","1.0000","1.0000","0.0000","0.0000"
"100006838","BOCI00502","1.0000","1.0000","1.0000","0.0000","0.0000"
"100006838","PCOU48280-21","1.0000","1.0000","1.0000","0.0000","0.0000"
"100006838","PCOU48280-25","1.0000","1.0000","1.0000","0.0000","0.0000"
"100006838","BOCI00496","2.0000","2.0000","2.0000","0.0000","0.0000"
"100006838","BOCI00486","1.0000","1.0000","1.0000","0.0000","0.0000"
"100006838","BOCI00487","1.0000","1.0000","1.0000","0.0000","0.0000"
"100006839","BOVE00268","2.0000","2.0000","2.0000","0.0000","0.0000"
"100006840","BOVE00444","1.0000","1.0000","1.0000","0.0000","0.0000"
"100006840","LLW0010001","1.0000","1.0000","1.0000","0.0000","0.0000"
"100006840","BOAL01207-BOAL00379-BOAL00383-BOAL00385","1.0000","1.0000","1.0000","0.0000","0.0000"
"100006840","BOAL00379","1.0000","1.0000","1.0000","0.0000","0.0000"
"100006840","BOAL00383","1.0000","1.0000","1.0000","0.0000","0.0000"
"100006840","BOAL00385","1.0000","1.0000","1.0000","0.0000","0.0000"
"100006841","ME00005","6.0000","6.0000","6.0000","0.0000","0.0000"
"100006842","BOVE00196","1.0000","1.0000","1.0000","0.0000","0.0000"
"100006842","BOVE00342","2.0000","2.0000","2.0000","0.0000","0.0000"
"100006842","BOVE00490","1.0000","1.0000","1.0000","0.0000","0.0000"
"100006842","BOVE00687","1.0000","1.0000","1.0000","0.0000","0.0000"
"100006843","PRAP42569-04","1.0000","1.0000","1.0000","0.0000","0.0000"
"100006844","BOVE00074","3.0000","3.0000","3.0000","0.0000","0.0000"
"100006845","BOVE00113","6.0000","6.0000","6.0000","0.0000","0.0000"
"100006846","BOAL01226-BOAL00398-BOAL00403-BOAL00404-BOAL00406","1.0000","1.0000","1.0000","0.0000","0.0000"
"100006846","BOAL00398","2.0000","1.0000","1.0000","0.0000","0.0000"
"100006846","BOAL00403","2.0000","1.0000","1.0000","0.0000","0.0000"
"100006846","BOAL00404","2.0000","1.0000","1.0000","0.0000","0.0000"
"100006846","BOAL00406","2.0000","1.0000","1.0000","0.0000","0.0000"
"100006847","BOVE00113","3.0000","0.0000","0.0000","3.0000","0.0000"
"100006848","BOVA00449","6.0000","6.0000","6.0000","0.0000","0.0000"
"100006849","BOVE00113","3.0000","0.0000","0.0000","3.0000","0.0000"
"100006850","BOVE00113","3.0000","3.0000","3.0000","0.0000","0.0000"
"100006851","BOBB00050","1.0000","1.0000","1.0000","0.0000","0.0000"
"100006852","BOVE00341","3.0000","3.0000","3.0000","0.0000","0.0000"
"100006853","BOBB00106","1.0000","1.0000","1.0000","0.0000","0.0000"
"100006853","PCRA48277-70","1.0000","1.0000","1.0000","0.0000","0.0000"
"100006854","BOBB00038","1.0000","1.0000","1.0000","0.0000","0.0000"
"100006855","LLRBOR0118","1.0000","1.0000","1.0000","0.0000","0.0000"
"100006855","LLRBOR0119","1.0000","1.0000","1.0000","0.0000","0.0000"
"100006856","PMOU42930S00","1.0000","1.0000","1.0000","0.0000","0.0000"
"100006856","PMOU42930P00","1.0000","1.0000","1.0000","0.0000","0.0000"
"100006857","BOAL01270-BOAL00478-BOAL00482-BOAL00484-BOAL00486","1.0000","1.0000","1.0000","0.0000","0.0000"
"100006857","BOAL00478","1.0000","1.0000","1.0000","0.0000","0.0000"
"100006857","BOAL00482","1.0000","1.0000","1.0000","0.0000","0.0000"
"100006857","BOAL00484","1.0000","1.0000","1.0000","0.0000","0.0000"
"100006857","BOAL00486","1.0000","1.0000","1.0000","0.0000","0.0000"
"100006858","PBAT48277-58","1.0000","1.0000","0.0000","0.0000","1.0000"
"100006859","PBAT48277-58","1.0000","0.0000","0.0000","1.0000","0.0000"
"100006860","PBAT48277-58","1.0000","1.0000","0.0000","0.0000","1.0000"
"100006861","PBAT48277-58","1.0000","0.0000","0.0000","1.0000","0.0000"
"100006862","PBAT48277-58","1.0000","0.0000","0.0000","1.0000","0.0000"
"100006863","PBAT48277-58","1.0000","0.0000","0.0000","1.0000","0.0000"
"100006864","PBAT48277-58","1.0000","0.0000","0.0000","1.0000","0.0000"
"100006865","PBAT48277-58","1.0000","0.0000","0.0000","1.0000","0.0000"
"100006866","PBAT48277-58","1.0000","0.0000","0.0000","1.0000","0.0000"
"100006867","PBAT48277-58","1.0000","0.0000","0.0000","1.0000","0.0000"
"100006868","PBAT48277-58","1.0000","0.0000","0.0000","1.0000","0.0000"
"100006869","PBAT48277-58","1.0000","0.0000","0.0000","1.0000","0.0000"
"100006870","PBAT48277-58","1.0000","0.0000","0.0000","1.0000","0.0000"
"100006871","PBAT48277-58","1.0000","0.0000","0.0000","1.0000","0.0000"
"100006872","BOAL00892","12.0000","0.0000","0.0000","12.0000","0.0000"
"100006873","PBAT48277-58","1.0000","0.0000","0.0000","1.0000","0.0000"
"100006874","PBAT48277-58","1.0000","0.0000","0.0000","1.0000","0.0000"
"100006875","PBAT48277-58","1.0000","0.0000","0.0000","1.0000","0.0000"
"100006876","PBAT48277-58","1.0000","0.0000","0.0000","1.0000","0.0000"
"100006877","PBAT48277-58","1.0000","0.0000","0.0000","1.0000","0.0000"
"100006878","PBAT48277-58","1.0000","0.0000","0.0000","1.0000","0.0000"
"100006879","PBAT48277-58","1.0000","0.0000","0.0000","1.0000","0.0000"
"100006880","BOVE00313","3.0000","3.0000","3.0000","0.0000","0.0000"
"100006881","PBAT48277-58","1.0000","0.0000","0.0000","1.0000","0.0000"
"100006882","PBAT48277-58","1.0000","0.0000","0.0000","1.0000","0.0000"
"100006883","BOAL00656","2.0000","2.0000","2.0000","0.0000","0.0000"
"100006883","BOAL00657","2.0000","2.0000","2.0000","0.0000","0.0000"
"100006883","BOAL00661","2.0000","2.0000","2.0000","0.0000","0.0000"
"100006883","BOAL00663","2.0000","2.0000","2.0000","0.0000","0.0000"
"100006883","BOAL01502","2.0000","2.0000","2.0000","0.0000","0.0000"
"100006884","PCOU48280-37","2.0000","2.0000","2.0000","0.0000","0.0000"
"100006885","BOBB00028","2.0000","2.0000","2.0000","0.0000","0.0000"
"100006886","BAR0110001","2.0000","2.0000","2.0000","0.0000","0.0000"
"100006887","BOVA01431","4.0000","4.0000","4.0000","0.0000","0.0000"
"100006887","BOVA01434","4.0000","4.0000","4.0000","0.0000","0.0000"
"100006888","PTHE49715-00","1.0000","1.0000","1.0000","0.0000","0.0000"
"100006889","BOAL00257","2.0000","2.0000","2.0000","0.0000","0.0000"
"100006890","LLRMIS0093","1.0000","1.0000","1.0000","0.0000","0.0000"
"100006891","BOBB00038","1.0000","1.0000","1.0000","0.0000","0.0000"
"100006892","VOL00111","1.0000","0.0000","0.0000","1.0000","0.0000"
"100006892","VOL00119","1.0000","0.0000","0.0000","1.0000","0.0000"
"100006892","BOBB00042","1.0000","0.0000","0.0000","1.0000","0.0000"
"100006892","BOBB00147","1.0000","0.0000","0.0000","1.0000","0.0000"
"100006893","VOL00111","1.0000","1.0000","1.0000","0.0000","0.0000"
"100006893","VOL00119","1.0000","1.0000","1.0000","0.0000","0.0000"
"100006893","BOBB00042","1.0000","1.0000","1.0000","0.0000","0.0000"
"100006893","BOBB00147","1.0000","1.0000","1.0000","0.0000","0.0000"
"100006894","BOVE00068","2.0000","2.0000","2.0000","0.0000","0.0000"
"100006894","BOVE00069","2.0000","2.0000","2.0000","0.0000","0.0000"
"100006894","BOVE00072","2.0000","2.0000","2.0000","0.0000","0.0000"
"200000045","BOVE00034","3.0000","3.0000","3.0000","0.0000","0.0000"
"200000045","CCS0010006","6.0000","6.0000","6.0000","0.0000","0.0000"
"200000045","BOCI00588","1.0000","1.0000","1.0000","0.0000","0.0000"
"200000045","BOAL00753","10.0000","10.0000","10.0000","0.0000","0.0000"
"200000045","BOCI00514","1.0000","1.0000","1.0000","0.0000","0.0000"
"100006895","BOAL00720","4.0000","4.0000","4.0000","0.0000","0.0000"
"100006896","CBR0050001","1.0000","0.0000","0.0000","1.0000","0.0000"
"100006897","BOBB00108","1.0000","1.0000","1.0000","0.0000","0.0000"
"100006897","BOAL00423","1.0000","1.0000","1.0000","0.0000","0.0000"
"100006897","VOL00049","1.0000","1.0000","1.0000","0.0000","0.0000"
"100006897","VOL00051","1.0000","1.0000","1.0000","0.0000","0.0000"
"100006898","CBR0050001","1.0000","0.0000","0.0000","1.0000","0.0000"
"100006899","CBR0050001","1.0000","0.0000","0.0000","1.0000","0.0000"
"100006900","CBR0050001","1.0000","0.0000","0.0000","1.0000","0.0000"
"100006901","CBR0050001","1.0000","0.0000","0.0000","1.0000","0.0000"
"100006902","CBR0050001","1.0000","0.0000","0.0000","1.0000","0.0000"
"100006903","CBR0050001","1.0000","0.0000","0.0000","1.0000","0.0000"
"100006904","CBR0050001","1.0000","0.0000","0.0000","1.0000","0.0000"
"100006905","CBR0050001","1.0000","0.0000","0.0000","1.0000","0.0000"
"100006906","CBR0050001","1.0000","0.0000","0.0000","1.0000","0.0000"
"100006907","CBR0050001","1.0000","0.0000","0.0000","1.0000","0.0000"
"100006908","CBR0050001","1.0000","0.0000","0.0000","1.0000","0.0000"
"100006909","CBR0050001","1.0000","0.0000","0.0000","1.0000","0.0000"
"100006910","BOAL00660","2.0000","2.0000","2.0000","0.0000","0.0000"
"100006910","BOAL00658","2.0000","2.0000","2.0000","0.0000","0.0000"
"100006910","BOAL00662","2.0000","2.0000","2.0000","0.0000","0.0000"
"100006910","BOAL00664","2.0000","2.0000","2.0000","0.0000","0.0000"
"100006910","BOAL01503","2.0000","2.0000","2.0000","0.0000","0.0000"
"100006911","BOVE00110","7.0000","7.0000","7.0000","0.0000","0.0000"
"100006911","BOVE00108","3.0000","3.0000","3.0000","0.0000","0.0000"
"100006912","CBR0050001","2.0000","2.0000","2.0000","0.0000","0.0000"
"100006913","FFEDIM0004","1.0000","1.0000","1.0000","0.0000","0.0000"
"100006913","FFE0060009","1.0000","1.0000","1.0000","0.0000","0.0000"
"100006914","LLRBUB0132","1.0000","1.0000","1.0000","0.0000","0.0000"
"100006915","BOVE00386","1.0000","1.0000","1.0000","0.0000","0.0000"
"100006916","BOVE00505","3.0000","3.0000","3.0000","0.0000","0.0000"
"100006917","CBR0050001","1.0000","0.0000","0.0000","1.0000","0.0000"
"100006918","BOVE00503","1.0000","1.0000","1.0000","0.0000","0.0000"
"100006919","BOVE00359","1.0000","1.0000","1.0000","0.0000","0.0000"
"100006920","LLRPER0061","2.0000","2.0000","2.0000","0.0000","0.0000"
"100006920","LLRPER0063","2.0000","2.0000","2.0000","0.0000","0.0000"
"100006920","LLRPER0060","2.0000","2.0000","2.0000","0.0000","0.0000"
"100006921","BOAL00764","1.0000","1.0000","1.0000","0.0000","0.0000"
"100006922","PFLE47742-01","2.0000","2.0000","2.0000","0.0000","0.0000"
"100006923","BOAL01226-BOAL00398-BOAL00403-BOAL00404-BOAL00406","1.0000","1.0000","1.0000","0.0000","0.0000"
"100006923","BOAL00398","2.0000","1.0000","1.0000","0.0000","0.0000"
"100006923","BOAL00403","2.0000","1.0000","1.0000","0.0000","0.0000"
"100006923","BOAL00404","2.0000","1.0000","1.0000","0.0000","0.0000"
"100006923","BOAL00406","2.0000","1.0000","1.0000","0.0000","0.0000"
"100006924","PCOU48280-23","3.0000","0.0000","0.0000","3.0000","0.0000"
"100006925","PCOU48280-23","3.0000","3.0000","3.0000","0.0000","0.0000"
"100006926","BOVE00772","2.0000","2.0000","2.0000","0.0000","0.0000"
"100006926","BOVE00776","2.0000","2.0000","2.0000","0.0000","0.0000"
"100006926","BOVE00771","2.0000","2.0000","2.0000","0.0000","0.0000"
"100006926","BOVE00773","2.0000","2.0000","2.0000","0.0000","0.0000"
"100006927","CCS0010002","16.0000","16.0000","16.0000","0.0000","0.0000"
"100006927","PPABAR0001","1.0000","1.0000","1.0000","0.0000","0.0000"
"100006928","PPIN48240-00","10.0000","10.0000","10.0000","0.0000","0.0000"
"100006929","BOBB00118","1.0000","1.0000","1.0000","0.0000","0.0000"
"100006930","CDB0010001","1.0000","1.0000","1.0000","0.0000","0.0000"
"100006931","BOCI00580","1.0000","1.0000","1.0000","0.0000","0.0000"
"100006931","BOCI00581","1.0000","1.0000","1.0000","0.0000","0.0000"
"100006931","BOCI00738","1.0000","1.0000","1.0000","0.0000","0.0000"
"100006932","BOVE00679","4.0000","4.0000","4.0000","0.0000","0.0000"
"100006933","BOVE00622","1.0000","1.0000","1.0000","0.0000","0.0000"
"100006934","BOAL00322","1.0000","1.0000","1.0000","0.0000","0.0000"
"100006934","BOAL00319","1.0000","1.0000","1.0000","0.0000","0.0000"
"100006934","BOAL00324","1.0000","1.0000","1.0000","0.0000","0.0000"
"100006934","BOAL00323","1.0000","1.0000","1.0000","0.0000","0.0000"
"100006935","BOAL01186-BOAL00340-BOAL00343-BOAL00347-BOAL00349","1.0000","1.0000","1.0000","0.0000","0.0000"
"100006935","BOAL00340","2.0000","1.0000","1.0000","0.0000","0.0000"
"100006935","BOAL00343","2.0000","1.0000","1.0000","0.0000","0.0000"
"100006935","BOAL00347","2.0000","1.0000","1.0000","0.0000","0.0000"
"100006935","BOAL00349","2.0000","1.0000","1.0000","0.0000","0.0000"
"100006935","PGRIL41727-33","2.0000","2.0000","2.0000","0.0000","0.0000"
"100006936","EME0020004","2.0000","2.0000","2.0000","0.0000","0.0000"
"100006937","BOVE00503","1.0000","1.0000","1.0000","0.0000","0.0000"
"100006938","ME00C127","1.0000","1.0000","1.0000","0.0000","0.0000"
"100006939","CCS0010008","6.0000","6.0000","6.0000","0.0000","0.0000"
"100006939","LLRVEN0088","1.0000","1.0000","1.0000","0.0000","0.0000"
"100006940","ME00C113","1.0000","1.0000","1.0000","0.0000","0.0000"
"100006941","PPIN48240-00","6.0000","0.0000","0.0000","6.0000","0.0000"
"100006942","PGRIL41727-33","2.0000","2.0000","2.0000","0.0000","0.0000"
"100006942","PGRIL41727-36","1.0000","1.0000","1.0000","0.0000","0.0000"
"100006943","BOAL01173-BOAL00317-BOAL00321-BOAL00323-BOAL00325","1.0000","1.0000","1.0000","0.0000","0.0000"
"100006943","BOAL00317","1.0000","1.0000","1.0000","0.0000","0.0000"
"100006943","BOAL00321","1.0000","1.0000","1.0000","0.0000","0.0000"
"100006943","BOAL00323","1.0000","1.0000","1.0000","0.0000","0.0000"
"100006943","BOAL00325","1.0000","1.0000","1.0000","0.0000","0.0000"
"100006944","BOVE00208","1.0000","1.0000","1.0000","0.0000","0.0000"
"100006945","BOVE00296","1.0000","1.0000","1.0000","0.0000","0.0000"
"100006946","CNNPLA0030","1.0000","1.0000","1.0000","0.0000","0.0000"
"100006947","BOVA00060","1.0000","1.0000","1.0000","0.0000","0.0000"
"100006948","PFLE47780-06","1.0000","1.0000","1.0000","0.0000","0.0000"
"100006949","BOAL00662","2.0000","2.0000","2.0000","0.0000","0.0000"
"100006949","BOAL01503","2.0000","2.0000","2.0000","0.0000","0.0000"
"100006950","BOBB00028","4.0000","4.0000","4.0000","0.0000","0.0000"
"100006950","BOBB00032","4.0000","4.0000","4.0000","0.0000","0.0000"
"100006950","CIT0020001","1.0000","1.0000","1.0000","0.0000","0.0000"
"100006950","BOBB00047","1.0000","1.0000","1.0000","0.0000","0.0000"
"100006951","LLRLYO0042","1.0000","1.0000","1.0000","0.0000","0.0000"
"100006951","SDO0028011","1.0000","1.0000","1.0000","0.0000","0.0000"
"100006951","SDO0011045","1.0000","1.0000","1.0000","0.0000","0.0000"
"100006951","SDO0011062","1.0000","1.0000","1.0000","0.0000","0.0000"
"100006951","BOVE00554","1.0000","1.0000","1.0000","0.0000","0.0000"
"100006951","LLRBUB0132","1.0000","1.0000","1.0000","0.0000","0.0000"
"100006951","LLRMIS0092","1.0000","1.0000","1.0000","0.0000","0.0000"
"100006951","PFLE47742-54","1.0000","1.0000","1.0000","0.0000","0.0000"
"100006951","CBR0010004","1.0000","1.0000","1.0000","0.0000","0.0000"
"100006951","CBR0010005","1.0000","1.0000","1.0000","0.0000","0.0000"
"100006951","CARPIC0001","1.0000","1.0000","1.0000","0.0000","0.0000"
"100006951","BOCI00742","1.0000","1.0000","1.0000","0.0000","0.0000"
"100006951","EMELUN0001","1.0000","1.0000","1.0000","0.0000","0.0000"
"100006952","BOAL00698","1.0000","1.0000","1.0000","0.0000","0.0000"
"100006953","PPIN48240-00","4.0000","4.0000","4.0000","0.0000","0.0000"
"100006954","PSHAK41481-03","1.0000","1.0000","1.0000","0.0000","1.0000"
"100006955","BOVE00220","2.0000","2.0000","2.0000","0.0000","0.0000"
"100006956","BOVE00537","1.0000","1.0000","1.0000","0.0000","0.0000"
"100006957","BOAL00946","3.0000","3.0000","3.0000","0.0000","0.0000"
"100006958","ME00513-ME00030-ME00031-ME00032-ME00039-ME00034-ME00035-ME00041-ME00042-ME00047","1.0000","1.0000","1.0000","0.0000","0.0000"
"100006958","ME00030","2.0000","1.0000","1.0000","0.0000","0.0000"
"100006958","ME00031","2.0000","1.0000","1.0000","0.0000","0.0000"
"100006958","ME00032","2.0000","1.0000","1.0000","0.0000","0.0000"
"100006958","ME00039","2.0000","1.0000","1.0000","0.0000","0.0000"
"100006958","ME00034","2.0000","1.0000","1.0000","0.0000","0.0000"
"100006958","ME00035","2.0000","1.0000","1.0000","0.0000","0.0000"
"100006958","ME00041","1.0000","1.0000","1.0000","0.0000","0.0000"
"100006958","ME00042","1.0000","1.0000","1.0000","0.0000","0.0000"
"100006958","ME00047","1.0000","1.0000","1.0000","0.0000","0.0000"
"100006958","ME00069","1.0000","1.0000","1.0000","0.0000","0.0000"
"100006959","CCS0010014","8.0000","8.0000","8.0000","0.0000","0.0000"
"100006960","BCO0010013-BCO0010004-BCO0010001-BCO0010002-BCO0010003","1.0000","1.0000","1.0000","0.0000","0.0000"
"100006960","BCO0010004","2.0000","1.0000","1.0000","0.0000","0.0000"
"100006960","BCO0010001","2.0000","1.0000","1.0000","0.0000","0.0000"
"100006960","BCO0010002","2.0000","1.0000","1.0000","0.0000","0.0000"
"100006960","BCO0010003","2.0000","1.0000","1.0000","0.0000","0.0000"
"100006960","PCOR41629-17","1.0000","1.0000","1.0000","0.0000","0.0000"
"100006961","BOVE00615","1.0000","0.0000","0.0000","1.0000","0.0000"
"100006962","BOAL01270-BOAL00478-BOAL00482-BOAL00484-BOAL00486","1.0000","1.0000","1.0000","0.0000","0.0000"
"100006962","BOAL00478","1.0000","1.0000","1.0000","0.0000","0.0000"
"100006962","BOAL00482","1.0000","1.0000","1.0000","0.0000","0.0000"
"100006962","BOAL00484","1.0000","1.0000","1.0000","0.0000","0.0000"
"100006962","BOAL00486","1.0000","1.0000","1.0000","0.0000","0.0000"
"100006963","CZITUB0021","8.0000","8.0000","8.0000","0.0000","0.0000"
"100006964","BGDCAS001","1.0000","1.0000","1.0000","0.0000","0.0000"
"100006965","BOVA01528","4.0000","4.0000","4.0000","0.0000","0.0000"
"100006966","ME00005","6.0000","6.0000","6.0000","0.0000","0.0000"
"100006967","BOVE00065","1.0000","1.0000","1.0000","0.0000","0.0000"
"100006967","BOVE00109","1.0000","1.0000","1.0000","0.0000","0.0000"
"100006967","BOVE00287","1.0000","1.0000","1.0000","0.0000","0.0000"
"100006967","BOVE00113","1.0000","1.0000","1.0000","0.0000","0.0000"
"100006968","BOVE00503","3.0000","3.0000","3.0000","0.0000","0.0000"
"100006969","BOVE00290","1.0000","1.0000","1.0000","0.0000","0.0000"
"100006969","BOVE00342","2.0000","2.0000","2.0000","0.0000","0.0000"
"100006970","CBR0050001","1.0000","0.0000","0.0000","1.0000","0.0000"
"100006971","BOVE00542","1.0000","1.0000","1.0000","0.0000","0.0000"
"100006972","BOAL01182-BOAL00327-BOAL00328-BOAL00329-BOAL00330","3.0000","3.0000","0.0000","0.0000","3.0000"
"100006972","BOAL00327","3.0000","1.0000","0.0000","0.0000","1.0000"
"100006972","BOAL00328","3.0000","1.0000","0.0000","0.0000","1.0000"
"100006972","BOAL00329","3.0000","1.0000","0.0000","0.0000","1.0000"
"100006972","BOAL00330","3.0000","1.0000","0.0000","0.0000","1.0000"
"100006973","BOVE00142","1.0000","1.0000","1.0000","0.0000","0.0000"
"100006974","CBR0050001","1.0000","1.0000","1.0000","0.0000","0.0000"
"100006975","BCO0070013-BCO0070001-BCO0070002-BCO0070003-BCO0070004","1.0000","1.0000","1.0000","0.0000","0.0000"
"100006975","BCO0070001","2.0000","1.0000","1.0000","0.0000","0.0000"
"100006975","BCO0070002","2.0000","1.0000","1.0000","0.0000","0.0000"
"100006975","BCO0070003","2.0000","1.0000","1.0000","0.0000","0.0000"
"100006975","BCO0070004","2.0000","1.0000","1.0000","0.0000","0.0000"
"100006976","LLRBEU0054-LLRBEU0025-LLRBEU0053","1.0000","1.0000","1.0000","0.0000","0.0000"
"100006976","LLRBEU0025","1.0000","1.0000","1.0000","0.0000","0.0000"
"100006976","LLRBEU0053","1.0000","1.0000","1.0000","0.0000","0.0000"
"100006977","BOVE00114","1.0000","1.0000","1.0000","0.0000","0.0000"
"100006978","BOAL00710","7.0000","7.0000","7.0000","0.0000","0.0000"
"100006979","PBOU44116-50","1.0000","1.0000","1.0000","0.0000","0.0000"
"100006979","BOBB00301","2.0000","2.0000","2.0000","0.0000","0.0000"
"100006979","BOBB00302","1.0000","1.0000","1.0000","0.0000","0.0000"
"100006979","BOVE01301","1.0000","1.0000","1.0000","0.0000","0.0000"
"100006980","BOAL00179","1.0000","1.0000","1.0000","0.0000","0.0000"
"100006981","BOVE00296","1.0000","1.0000","1.0000","0.0000","0.0000"
"100006982","PFLE47742-57","2.0000","0.0000","0.0000","2.0000","0.0000"
"100006983","BOVA01191","1.0000","1.0000","1.0000","0.0000","0.0000"
"100006983","BOVE00100","1.0000","1.0000","1.0000","0.0000","0.0000"
"100006983","BOBB00238","1.0000","1.0000","1.0000","0.0000","0.0000"
"100006984","CCS0010002","8.0000","8.0000","8.0000","0.0000","0.0000"
"100006985","BOVE00296","1.0000","1.0000","1.0000","0.0000","0.0000"
"100006986","BOAL00792","50.0000","0.0000","0.0000","50.0000","0.0000"
"100006987","BOAL00792","50.0000","50.0000","50.0000","0.0000","0.0000"
"100006988","BOAL01183-BOAL00327-BOAL00328-BOAL00329-BOAL00330","1.0000","1.0000","1.0000","0.0000","0.0000"
"100006988","BOAL00327","2.0000","1.0000","1.0000","0.0000","0.0000"
"100006988","BOAL00328","2.0000","1.0000","1.0000","0.0000","0.0000"
"100006988","BOAL00329","2.0000","1.0000","1.0000","0.0000","0.0000"
"100006988","BOAL00330","2.0000","1.0000","1.0000","0.0000","0.0000"
"100006989","PFLE47742-01","1.0000","1.0000","1.0000","0.0000","0.0000"
"100006989","BOBB00068","1.0000","1.0000","1.0000","0.0000","0.0000"
"100006989","PCOU48280-10","1.0000","1.0000","1.0000","0.0000","0.0000"
"100006989","PCUI48280-28","1.0000","1.0000","1.0000","0.0000","0.0000"
"100006990","BOBB00117","1.0000","0.0000","0.0000","1.0000","0.0000"
"100006991","BOCI00583","1.0000","1.0000","1.0000","0.0000","0.0000"
"100006992","BOVE00783","1.0000","1.0000","1.0000","0.0000","0.0000"
"100006992","BOVE00465","1.0000","1.0000","1.0000","0.0000","0.0000"
"100006993","BOVA01417","2.0000","2.0000","2.0000","0.0000","0.0000"
"100006994","BOCI00680","1.0000","1.0000","1.0000","0.0000","1.0000"
"100006995","ME00005","1.0000","1.0000","1.0000","0.0000","0.0000"
"100006996","VOL00102","1.0000","0.0000","0.0000","1.0000","0.0000"
"100006996","VOL00098","1.0000","0.0000","0.0000","1.0000","0.0000"
"100006997","PTHE49885-02","1.0000","1.0000","1.0000","0.0000","0.0000"
"100006997","BOCI00622","1.0000","1.0000","1.0000","0.0000","0.0000"
"100006997","BOCI00502","1.0000","1.0000","1.0000","0.0000","0.0000"
"100006997","PPRES41606-00","1.0000","1.0000","1.0000","0.0000","0.0000"
"100006998","PPOT47606-50","1.0000","1.0000","1.0000","0.0000","0.0000"
"100006999","BOAL01182-BOAL00327-BOAL00328-BOAL00329-BOAL00330","1.0000","0.0000","0.0000","1.0000","0.0000"
"100006999","BOAL00327","1.0000","0.0000","0.0000","0.0000","0.0000"
"100006999","BOAL00328","1.0000","0.0000","0.0000","0.0000","0.0000"
"100006999","BOAL00329","1.0000","0.0000","0.0000","0.0000","0.0000"
"100006999","BOAL00330","1.0000","0.0000","0.0000","0.0000","0.0000"
"100007000","PROU47034-52","1.0000","1.0000","1.0000","0.0000","0.0000"
"100007001","BOVA01375","2.0000","2.0000","2.0000","0.0000","0.0000"
"100007001","BOVA01381","2.0000","2.0000","2.0000","0.0000","0.0000"
"100007001","BOVA01387","2.0000","2.0000","2.0000","0.0000","0.0000"
"100007001","BOVA01393","2.0000","2.0000","2.0000","0.0000","0.0000"
"100007001","PFOU48278-83","1.0000","1.0000","1.0000","0.0000","0.0000"
"100007001","PECU48278-88","1.0000","1.0000","1.0000","0.0000","0.0000"
"100007001","PCUI48278-89","1.0000","1.0000","1.0000","0.0000","0.0000"
"100007001","PCUI48278-81","1.0000","1.0000","1.0000","0.0000","0.0000"
"100007001","PCUI48278-82","1.0000","1.0000","1.0000","0.0000","0.0000"
"100007001","PLOU48278-84","1.0000","1.0000","1.0000","0.0000","0.0000"
"100007001","PSPA48278-85","1.0000","1.0000","1.0000","0.0000","0.0000"
"100007002","BAM0030004","3.0000","3.0000","3.0000","0.0000","0.0000"
"100007003","BOAL01226-BOAL00398-BOAL00403-BOAL00404-BOAL00406","1.0000","1.0000","1.0000","0.0000","0.0000"
"100007003","BOAL00398","2.0000","1.0000","1.0000","0.0000","0.0000"
"100007003","BOAL00403","2.0000","1.0000","1.0000","0.0000","0.0000"
"100007003","BOAL00404","2.0000","1.0000","1.0000","0.0000","0.0000"
"100007003","BOAL00406","2.0000","1.0000","1.0000","0.0000","0.0000"
"100007004","BOVE00424","2.0000","2.0000","2.0000","0.0000","0.0000"
"100007005","BOVE00109","3.0000","0.0000","0.0000","3.0000","0.0000"
"100007006","BOVE00391","1.0000","1.0000","1.0000","0.0000","0.0000"
"100007007","BOAL00328","1.0000","1.0000","1.0000","0.0000","0.0000"
"100007007","BOAL00329","1.0000","1.0000","1.0000","0.0000","0.0000"
"100007007","BOAL01182-BOAL00327-BOAL00328-BOAL00329-BOAL00330","1.0000","1.0000","1.0000","0.0000","0.0000"
"100007007","BOAL00327","1.0000","1.0000","1.0000","0.0000","0.0000"
"100007007","BOAL00328","1.0000","1.0000","1.0000","0.0000","0.0000"
"100007007","BOAL00329","1.0000","1.0000","1.0000","0.0000","0.0000"
"100007007","BOAL00330","1.0000","1.0000","1.0000","0.0000","0.0000"
"100007008","PFLE47742-04","1.0000","1.0000","1.0000","0.0000","0.0000"
"100007009","BOAL00328","3.0000","3.0000","3.0000","0.0000","0.0000"
"100007009","BOAL00330","3.0000","3.0000","3.0000","0.0000","0.0000"
"100007009","BOAL00329","3.0000","3.0000","3.0000","0.0000","0.0000"
"100007010","BOBB00047","1.0000","1.0000","1.0000","0.0000","0.0000"
"100007010","BOBB00029","3.0000","3.0000","3.0000","0.0000","0.0000"
"100007010","PSEAU44946-03","4.0000","4.0000","4.0000","0.0000","0.0000"
"100007010","BOVE00058","1.0000","1.0000","1.0000","0.0000","0.0000"
"100007010","BOVE00403","1.0000","1.0000","1.0000","0.0000","0.0000"
"100007010","BOBB00121","1.0000","1.0000","1.0000","0.0000","0.0000"
"100007010","BOAL00710","4.0000","4.0000","4.0000","0.0000","0.0000"
"100007010","BOUU00085","1.0000","1.0000","1.0000","0.0000","0.0000"
"100007011","CCS0010003","2.0000","2.0000","2.0000","0.0000","0.0000"
"100007012","BOBB00302","1.0000","1.0000","1.0000","0.0000","0.0000"
"100007012","BOBB01301","1.0000","1.0000","1.0000","0.0000","0.0000"
"100007013","BOBB00064","1.0000","1.0000","1.0000","0.0000","0.0000"
"100007014","BOAL00695","1.0000","1.0000","1.0000","0.0000","0.0000"
"100007015","BOVA00280","1.0000","1.0000","1.0000","0.0000","0.0000"
"100007016","BOVE00141","2.0000","2.0000","2.0000","0.0000","0.0000"
"100007017","BOAL01173-BOAL00317-BOAL00321-BOAL00323-BOAL00325","1.0000","1.0000","1.0000","0.0000","0.0000"
"100007017","BOAL00317","1.0000","1.0000","1.0000","0.0000","0.0000"
"100007017","BOAL00321","1.0000","1.0000","1.0000","0.0000","0.0000"
"100007017","BOAL00323","1.0000","1.0000","1.0000","0.0000","0.0000"
"100007017","BOAL00325","1.0000","1.0000","1.0000","0.0000","0.0000"
"100007018","BOAL00113","1.0000","1.0000","1.0000","0.0000","0.0000"
"100007019","BOVE00199","1.0000","1.0000","1.0000","0.0000","0.0000"
"100007019","BOVE00196","1.0000","1.0000","1.0000","0.0000","0.0000"
"100007020","BOVE00445","1.0000","1.0000","1.0000","0.0000","1.0000"
"100007021","BOVE00379","1.0000","1.0000","1.0000","0.0000","0.0000"
"100007021","BOVE00378","1.0000","1.0000","1.0000","0.0000","0.0000"
"100007022","BOAL00941","4.0000","0.0000","0.0000","4.0000","0.0000"
"100007023","PGRIL41727-36","6.0000","6.0000","6.0000","0.0000","0.0000"
"100007023","PROU18324-10","1.0000","1.0000","1.0000","0.0000","0.0000"
"100007024","BOVE00100","1.0000","1.0000","1.0000","0.0000","0.0000"
"100007024","BOVE00447","1.0000","1.0000","1.0000","0.0000","0.0000"
"100007024","BOBB00045","1.0000","1.0000","1.0000","0.0000","0.0000"
"100007024","PMESU41604-00","1.0000","1.0000","1.0000","0.0000","0.0000"
"100007024","PPABAR0002","1.0000","1.0000","1.0000","0.0000","0.0000"
"100007025","BBR0010002","1.0000","1.0000","1.0000","0.0000","0.0000"
"100007026","PFLE47742-01","1.0000","1.0000","1.0000","0.0000","0.0000"
"100007027","CNN0020001","1.0000","1.0000","1.0000","0.0000","0.0000"
"100007027","PBAR41510-05","1.0000","1.0000","1.0000","0.0000","0.0000"
"100007027","PPAIL48303-02","1.0000","1.0000","1.0000","0.0000","0.0000"
"100007028","BOAL00745","1.0000","1.0000","1.0000","0.0000","0.0000"
"100007028","VOL00083","1.0000","1.0000","1.0000","0.0000","0.0000"
"100007028","VOL00086","1.0000","1.0000","1.0000","0.0000","0.0000"
"100007029","ME00C127","1.0000","1.0000","1.0000","0.0000","0.0000"
"100007030","BOVE00510","1.0000","1.0000","1.0000","0.0000","0.0000"
"100007031","BOVE00116","2.0000","0.0000","0.0000","2.0000","0.0000"
"100007031","BOVE00117","1.0000","0.0000","0.0000","1.0000","0.0000"
"100007031","BOVE00420","1.0000","0.0000","0.0000","1.0000","0.0000"
"100007031","BOVE00324","2.0000","0.0000","0.0000","2.0000","0.0000"
"100007031","BOBB00018","1.0000","0.0000","0.0000","1.0000","0.0000"
"100007031","BOVE00556","1.0000","0.0000","0.0000","1.0000","0.0000"
"100007031","BOVE00565","1.0000","0.0000","0.0000","1.0000","0.0000"
"100007032","BOVE00646","2.0000","2.0000","2.0000","0.0000","0.0000"
"100007033","BOVE00394","2.0000","2.0000","2.0000","0.0000","0.0000"
"100007034","BOVE00722","11.0000","0.0000","0.0000","11.0000","0.0000"
"100007035","BOVE00418","1.0000","1.0000","1.0000","0.0000","0.0000"
"100007035","BOVE00422","1.0000","1.0000","1.0000","0.0000","0.0000"
"100007035","BOVA00887","8.0000","8.0000","8.0000","0.0000","0.0000"
"100007035","BOVA01085","10.0000","10.0000","10.0000","0.0000","0.0000"
"100007035","BOVA01350","6.0000","6.0000","6.0000","0.0000","0.0000"
"100007035","BOCI00449","1.0000","1.0000","1.0000","0.0000","0.0000"
"100007036","BOAL00792","22.0000","22.0000","22.0000","0.0000","0.0000"
"100007036","BOAL00799","6.0000","6.0000","6.0000","0.0000","0.0000"
"100007036","BOAL00710","6.0000","6.0000","6.0000","0.0000","0.0000"
"100007036","BOVE00469","1.0000","1.0000","1.0000","0.0000","0.0000"
"100007036","BOAL00759","2.0000","2.0000","2.0000","0.0000","0.0000"
"100007036","ME00216","1.0000","1.0000","1.0000","0.0000","0.0000"
"100007037","BOVA01455","1.0000","1.0000","1.0000","0.0000","1.0000"
"100007038","BOBB00038","1.0000","1.0000","1.0000","0.0000","0.0000"
"100007039","BAM0010003","4.0000","4.0000","4.0000","0.0000","0.0000"
"100007039","BOVA01201","20.0000","20.0000","20.0000","0.0000","0.0000"
"100007040","BOBB00003","3.0000","0.0000","0.0000","3.0000","0.0000"
"100007041","BOBB00003","3.0000","3.0000","3.0000","0.0000","1.0000"
"100007042","BOVE00339","2.0000","0.0000","0.0000","2.0000","0.0000"
"100007043","LLRLYO0039","2.0000","0.0000","0.0000","2.0000","0.0000"
"100007044","LLRLYO0039","2.0000","2.0000","2.0000","0.0000","0.0000"
"100007045","ME00065","1.0000","1.0000","1.0000","0.0000","0.0000"
"100007046","BOCI00384","12.0000","12.0000","12.0000","0.0000","0.0000"
"100007047","BOBB00018","1.0000","1.0000","1.0000","0.0000","0.0000"
"100007048","BCO0070013-BCO0070001-BCO0070002-BCO0070003-BCO0070004","1.0000","1.0000","1.0000","0.0000","0.0000"
"100007048","BCO0070001","2.0000","1.0000","1.0000","0.0000","0.0000"
"100007048","BCO0070002","2.0000","1.0000","1.0000","0.0000","0.0000"
"100007048","BCO0070003","2.0000","1.0000","1.0000","0.0000","0.0000"
"100007048","BCO0070004","2.0000","1.0000","1.0000","0.0000","0.0000"
"100007048","BCO0070007","1.0000","1.0000","1.0000","0.0000","0.0000"
"100007049","PTHE19701-00","1.0000","1.0000","1.0000","0.0000","0.0000"
"100007050","CBRLOR0001","1.0000","1.0000","1.0000","0.0000","0.0000"
"100007051","ME00064","1.0000","1.0000","1.0000","0.0000","0.0000"
"100007052","BOBB00092","3.0000","3.0000","3.0000","0.0000","0.0000"
"100007053","PATT42501-15","1.0000","1.0000","1.0000","0.0000","0.0000"
"100007054","BOVE00482","1.0000","1.0000","1.0000","0.0000","0.0000"
"100007055","BOVA01262","6.0000","6.0000","6.0000","0.0000","0.0000"
"200000046","BOBB00035","3.0000","3.0000","3.0000","0.0000","0.0000"
"200000046","BOVE00366","3.0000","3.0000","3.0000","0.0000","0.0000"
"200000046","BOVE00518","6.0000","6.0000","6.0000","0.0000","0.0000"
"200000046","BOVE00115","6.0000","6.0000","6.0000","0.0000","0.0000"
"200000046","BOVE00455","1.0000","1.0000","1.0000","0.0000","0.0000"
"200000046","BOVA00546","2.0000","2.0000","2.0000","0.0000","0.0000"
"100007056","LLRVER0158","2.0000","2.0000","2.0000","0.0000","0.0000"
"100007056","LLRVER0156","2.0000","2.0000","2.0000","0.0000","0.0000"
"100007056","LLRVER0155","2.0000","2.0000","2.0000","0.0000","0.0000"
"100007056","LLRVER0157","2.0000","2.0000","2.0000","0.0000","0.0000"
"100007057","BOVA00943","1.0000","1.0000","1.0000","0.0000","0.0000"
"100007058","ME00C127","5.0000","5.0000","5.0000","0.0000","0.0000"
"100007059","ME00216","1.0000","1.0000","1.0000","0.0000","0.0000"
"100007059","BOVE00302","1.0000","1.0000","1.0000","0.0000","1.0000"
"100007060","BOVE00446","1.0000","1.0000","1.0000","0.0000","0.0000"
"100007061","BOAL01182-BOAL00327-BOAL00328-BOAL00329-BOAL00330","3.0000","3.0000","3.0000","0.0000","0.0000"
"100007061","BOAL00327","3.0000","1.0000","1.0000","0.0000","0.0000"
"100007061","BOAL00328","3.0000","1.0000","1.0000","0.0000","0.0000"
"100007061","BOAL00329","3.0000","1.0000","1.0000","0.0000","0.0000"
"100007061","BOAL00330","3.0000","1.0000","1.0000","0.0000","0.0000"
"100007062","BOVE00510","1.0000","1.0000","1.0000","0.0000","0.0000"
"100007062","BOVE00513","1.0000","1.0000","1.0000","0.0000","0.0000"
"100007063","BOVE00356","1.0000","1.0000","1.0000","0.0000","0.0000"
"100007063","BOVE00389","1.0000","1.0000","1.0000","0.0000","0.0000"
"100007063","BOVE00292","1.0000","1.0000","1.0000","0.0000","0.0000"
"100007063","BOVE00277","1.0000","1.0000","1.0000","0.0000","0.0000"
"100007063","BOVE00335","1.0000","1.0000","1.0000","0.0000","0.0000"
"100007063","BOVE00296","1.0000","1.0000","1.0000","0.0000","0.0000"
"100007063","BOVE00359","1.0000","1.0000","1.0000","0.0000","0.0000"
"100007063","BOVE00463","1.0000","1.0000","1.0000","0.0000","0.0000"
"100007063","BOVE00007","1.0000","1.0000","1.0000","0.0000","0.0000"
"100007063","BOVE00778","1.0000","1.0000","1.0000","0.0000","0.0000"
"100007063","BOVE00465","1.0000","1.0000","1.0000","0.0000","0.0000"
"100007063","CCS0010003","6.0000","6.0000","6.0000","0.0000","0.0000"
"100007064","BOVE00175","8.0000","8.0000","8.0000","0.0000","0.0000"
"100007065","BOVE00111","3.0000","3.0000","3.0000","0.0000","0.0000"
"100007066","BOVE00422","1.0000","1.0000","1.0000","0.0000","0.0000"
"100007067","PMESU41604-00","1.0000","1.0000","1.0000","0.0000","0.0000"
"100007068","BOVE00255","2.0000","2.0000","2.0000","0.0000","0.0000"
"100007069","BOVE00537","1.0000","1.0000","1.0000","0.0000","0.0000"
"100007069","BOVE00542","1.0000","1.0000","1.0000","0.0000","0.0000"
"100007069","PPRES41606-00","1.0000","1.0000","1.0000","0.0000","0.0000"
"100007070","BOAL01174-BOAL00317-BOAL00321-BOAL00323-BOAL00325","1.0000","1.0000","1.0000","0.0000","0.0000"
"100007070","BOAL00317","2.0000","1.0000","1.0000","0.0000","0.0000"
"100007070","BOAL00321","2.0000","1.0000","1.0000","0.0000","0.0000"
"100007070","BOAL00323","2.0000","1.0000","1.0000","0.0000","0.0000"
"100007070","BOAL00325","2.0000","1.0000","1.0000","0.0000","0.0000"
"100007071","CNNPLA0025","1.0000","1.0000","1.0000","0.0000","0.0000"
"100007072","BOVE00443","2.0000","2.0000","2.0000","0.0000","0.0000"
"100007073","BOVE00339","2.0000","2.0000","2.0000","0.0000","0.0000"
"100007074","BOVE00789","1.0000","1.0000","1.0000","0.0000","0.0000"
"100007075","BOVE00109","1.0000","1.0000","1.0000","0.0000","0.0000"
"100007076","PFLE47742-04","10.0000","10.0000","10.0000","0.0000","3.0000"
"100007077","PDOU47357-21","1.0000","1.0000","1.0000","0.0000","0.0000"
"100007078","BOCI00664","1.0000","1.0000","1.0000","0.0000","0.0000"
"100007079","BOVA01346","1.0000","1.0000","1.0000","0.0000","0.0000"
"100007079","BOVA00884","1.0000","1.0000","1.0000","0.0000","0.0000"
"100007080","BOVE00359","2.0000","2.0000","2.0000","0.0000","0.0000"
"100007081","BOAL00229","1.0000","0.0000","0.0000","1.0000","0.0000"
"100007081","BOAL00341","1.0000","0.0000","0.0000","1.0000","0.0000"
"100007081","BOAL00222","1.0000","0.0000","0.0000","1.0000","0.0000"
"100007082","BOCI00289","1.0000","1.0000","1.0000","0.0000","0.0000"
"100007082","CCS0010010","4.0000","4.0000","4.0000","0.0000","0.0000"
"100007083","PGRIL41727-28","2.0000","2.0000","2.0000","0.0000","0.0000"
"100007084","PPEL41672-00","1.0000","1.0000","1.0000","0.0000","0.0000"
"100007084","PCUI41673-00","1.0000","1.0000","1.0000","0.0000","0.0000"
"100007084","PMAR48278-28","1.0000","1.0000","1.0000","0.0000","0.0000"
"100007084","PLOU41670-09","1.0000","1.0000","1.0000","0.0000","0.0000"
"100007084","PECU41671-11","1.0000","1.0000","1.0000","0.0000","0.0000"
"100007085","PTHE19709-00","1.0000","1.0000","1.0000","0.0000","0.0000"
"100007085","PGRIL41727-28","5.0000","5.0000","5.0000","0.0000","0.0000"
"100007086","LLRVER0146","2.0000","2.0000","2.0000","0.0000","0.0000"
"100007086","LLRVER0143","2.0000","2.0000","2.0000","0.0000","0.0000"
"100007086","LLRVER0151","1.0000","1.0000","1.0000","0.0000","0.0000"
"100007086","LLRVER0142","1.0000","1.0000","1.0000","0.0000","0.0000"
"100007087","BOAL00923","2.0000","0.0000","0.0000","2.0000","0.0000"
"100007088","BOAL00923","2.0000","2.0000","2.0000","0.0000","0.0000"
"100007089","PFLE47742-01","2.0000","2.0000","2.0000","0.0000","0.0000"
"100007089","BOVE00556","1.0000","1.0000","1.0000","0.0000","0.0000"
"100007089","BOVE00568","1.0000","1.0000","1.0000","0.0000","0.0000"
"100007090","BOCI00735","1.0000","1.0000","1.0000","0.0000","0.0000"
"100007090","BOCI00736","1.0000","1.0000","1.0000","0.0000","0.0000"
"100007091","BGDCAS012-BGDCAS001-BGDCAS006-BGDCAS009-BGDCAS007","1.0000","1.0000","1.0000","0.0000","0.0000"
"100007091","BGDCAS001","2.0000","1.0000","1.0000","0.0000","0.0000"
"100007091","BGDCAS006","2.0000","1.0000","1.0000","0.0000","0.0000"
"100007091","BGDCAS009","2.0000","1.0000","1.0000","0.0000","0.0000"
"100007091","BGDCAS007","2.0000","1.0000","1.0000","0.0000","0.0000"
"100007092","PFLE47742-01","2.0000","2.0000","2.0000","0.0000","0.0000"
"100007092","PFLE47742-37","1.0000","1.0000","1.0000","0.0000","0.0000"
"100007093","BOVE00037","1.0000","1.0000","1.0000","0.0000","0.0000"
"100007094","BOVE00109","1.0000","1.0000","1.0000","0.0000","0.0000"
"200000047","PCUI41473-50","1.0000","1.0000","1.0000","0.0000","0.0000"
"200000047","PCUI41473-44","1.0000","1.0000","1.0000","0.0000","0.0000"
"200000047","PCUI41474-00","1.0000","1.0000","1.0000","0.0000","0.0000"
"200000047","PCUI41473-56","2.0000","2.0000","2.0000","0.0000","0.0000"
"200000047","PCUI41474-01","1.0000","1.0000","1.0000","0.0000","0.0000"
"200000047","PCUI41474-02","1.0000","1.0000","1.0000","0.0000","0.0000"
"100007095","PCOL41511-00","5.0000","5.0000","5.0000","0.0000","0.0000"
"100007096","BOAL01391-BOAL00208-BOAL00264-BOAL00222-BOAL00241","1.0000","0.0000","0.0000","1.0000","0.0000"
"100007096","BOAL00208","2.0000","0.0000","0.0000","0.0000","0.0000"
"100007096","BOAL00264","2.0000","0.0000","0.0000","0.0000","0.0000"
"100007096","BOAL00222","2.0000","0.0000","0.0000","0.0000","0.0000"
"100007096","BOAL00241","2.0000","0.0000","0.0000","0.0000","0.0000"
"100007097","BOVE00137","2.0000","2.0000","2.0000","0.0000","0.0000"
"100007098","PCOU48280-23","1.0000","1.0000","1.0000","0.0000","0.0000"
"100007098","PFLE47742-28","1.0000","1.0000","1.0000","0.0000","0.0000"
"100007099","PFLE47742-29","2.0000","2.0000","2.0000","0.0000","2.0000"
"100007099","PFLE47742-47","2.0000","2.0000","2.0000","0.0000","2.0000"
"100007100","BOBB00259","8.0000","8.0000","8.0000","0.0000","0.0000"
"100007100","BOBB00261","5.0000","5.0000","5.0000","0.0000","0.0000"
"100007101","BOVE00116","2.0000","2.0000","2.0000","0.0000","0.0000"
"100007101","BOVE00117","1.0000","1.0000","1.0000","0.0000","0.0000"
"100007101","BOVE00420","1.0000","1.0000","1.0000","0.0000","0.0000"
"100007101","BOBB00018","1.0000","1.0000","1.0000","0.0000","0.0000"
"100007101","BOVE00556","1.0000","1.0000","1.0000","0.0000","0.0000"
"100007101","BOVE00565","1.0000","1.0000","1.0000","0.0000","0.0000"
"100007101","BOVE00324","2.0000","2.0000","2.0000","0.0000","0.0000"
"100007102","BOUU00006","2.0000","2.0000","2.0000","0.0000","0.0000"
"100007103","BOVE00148","1.0000","1.0000","1.0000","0.0000","0.0000"
"100007104","LLRCOT0080","1.0000","1.0000","1.0000","0.0000","0.0000"
"100007105","BOVA01393","1.0000","1.0000","1.0000","0.0000","0.0000"
"100007105","BOVA01391","1.0000","1.0000","1.0000","0.0000","0.0000"
"100007105","BOVA01392","1.0000","1.0000","1.0000","0.0000","0.0000"
"100007105","BOVA01452","1.0000","1.0000","1.0000","0.0000","0.0000"
"100007106","CBRYPS0001","2.0000","2.0000","2.0000","0.0000","0.0000"
"100007107","BOAL00408","1.0000","1.0000","1.0000","0.0000","0.0000"
"100007108","BOVE00234","2.0000","2.0000","2.0000","0.0000","0.0000"
"100007109","BOAL00714","6.0000","6.0000","6.0000","0.0000","0.0000"
"100007110","PCUI41473-31","1.0000","1.0000","1.0000","0.0000","0.0000"
"100007111","ME00C127","1.0000","1.0000","1.0000","0.0000","0.0000"
"100007112","ME00C127","1.0000","1.0000","1.0000","0.0000","0.0000"
"100007113","BOVE00005","2.0000","2.0000","2.0000","0.0000","0.0000"
"100007113","BOVE00097","3.0000","3.0000","3.0000","0.0000","0.0000"
"100007114","PFLE47742-53","10.0000","10.0000","10.0000","0.0000","0.0000"
"100007115","BOBB00038","1.0000","1.0000","1.0000","0.0000","0.0000"
"100007116","BOVE00170","2.0000","2.0000","2.0000","0.0000","0.0000"
"100007117","BOVE00517","1.0000","1.0000","1.0000","0.0000","0.0000"
"100007117","BOVE00556","1.0000","1.0000","1.0000","0.0000","0.0000"
"100007118","BGDCAS012-BGDCAS001-BGDCAS006-BGDCAS009-BGDCAS007","2.0000","2.0000","2.0000","0.0000","0.0000"
"100007118","BGDCAS001","4.0000","1.0000","1.0000","0.0000","0.0000"
"100007118","BGDCAS006","4.0000","1.0000","1.0000","0.0000","0.0000"
"100007118","BGDCAS009","4.0000","1.0000","1.0000","0.0000","0.0000"
"100007118","BGDCAS007","4.0000","1.0000","1.0000","0.0000","0.0000"
"100007119","BOBB00038","1.0000","1.0000","1.0000","0.0000","0.0000"
"100007120","PCUI41473-39","2.0000","2.0000","2.0000","0.0000","0.0000"
"100007121","BOAL00627","2.0000","2.0000","2.0000","0.0000","0.0000"
"100007121","BOAL00632","2.0000","2.0000","2.0000","0.0000","0.0000"
"100007121","CBREXE0001","2.0000","2.0000","2.0000","0.0000","0.0000"
"100007121","CCS0010005","12.0000","12.0000","12.0000","0.0000","0.0000"
"100007122","BOVE00034","1.0000","1.0000","1.0000","0.0000","0.0000"
"100007122","BOVE00158","1.0000","1.0000","1.0000","0.0000","0.0000"
"100007123","BOBB00084","1.0000","1.0000","1.0000","0.0000","0.0000"
"100007124","BOAL00347","1.0000","1.0000","1.0000","0.0000","0.0000"
"100007124","BOAL00348","1.0000","1.0000","1.0000","0.0000","0.0000"
"100007124","BOAL00341","1.0000","1.0000","1.0000","0.0000","0.0000"
"100007125","BOVE00677","1.0000","0.0000","0.0000","1.0000","0.0000"
"100007125","CCS0010003","1.0000","0.0000","0.0000","1.0000","0.0000"
"100007126","BOVE00677","1.0000","0.0000","0.0000","1.0000","0.0000"
"100007126","CCS0010003","1.0000","0.0000","0.0000","1.0000","0.0000"
"100007127","PCER47529-07","1.0000","1.0000","1.0000","0.0000","0.0000"
"100007127","PCAD47528-05","1.0000","1.0000","1.0000","0.0000","0.0000"
"100007127","BOCI00654","1.0000","1.0000","1.0000","0.0000","0.0000"
"100007128","BOVE00061","1.0000","1.0000","1.0000","0.0000","0.0000"
"100007128","BOVE00108","1.0000","1.0000","1.0000","0.0000","0.0000"
"100007129","PMESU41604-00","1.0000","1.0000","1.0000","0.0000","0.0000"
"100007129","PPASS41603-00","1.0000","1.0000","1.0000","0.0000","0.0000"
"100007130","BOVE00505","3.0000","3.0000","3.0000","0.0000","0.0000"
"100007131","PFLE47742-01","1.0000","1.0000","1.0000","0.0000","0.0000"
"100007132","PTAP44100-02","2.0000","2.0000","2.0000","0.0000","0.0000"
"100007132","BOBB00292","2.0000","2.0000","2.0000","0.0000","0.0000"
"100007132","PPABAR0004","1.0000","1.0000","1.0000","0.0000","0.0000"
"100007133","BOVE00109","4.0000","0.0000","0.0000","4.0000","0.0000"
"100007134","BOVE00109","4.0000","0.0000","0.0000","4.0000","0.0000"
"100007135","BOCI00578","1.0000","1.0000","1.0000","0.0000","0.0000"
"100007135","BOCI00390","1.0000","1.0000","1.0000","0.0000","0.0000"
"100007135","BOCI00377","1.0000","1.0000","1.0000","0.0000","0.0000"
"100007136","BOVE00119","2.0000","0.0000","0.0000","2.0000","0.0000"
"100007137","BOVE00109","2.0000","2.0000","2.0000","0.0000","0.0000"
"100007138","PRAC18501-03","1.0000","1.0000","1.0000","0.0000","0.0000"
"100007139","BOCI00398","5.0000","5.0000","5.0000","0.0000","0.0000"
"100007140","BOVE00343","3.0000","3.0000","3.0000","0.0000","0.0000"
"100007141","PPRE42565-00","1.0000","1.0000","1.0000","0.0000","0.0000"
"100007142","ME00C51","1.0000","1.0000","1.0000","0.0000","0.0000"
"100007143","BOVA01099","1.0000","1.0000","1.0000","0.0000","0.0000"
"100007143","BOVA01111","1.0000","1.0000","1.0000","0.0000","0.0000"
"100007144","BOCI00777","2.0000","2.0000","2.0000","0.0000","0.0000"
"100007145","CPR0010009","2.0000","2.0000","2.0000","0.0000","0.0000"
"100007146","BOBB00292","1.0000","1.0000","1.0000","0.0000","0.0000"
"100007147","BOCI00467","2.0000","2.0000","2.0000","0.0000","0.0000"
"100007147","BOCI00483","1.0000","1.0000","1.0000","0.0000","0.0000"
"100007148","CIT0020001","1.0000","1.0000","1.0000","0.0000","0.0000"
"100007148","BOVE00282","1.0000","1.0000","1.0000","0.0000","0.0000"
"100007148","LLRBEU0054-LLRBEU0025-LLRBEU0053","1.0000","1.0000","1.0000","0.0000","0.0000"
"100007148","LLRBEU0025","1.0000","1.0000","1.0000","0.0000","0.0000"
"100007148","LLRBEU0053","1.0000","1.0000","1.0000","0.0000","0.0000"
"100007148","PPOT47607-10","1.0000","1.0000","1.0000","0.0000","0.0000"
"100007148","BOCI00627","2.0000","2.0000","2.0000","0.0000","0.0000"
"100007148","BOCI00630","1.0000","1.0000","1.0000","0.0000","0.0000"
"100007148","PPOT47606-05","1.0000","1.0000","1.0000","0.0000","0.0000"
"100007149","PCHO44940-08","1.0000","1.0000","1.0000","0.0000","0.0000"
"100007150","BOBB00038","2.0000","2.0000","2.0000","0.0000","0.0000"
"100007151","BOVE00658","1.0000","1.0000","1.0000","0.0000","0.0000"
"100007152","PTAI48280-13","2.0000","2.0000","2.0000","0.0000","0.0000"
"100007152","PTAI48280-12","1.0000","1.0000","1.0000","0.0000","0.0000"
"100007153","PBOU44116-50","2.0000","2.0000","2.0000","0.0000","0.0000"
"100007154","BOVA01396","2.0000","2.0000","2.0000","0.0000","0.0000"
"100007155","PCUI48280-24","1.0000","1.0000","1.0000","0.0000","0.0000"
"100007156","PCOU48280-57","1.0000","1.0000","1.0000","0.0000","0.0000"
"100007157","LLRFEU0146","1.0000","1.0000","1.0000","0.0000","0.0000"
"100007157","LLRGRA0052-LLRGRA0052-1-LLRGRA0052-2","1.0000","1.0000","1.0000","0.0000","0.0000"
"100007157","LLRGRA0052-1","1.0000","1.0000","1.0000","0.0000","0.0000"
"100007157","LLRGRA0052-2","1.0000","1.0000","1.0000","0.0000","0.0000"
"300000060","BOVE00476","2.0000","2.0000","2.0000","0.0000","0.0000"
"100007158","PGRIL41727-30","12.0000","12.0000","12.0000","0.0000","0.0000"
"100007159","PPOCH47119-50","1.0000","0.0000","0.0000","1.0000","0.0000"
"100007159","PPOCH47119-30","1.0000","0.0000","0.0000","1.0000","0.0000"
"100007159","PPOCH47119-40","1.0000","0.0000","0.0000","1.0000","0.0000"
"100007160","PPOCH47119-50","1.0000","1.0000","1.0000","0.0000","0.0000"
"100007160","PPOCH47119-30","1.0000","1.0000","1.0000","0.0000","0.0000"
"100007160","PPOCH47119-40","1.0000","1.0000","1.0000","0.0000","0.0000"
"100007161","BOAL01209-BOAL00379-BOAL00383-BOAL00385-BOAL00384","1.0000","1.0000","1.0000","0.0000","0.0000"
"100007161","BOAL00379","2.0000","1.0000","1.0000","0.0000","0.0000"
"100007161","BOAL00383","2.0000","1.0000","1.0000","0.0000","0.0000"
"100007161","BOAL00385","2.0000","1.0000","1.0000","0.0000","0.0000"
"100007161","BOAL00384","2.0000","1.0000","1.0000","0.0000","0.0000"
"100007162","BOVE00281","1.0000","1.0000","1.0000","0.0000","0.0000"
"100007163","LLRABE0018","1.0000","1.0000","1.0000","0.0000","0.0000"
"100007164","BOCI00462","1.0000","1.0000","1.0000","0.0000","0.0000"
"100007165","BOVE00722","11.0000","11.0000","11.0000","0.0000","0.0000"
"100007166","BOVE00137","2.0000","2.0000","2.0000","0.0000","0.0000"
"100007167","BOAL00792","1.0000","1.0000","1.0000","0.0000","0.0000"
"100007167","BOAL00796","1.0000","1.0000","1.0000","0.0000","0.0000"
"100007168","PCAD47528-05","1.0000","1.0000","1.0000","0.0000","0.0000"
"100007169","BOVE00394","1.0000","1.0000","1.0000","0.0000","0.0000"
"100007169","BOVE00395","1.0000","1.0000","1.0000","0.0000","0.0000"
"100007169","BOVE00488","1.0000","1.0000","1.0000","0.0000","0.0000"
"200000048","BOVE00778","1.0000","1.0000","1.0000","0.0000","0.0000"
"100007170","BA00013","1.0000","1.0000","1.0000","0.0000","0.0000"
"100007171","CCS0010003","2.0000","2.0000","2.0000","0.0000","0.0000"
"100007172","BOVE00155","1.0000","0.0000","0.0000","1.0000","0.0000"
"100007172","BOVE00541","1.0000","0.0000","0.0000","1.0000","0.0000"
"100007173","BOBB00272","1.0000","1.0000","1.0000","0.0000","0.0000"
"100007174","PMESU41604-00","1.0000","1.0000","1.0000","0.0000","0.0000"
"100007174","PPASS41603-00","1.0000","1.0000","1.0000","0.0000","0.0000"
"100007174","BOBB00045","1.0000","1.0000","1.0000","0.0000","0.0000"
"100007175","BOVA01375","4.0000","4.0000","4.0000","0.0000","0.0000"
"100007175","BOVA01381","4.0000","4.0000","4.0000","0.0000","0.0000"
"100007175","BOVA01387","4.0000","4.0000","4.0000","0.0000","0.0000"
"100007175","BOVA01393","4.0000","4.0000","4.0000","0.0000","0.0000"
"100007175","CARTIV0230","1.0000","1.0000","1.0000","0.0000","0.0000"
"100007176","CCS0010010","6.0000","6.0000","6.0000","0.0000","0.0000"
"100007177","BOBB00018","1.0000","1.0000","1.0000","0.0000","0.0000"
"100007178","BGDSOL16-BGDSOL002-BGDSOL007-BGDSOL001-BGDSOL009-BGDSOL003-BGDSOL005","1.0000","1.0000","1.0000","0.0000","0.0000"
"100007178","BGDSOL002","2.0000","1.0000","1.0000","0.0000","0.0000"
"100007178","BGDSOL007","2.0000","1.0000","1.0000","0.0000","0.0000"
"100007178","BGDSOL001","2.0000","1.0000","1.0000","0.0000","0.0000"
"100007178","BGDSOL009","2.0000","1.0000","1.0000","0.0000","0.0000"
"100007178","BGDSOL003","2.0000","1.0000","1.0000","0.0000","0.0000"
"100007178","BGDSOL005","2.0000","1.0000","1.0000","0.0000","0.0000"
"100007179","PCOU48280-23","1.0000","0.0000","0.0000","1.0000","0.0000"
"100007179","PBOU41608-04","1.0000","0.0000","0.0000","1.0000","0.0000"
"100007180","ME00296","1.0000","1.0000","1.0000","0.0000","1.0000"
"100007181","BOVE00501","2.0000","2.0000","2.0000","0.0000","0.0000"
"100007181","BOVA01134","1.0000","1.0000","1.0000","0.0000","0.0000"
"100007181","BOVA01135","1.0000","1.0000","1.0000","0.0000","0.0000"
"100007181","BOVA01138","1.0000","1.0000","1.0000","0.0000","0.0000"
"100007182","BOVE00327","2.0000","2.0000","2.0000","0.0000","0.0000"
"100007182","BOVE00533","1.0000","1.0000","1.0000","0.0000","0.0000"
"100007183","LLRABE0020","1.0000","1.0000","1.0000","0.0000","0.0000"
"100007184","BOAL01183-BOAL00327-BOAL00328-BOAL00329-BOAL00330","1.0000","1.0000","1.0000","0.0000","0.0000"
"100007184","BOAL00327","2.0000","1.0000","1.0000","0.0000","0.0000"
"100007184","BOAL00328","2.0000","1.0000","1.0000","0.0000","0.0000"
"100007184","BOAL00329","2.0000","1.0000","1.0000","0.0000","0.0000"
"100007184","BOAL00330","2.0000","1.0000","1.0000","0.0000","0.0000"
"100007185","BBR0010002","1.0000","1.0000","1.0000","0.0000","0.0000"
"100007186","BOVE00394","1.0000","1.0000","1.0000","0.0000","0.0000"
"100007187","PCAD47528-05","1.0000","1.0000","1.0000","0.0000","0.0000"
"100007188","BOVE00278","1.0000","1.0000","1.0000","0.0000","0.0000"
"100007189","BOBB00302","13.0000","13.0000","13.0000","0.0000","0.0000"
"100007190","BOAL01185-BOAL00340-BOAL00343-BOAL00347-BOAL00349","1.0000","1.0000","1.0000","0.0000","0.0000"
"100007190","BOAL00340","1.0000","1.0000","1.0000","0.0000","0.0000"
"100007190","BOAL00343","1.0000","1.0000","1.0000","0.0000","0.0000"
"100007190","BOAL00347","1.0000","1.0000","1.0000","0.0000","0.0000"
"100007190","BOAL00349","1.0000","1.0000","1.0000","0.0000","0.0000"
"100007191","BOVE00636","2.0000","2.0000","2.0000","0.0000","0.0000"
"100007192","BOAL01177-BOAL00317-BOAL00321-BOAL00323-BOAL00325-BOAL00319-BOAL00322","1.0000","1.0000","1.0000","0.0000","0.0000"
"100007192","BOAL00317","2.0000","1.0000","1.0000","0.0000","0.0000"
"100007192","BOAL00321","2.0000","1.0000","1.0000","0.0000","0.0000"
"100007192","BOAL00323","2.0000","1.0000","1.0000","0.0000","0.0000"
"100007192","BOAL00325","2.0000","1.0000","1.0000","0.0000","0.0000"
"100007192","BOAL00319","2.0000","1.0000","1.0000","0.0000","0.0000"
"100007192","BOAL00322","2.0000","1.0000","1.0000","0.0000","0.0000"
"100007193","BOCI00317","1.0000","1.0000","1.0000","0.0000","0.0000"
"100007194","PFLE47742-01","2.0000","2.0000","2.0000","0.0000","0.0000"
"100007195","BOVE00424","1.0000","1.0000","1.0000","0.0000","0.0000"
"100007196","BOVE00296","1.0000","1.0000","1.0000","0.0000","0.0000"
"100007196","BOVE00335","1.0000","1.0000","1.0000","0.0000","0.0000"
"100007196","BOVE00463","1.0000","1.0000","1.0000","0.0000","0.0000"
"100007197","BOVE00658","1.0000","1.0000","1.0000","0.0000","0.0000"
"100007198","PMESU41604-00","1.0000","1.0000","1.0000","0.0000","0.0000"
"100007198","BOVE00537","1.0000","1.0000","1.0000","0.0000","0.0000"
"100007199","BOCI00654","1.0000","1.0000","1.0000","0.0000","0.0000"
"300000061","BCO0010014-BCO0010002-BCO0010001-BCO0010003-BCO0010004-BCO0010008-BCO0010007-BCO0010006-BCO0010005","1.0000","1.0000","1.0000","0.0000","0.0000"
"300000061","BCO0010002","1.0000","1.0000","1.0000","0.0000","0.0000"
"300000061","BCO0010001","1.0000","1.0000","1.0000","0.0000","0.0000"
"300000061","BCO0010003","1.0000","1.0000","1.0000","0.0000","0.0000"
"300000061","BCO0010004","1.0000","1.0000","1.0000","0.0000","0.0000"
"300000061","BCO0010008","1.0000","1.0000","1.0000","0.0000","0.0000"
"300000061","BCO0010007","1.0000","1.0000","1.0000","0.0000","0.0000"
"300000061","BCO0010006","1.0000","1.0000","1.0000","0.0000","0.0000"
"300000061","BCO0010005","1.0000","1.0000","1.0000","0.0000","0.0000"
"300000061","BOVA00767","2.0000","2.0000","2.0000","0.0000","0.0000"
"300000061","BOVA01223","1.0000","1.0000","1.0000","0.0000","0.0000"
"300000061","PBOUC41608-03","1.0000","1.0000","1.0000","0.0000","0.0000"
"300000061","PBOU44112-01","4.0000","4.0000","4.0000","0.0000","0.0000"
"100007200","BOVE00119","1.0000","1.0000","1.0000","0.0000","0.0000"
"100007201","BOCI00679","2.0000","2.0000","2.0000","0.0000","0.0000"
"100007202","ME00C51","1.0000","1.0000","1.0000","0.0000","0.0000"
"100007203","BOCI00290","1.0000","1.0000","1.0000","0.0000","0.0000"
"100007204","BOCI00321","20.0000","20.0000","20.0000","0.0000","0.0000"
"100007205","PSPR41635-PSPR41635-00-PSPR41635-01","1.0000","1.0000","1.0000","0.0000","0.0000"
"100007205","PSPR41635-00","1.0000","1.0000","1.0000","0.0000","0.0000"
"100007205","PSPR41635-01","2.0000","1.0000","1.0000","0.0000","0.0000"
"100007206","BOVE00720","4.0000","0.0000","0.0000","4.0000","0.0000"
"100007206","BOVE00721","3.0000","0.0000","0.0000","3.0000","0.0000"
"100007207","BOVE00720","4.0000","4.0000","4.0000","0.0000","0.0000"
"100007207","BOVE00721","3.0000","3.0000","3.0000","0.0000","0.0000"
"100007208","BOVE00393","1.0000","1.0000","1.0000","0.0000","0.0000"
"100007208","LLRGRA0051","1.0000","1.0000","1.0000","0.0000","0.0000"
"100007209","PFLE47742-01","2.0000","2.0000","2.0000","0.0000","0.0000"
"100007210","PRAC18501-04","1.0000","0.0000","0.0000","1.0000","0.0000"
"100007210","PRAC47621-04","2.0000","0.0000","0.0000","2.0000","0.0000"
"100007211","PCOU48280-75","12.0000","12.0000","12.0000","0.0000","0.0000"
"100007212","BOAL01182-BOAL00327-BOAL00328-BOAL00329-BOAL00330","1.0000","1.0000","1.0000","0.0000","0.0000"
"100007212","BOAL00327","1.0000","1.0000","1.0000","0.0000","0.0000"
"100007212","BOAL00328","1.0000","1.0000","1.0000","0.0000","0.0000"
"100007212","BOAL00329","1.0000","1.0000","1.0000","0.0000","0.0000"
"100007212","BOAL00330","1.0000","1.0000","1.0000","0.0000","0.0000"
"100007212","BOAL00758","1.0000","1.0000","1.0000","0.0000","0.0000"
"100007212","BOAL00757","1.0000","1.0000","1.0000","0.0000","0.0000"
"100007212","BOAL00759","1.0000","1.0000","1.0000","0.0000","0.0000"
"100007213","PTHE19709-00","1.0000","1.0000","1.0000","0.0000","0.0000"
"100007214","BOVA01436","16.0000","16.0000","16.0000","0.0000","0.0000"
"100007214","PLOU41670-09","1.0000","1.0000","1.0000","0.0000","0.0000"
"100007215","EMELUN0001","1.0000","1.0000","1.0000","0.0000","0.0000"
"100007215","PPIN41698-22","1.0000","1.0000","1.0000","0.0000","0.0000"
"100007215","PCIS18276-00","1.0000","1.0000","1.0000","0.0000","0.0000"
"100007215","PCOU48280-21","1.0000","1.0000","1.0000","0.0000","0.0000"
"100007215","VOL00055","1.0000","1.0000","1.0000","0.0000","0.0000"
"100007216","BOVE00443","21.0000","21.0000","21.0000","0.0000","0.0000"
"100007217","PCOU48280-10","1.0000","1.0000","1.0000","0.0000","0.0000"
"100007218","BOAL01193-BOAL00350-BOAL00355-BOAL00356","1.0000","0.0000","0.0000","1.0000","0.0000"
"100007218","BOAL00350","1.0000","0.0000","0.0000","0.0000","0.0000"
"100007218","BOAL00355","1.0000","0.0000","0.0000","0.0000","0.0000"
"100007218","BOAL00356","1.0000","0.0000","0.0000","0.0000","0.0000"
"100007219","BOAL01194-BOAL00350-BOAL00355-BOAL00356-BOAL00358","1.0000","1.0000","1.0000","0.0000","0.0000"
"100007219","BOAL00350","1.0000","1.0000","1.0000","0.0000","0.0000"
"100007219","BOAL00355","1.0000","1.0000","1.0000","0.0000","0.0000"
"100007219","BOAL00356","1.0000","1.0000","1.0000","0.0000","0.0000"
"100007219","BOAL00358","1.0000","1.0000","1.0000","0.0000","0.0000"
"100007220","PACR41670-AB","1.0000","1.0000","1.0000","0.0000","0.0000"
"100007220","BOCI00381","1.0000","1.0000","1.0000","0.0000","0.0000"
"100007220","BOCI00309","1.0000","1.0000","1.0000","0.0000","0.0000"
"100007220","PSPA48278-86","1.0000","1.0000","1.0000","0.0000","0.0000"
"100007221","BOVA01236","1.0000","1.0000","1.0000","0.0000","0.0000"
"100007222","BOVE00112","4.0000","4.0000","4.0000","0.0000","0.0000"
"100007223","BOBB00038","1.0000","1.0000","1.0000","0.0000","0.0000"
"100007224","ME00C127","1.0000","1.0000","1.0000","0.0000","0.0000"
"100007225","CCS0010003","4.0000","4.0000","4.0000","0.0000","0.0000"
"100007226","BOVA00883","6.0000","6.0000","6.0000","0.0000","0.0000"
"100007227","PCUI48280-29","1.0000","1.0000","1.0000","0.0000","0.0000"
"100007228","BOVE00446","2.0000","2.0000","2.0000","0.0000","0.0000"
"100007229","BOVE00082","2.0000","2.0000","2.0000","0.0000","0.0000"
"100007230","ME00C127","1.0000","1.0000","1.0000","0.0000","0.0000"
"100007231","LLRVER0145","1.0000","1.0000","1.0000","0.0000","0.0000"
"100007232","CCS0010015","4.0000","4.0000","4.0000","0.0000","0.0000"
"100007233","BOVE00495","2.0000","2.0000","2.0000","0.0000","0.0000"
"100007233","BOVE00321","1.0000","1.0000","1.0000","0.0000","0.0000"
"100007234","BOBB00038","1.0000","1.0000","0.0000","0.0000","1.0000"
"100007235","BOVE00114","1.0000","1.0000","1.0000","0.0000","0.0000"
"100007236","BOVE00380","1.0000","0.0000","0.0000","1.0000","0.0000"
"100007237","BOVE00380","1.0000","1.0000","1.0000","0.0000","0.0000"
"100007238","CBR0050001","1.0000","1.0000","1.0000","0.0000","0.0000"
"100007239","BOVE00495","1.0000","1.0000","1.0000","0.0000","0.0000"
"100007240","BOVE00547","1.0000","1.0000","1.0000","0.0000","0.0000"
"100007241","BOAL00343","1.0000","1.0000","1.0000","0.0000","0.0000"
"100007242","BOVE00547","1.0000","1.0000","1.0000","0.0000","0.0000"
"100007243","BOAL00927","3.0000","3.0000","3.0000","0.0000","0.0000"
"100007244","BOVE00485","6.0000","6.0000","6.0000","0.0000","0.0000"
"100007245","BOBB00294","3.0000","3.0000","3.0000","0.0000","0.0000"
"100007246","CCS0010010","6.0000","0.0000","0.0000","6.0000","0.0000"
"100007247","CCS0010010","6.0000","6.0000","6.0000","0.0000","0.0000"
"100007248","BOVE00113","1.0000","1.0000","1.0000","0.0000","0.0000"
"100007248","LLRVEN0088","1.0000","1.0000","1.0000","0.0000","0.0000"
"100007249","BOVE00537","1.0000","1.0000","1.0000","0.0000","0.0000"
"100007249","PSHAK41481-03","1.0000","1.0000","1.0000","0.0000","0.0000"
"100007249","PBOU44113-02","1.0000","1.0000","1.0000","0.0000","0.0000"
"100007249","BOBB00073","1.0000","1.0000","1.0000","0.0000","0.0000"
"100007249","BOBB00080","1.0000","1.0000","1.0000","0.0000","0.0000"
"100007249","BOBB00133","1.0000","1.0000","1.0000","0.0000","0.0000"
"100007249","PCUI48280-35","1.0000","1.0000","1.0000","0.0000","0.0000"
"100007249","BOBB00025","1.0000","1.0000","1.0000","0.0000","0.0000"
"100007250","PFLE47742-01","1.0000","1.0000","1.0000","0.0000","0.0000"
"100007251","BOAL00330","2.0000","2.0000","2.0000","0.0000","0.0000"
"100007252","BGDCOL006-BGDCOL002-BGDCOL004-BGDCOL001-BGDCOL003","1.0000","1.0000","1.0000","0.0000","0.0000"
"100007252","BGDCOL002","1.0000","1.0000","1.0000","0.0000","0.0000"
"100007252","BGDCOL004","1.0000","1.0000","1.0000","0.0000","0.0000"
"100007252","BGDCOL001","1.0000","1.0000","1.0000","0.0000","0.0000"
"100007252","BGDCOL003","1.0000","1.0000","1.0000","0.0000","0.0000"
"100007253","PBOU44116-50","1.0000","1.0000","1.0000","0.0000","0.0000"
"100007254","BOAL00664","2.0000","2.0000","2.0000","0.0000","0.0000"
"100007255","LLRARU0100","1.0000","1.0000","1.0000","0.0000","0.0000"
"100007256","BOVA01431","24.0000","24.0000","24.0000","0.0000","0.0000"
"100007257","BOVE00290","1.0000","1.0000","1.0000","0.0000","0.0000"
"100007257","BOVE00284","1.0000","1.0000","1.0000","0.0000","0.0000"
"100007257","BOVE00458","1.0000","1.0000","1.0000","0.0000","0.0000"
"100007258","LLRABE0007","1.0000","1.0000","1.0000","0.0000","0.0000"
"100007259","BCO0040054-BCO0040049-BCO0040050-BCO0040051-BCO0040052","1.0000","1.0000","1.0000","0.0000","0.0000"
"100007259","BCO0040049","1.0000","1.0000","1.0000","0.0000","0.0000"
"100007259","BCO0040050","1.0000","1.0000","1.0000","0.0000","0.0000"
"100007259","BCO0040051","1.0000","1.0000","1.0000","0.0000","0.0000"
"100007259","BCO0040052","1.0000","1.0000","1.0000","0.0000","0.0000"
"100007260","LLRGRA0052-LLRGRA0052-1-LLRGRA0052-2","1.0000","0.0000","0.0000","1.0000","0.0000"
"100007260","LLRGRA0052-1","1.0000","0.0000","0.0000","0.0000","0.0000"
"100007260","LLRGRA0052-2","1.0000","0.0000","0.0000","0.0000","0.0000"
"100007261","BOCI00544","1.0000","1.0000","1.0000","0.0000","0.0000"
"100007262","BOBB00238","1.0000","1.0000","1.0000","0.0000","0.0000"
"100007262","BOVA01192","2.0000","2.0000","2.0000","0.0000","0.0000"
"100007262","BOVA01134","1.0000","1.0000","1.0000","0.0000","0.0000"
"100007262","CARPIC0001","1.0000","1.0000","1.0000","0.0000","0.0000"
"100007263","CBR0010004","1.0000","1.0000","1.0000","0.0000","0.0000"
"100007264","CBRVIV0001","1.0000","1.0000","1.0000","0.0000","0.0000"
"100007264","BOVE00725","1.0000","1.0000","1.0000","0.0000","1.0000"
"100007265","BOAL00664","2.0000","2.0000","2.0000","0.0000","0.0000"
"100007265","BOAL00665","2.0000","2.0000","2.0000","0.0000","0.0000"
"100007266","BET0110009-BOAL00607-BOAL00613-BOAL00615-BOAL00608-BOAL00611-BOAL00606-BOAL00612-BOAL00614-BOAL00609-BOAL00610","7.0000","7.0000","7.0000","0.0000","0.0000"
"100007266","BOAL00607","14.0000","1.0000","1.0000","0.0000","0.0000"
"100007266","BOAL00613","14.0000","1.0000","1.0000","0.0000","0.0000"
"100007266","BOAL00615","14.0000","1.0000","1.0000","0.0000","0.0000"
"100007266","BOAL00608","14.0000","1.0000","1.0000","0.0000","0.0000"
"100007266","BOAL00611","14.0000","1.0000","1.0000","0.0000","0.0000"
"100007266","BOAL00606","14.0000","1.0000","1.0000","0.0000","0.0000"
"100007266","BOAL00612","14.0000","1.0000","1.0000","0.0000","0.0000"
"100007266","BOAL00614","14.0000","1.0000","1.0000","0.0000","0.0000"
"100007266","BOAL00609","14.0000","1.0000","1.0000","0.0000","0.0000"
"100007266","BOAL00610","14.0000","1.0000","1.0000","0.0000","0.0000"
"100007267","LLRBAL0076","2.0000","2.0000","2.0000","0.0000","0.0000"
"100007268","BOVE00639","2.0000","2.0000","2.0000","0.0000","0.0000"
"100007269","BOCI00456","1.0000","1.0000","1.0000","0.0000","0.0000"
"100007269","BOCI00438","1.0000","1.0000","1.0000","0.0000","0.0000"
"100007269","BOCI00489","1.0000","1.0000","1.0000","0.0000","0.0000"
"100007270","PFLE47742-29","1.0000","1.0000","1.0000","0.0000","0.0000"
"100007270","BOCI00503","1.0000","1.0000","1.0000","0.0000","0.0000"
"100007271","BOAL00713","5.0000","0.0000","0.0000","5.0000","0.0000"
"100007272","BOAL00713","5.0000","5.0000","5.0000","0.0000","0.0000"
"100007273","BOAL01182-BOAL00327-BOAL00328-BOAL00329-BOAL00330","1.0000","1.0000","1.0000","0.0000","0.0000"
"100007273","BOAL00327","1.0000","1.0000","1.0000","0.0000","0.0000"
"100007273","BOAL00328","1.0000","1.0000","1.0000","0.0000","0.0000"
"100007273","BOAL00329","1.0000","1.0000","1.0000","0.0000","0.0000"
"100007273","BOAL00330","1.0000","1.0000","1.0000","0.0000","0.0000"
"100007273","BOAL00329","2.0000","2.0000","2.0000","0.0000","0.0000"
"100007274","BOVE00023","2.0000","2.0000","2.0000","0.0000","0.0000"
"100007275","PCOU48280-37","1.0000","0.0000","0.0000","1.0000","0.0000"
"100007276","PCOU48280-37","1.0000","0.0000","0.0000","1.0000","0.0000"
"100007277","BOVE00109","2.0000","2.0000","2.0000","0.0000","0.0000"
"100007277","BOVE00224","2.0000","2.0000","2.0000","0.0000","0.0000"
"100007278","PCOU48280-37","1.0000","1.0000","1.0000","0.0000","0.0000"
"100007279","CCS0010002","8.0000","8.0000","8.0000","0.0000","0.0000"
"100007280","LLRPER0057","1.0000","1.0000","1.0000","0.0000","0.0000"
"100007281","PFOU12927-35","1.0000","1.0000","1.0000","0.0000","0.0000"
"100007282","PCOU48280-21","1.0000","1.0000","0.0000","0.0000","1.0000"
"100007283","BOCI00622","1.0000","1.0000","0.0000","0.0000","1.0000"
"100007284","PRAC48621-02","1.0000","1.0000","0.0000","0.0000","1.0000"
"100007285","BOVA01222","1.0000","1.0000","1.0000","0.0000","0.0000"
"100007286","BGDCAS009","3.0000","3.0000","3.0000","0.0000","0.0000"
"100007286","BOAL00610","1.0000","1.0000","1.0000","0.0000","0.0000"
"100007287","BOVE00112","1.0000","1.0000","1.0000","0.0000","0.0000"
"100007287","BOVE00111","1.0000","1.0000","1.0000","0.0000","0.0000"
"100007288","PDOU47357-08","1.0000","1.0000","1.0000","0.0000","0.0000"
"100007289","PFLE47742-28","1.0000","1.0000","1.0000","0.0000","0.0000"
"100007289","PFLE47742-09","1.0000","1.0000","1.0000","0.0000","0.0000"
"100007290","BOVE00547","1.0000","1.0000","1.0000","0.0000","0.0000"
"100007291","BOCI00571","1.0000","1.0000","1.0000","0.0000","0.0000"
"100007292","BOVE00110","2.0000","2.0000","2.0000","0.0000","0.0000"
"100007293","BOBB00038","1.0000","0.0000","0.0000","1.0000","0.0000"
"100007294","BOVE00658","1.0000","1.0000","1.0000","0.0000","0.0000"
"100007295","PCAD47528-05","1.0000","1.0000","1.0000","0.0000","0.0000"
"100007296","BOCI00576","18.0000","18.0000","18.0000","0.0000","0.0000"
"100007297","BOVE00478","1.0000","1.0000","1.0000","0.0000","0.0000"
"100007297","BOVA01369","1.0000","1.0000","1.0000","0.0000","0.0000"
"100007298","BOVE00336","2.0000","2.0000","2.0000","0.0000","0.0000"
"100007299","PFLE47742-29","1.0000","1.0000","1.0000","0.0000","0.0000"
"100007300","BOBB00038","1.0000","1.0000","1.0000","0.0000","0.0000"
"100007301","BOVE00556","1.0000","1.0000","1.0000","0.0000","0.0000"
"100007301","BOVE00793","1.0000","1.0000","1.0000","0.0000","0.0000"
"100007301","BOVE00562","1.0000","1.0000","1.0000","0.0000","0.0000"
"100007302","PBOU44116-50","2.0000","2.0000","2.0000","0.0000","0.0000"
"100007303","CCS0010002","4.0000","4.0000","4.0000","0.0000","0.0000"
"100007304","BOVE00113","1.0000","1.0000","1.0000","0.0000","0.0000"
"100007304","BOVE00074","1.0000","1.0000","1.0000","0.0000","0.0000"
"100007304","BOVE00076","1.0000","1.0000","1.0000","0.0000","0.0000"
"100007305","ME00C127","1.0000","1.0000","1.0000","0.0000","0.0000"
"100007306","BOVE00543","3.0000","3.0000","3.0000","0.0000","0.0000"
"100007307","PFLE47742-01","1.0000","1.0000","1.0000","0.0000","0.0000"
"100007308","BOBB00260","2.0000","2.0000","2.0000","0.0000","0.0000"
"100007309","ME00C127","1.0000","1.0000","1.0000","0.0000","0.0000"
"100007310","BFILLYRE-12","10.0000","10.0000","10.0000","0.0000","0.0000"
"100007311","BOVE00616","1.0000","1.0000","1.0000","0.0000","0.0000"
"100007312","BOCI00625","1.0000","1.0000","1.0000","0.0000","0.0000"
"100007313","CCS0010011","8.0000","8.0000","8.0000","0.0000","0.0000"
"100007313","BOVE00659","1.0000","1.0000","1.0000","0.0000","0.0000"
"100007314","BOVE00339","17.0000","17.0000","17.0000","0.0000","0.0000"
"100007315","BOAL00712","15.0000","15.0000","15.0000","0.0000","0.0000"
"100007315","BOAL00713","5.0000","5.0000","5.0000","0.0000","0.0000"
"100007316","PTAM47615-25","1.0000","1.0000","1.0000","0.0000","0.0000"
"100007317","BOAL00729","1.0000","1.0000","1.0000","0.0000","0.0000"
"100007318","LLRABE0022","1.0000","1.0000","1.0000","0.0000","0.0000"
"100007319","PGRIL41727-33","6.0000","6.0000","6.0000","0.0000","0.0000"
"100007320","BOBB00098","1.0000","1.0000","1.0000","0.0000","0.0000"
"300000062","BOVE00562","2.0000","0.0000","0.0000","2.0000","0.0000"
"300000063","BOVE00562","2.0000","0.0000","0.0000","2.0000","0.0000"
"100007321","PRAC48621-02","1.0000","1.0000","0.0000","0.0000","1.0000"
"100007321","PRAC47621-03","1.0000","1.0000","0.0000","0.0000","1.0000"
"100007322","BOVE00508","2.0000","2.0000","2.0000","0.0000","0.0000"
"100007322","BOVE00512","2.0000","2.0000","2.0000","0.0000","0.0000"
"100007323","BOVE00758","1.0000","1.0000","1.0000","0.0000","0.0000"
"100007324","BOVA01417","2.0000","2.0000","2.0000","0.0000","0.0000"
"100007325","BCO0010013-BCO0010004-BCO0010001-BCO0010002-BCO0010003","1.0000","0.0000","0.0000","1.0000","0.0000"
"100007325","BCO0010004","2.0000","0.0000","0.0000","0.0000","0.0000"
"100007325","BCO0010001","2.0000","0.0000","0.0000","0.0000","0.0000"
"100007325","BCO0010002","2.0000","0.0000","0.0000","0.0000","0.0000"
"100007325","BCO0010003","2.0000","0.0000","0.0000","0.0000","0.0000"
"100007326","BOAL00076","1.0000","1.0000","1.0000","0.0000","0.0000"
"100007327","PCOU48280-45","1.0000","1.0000","1.0000","0.0000","0.0000"
"100007327","BOVA01088","6.0000","6.0000","6.0000","0.0000","0.0000"
"100007328","BOUU00027","3.0000","3.0000","3.0000","0.0000","0.0000"
"100007329","PPIQ48302-03","3.0000","3.0000","3.0000","0.0000","0.0000"
"100007330","BOVE00537","9.0000","9.0000","9.0000","0.0000","0.0000"
"100007331","ME00C51","1.0000","1.0000","1.0000","0.0000","0.0000"
"100007332","BOVE00097","2.0000","2.0000","2.0000","0.0000","0.0000"
"100007333","PSHAK41479-00","1.0000","1.0000","1.0000","0.0000","0.0000"
"100007334","BOBB00064","1.0000","1.0000","1.0000","0.0000","0.0000"
"100007335","PPLAN42537-40","1.0000","1.0000","1.0000","0.0000","0.0000"
"100007336","PTAM47615-25","1.0000","1.0000","1.0000","0.0000","0.0000"
"100007337","BOBB00106","1.0000","1.0000","1.0000","0.0000","0.0000"
"100007337","BOBB00299","1.0000","1.0000","1.0000","0.0000","0.0000"
"100007338","PCUI48280-30","1.0000","1.0000","1.0000","0.0000","0.0000"
"100007338","PCUI48280-24","1.0000","1.0000","1.0000","0.0000","0.0000"
"100007338","PCUI48280-70","1.0000","1.0000","1.0000","0.0000","0.0000"
"100007338","PCUI48280-28","1.0000","1.0000","1.0000","0.0000","0.0000"
"100007339","BOAL01185-BOAL00340-BOAL00343-BOAL00347-BOAL00349","1.0000","1.0000","1.0000","0.0000","0.0000"
"100007339","BOAL00340","1.0000","1.0000","1.0000","0.0000","0.0000"
"100007339","BOAL00343","1.0000","1.0000","1.0000","0.0000","0.0000"
"100007339","BOAL00347","1.0000","1.0000","1.0000","0.0000","0.0000"
"100007339","BOAL00349","1.0000","1.0000","1.0000","0.0000","0.0000"
"100007340","BOAL00229","2.0000","2.0000","2.0000","0.0000","0.0000"
"100007340","BOAL00248","2.0000","2.0000","2.0000","0.0000","0.0000"
"100007340","BOAL00231","1.0000","1.0000","1.0000","0.0000","0.0000"
"100007341","BOVE00286","1.0000","1.0000","1.0000","0.0000","0.0000"
"100007341","BOVE00540","1.0000","1.0000","1.0000","0.0000","0.0000"
"100007341","BOVE00542","1.0000","1.0000","1.0000","0.0000","0.0000"
"100007341","BOVE00543","1.0000","1.0000","1.0000","0.0000","0.0000"
"100007342","BOAL00473","2.0000","2.0000","2.0000","0.0000","0.0000"
"100007343","BOBB01301","2.0000","2.0000","2.0000","0.0000","0.0000"
"100007343","BOBB00302","2.0000","2.0000","2.0000","0.0000","0.0000"
"100007344","ME00C127","1.0000","1.0000","1.0000","0.0000","0.0000"
"100007345","BOAL01183-BOAL00327-BOAL00328-BOAL00329-BOAL00330","1.0000","1.0000","1.0000","0.0000","0.0000"
"100007345","BOAL00327","2.0000","1.0000","1.0000","0.0000","0.0000"
"100007345","BOAL00328","2.0000","1.0000","1.0000","0.0000","0.0000"
"100007345","BOAL00329","2.0000","1.0000","1.0000","0.0000","0.0000"
"100007345","BOAL00330","2.0000","1.0000","1.0000","0.0000","0.0000"
"100007345","BOAL01181-BOAL00327-BOAL00328-BOAL00329","1.0000","1.0000","1.0000","0.0000","0.0000"
"100007345","BOAL00327","1.0000","1.0000","1.0000","0.0000","0.0000"
"100007345","BOAL00328","1.0000","1.0000","1.0000","0.0000","0.0000"
"100007345","BOAL00329","1.0000","1.0000","1.0000","0.0000","0.0000"
"100007346","BOVA00361","1.0000","1.0000","1.0000","0.0000","0.0000"
"100007347","ME00137","1.0000","1.0000","1.0000","0.0000","0.0000"
"100007348","PPIQ48302-03","1.0000","1.0000","1.0000","0.0000","0.0000"
"100007349","SDO0028072","1.0000","1.0000","1.0000","0.0000","0.0000"
"100007349","SDO0028010","1.0000","1.0000","1.0000","0.0000","0.0000"
"100007349","SDO0028080","1.0000","1.0000","1.0000","0.0000","0.0000"
"100007349","SDO0011070","1.0000","1.0000","1.0000","0.0000","0.0000"
"100007350","BOAL01186-BOAL00340-BOAL00343-BOAL00347-BOAL00349","1.0000","1.0000","1.0000","0.0000","0.0000"
"100007350","BOAL00340","2.0000","1.0000","1.0000","0.0000","0.0000"
"100007350","BOAL00343","2.0000","1.0000","1.0000","0.0000","0.0000"
"100007350","BOAL00347","2.0000","1.0000","1.0000","0.0000","0.0000"
"100007350","BOAL00349","2.0000","1.0000","1.0000","0.0000","0.0000"
"100007350","BOBB00028","1.0000","1.0000","1.0000","0.0000","0.0000"
"100007351","BOVE00588","2.0000","2.0000","2.0000","0.0000","0.0000"
"100007351","ME00139","2.0000","2.0000","2.0000","0.0000","0.0000"
"100007352","ME00C51","1.0000","1.0000","1.0000","0.0000","0.0000"
"100007353","BOBB01301","1.0000","1.0000","1.0000","0.0000","0.0000"
"100007354","BOAL01183-BOAL00327-BOAL00328-BOAL00329-BOAL00330","1.0000","1.0000","1.0000","0.0000","0.0000"
"100007354","BOAL00327","2.0000","1.0000","1.0000","0.0000","0.0000"
"100007354","BOAL00328","2.0000","1.0000","1.0000","0.0000","0.0000"
"100007354","BOAL00329","2.0000","1.0000","1.0000","0.0000","0.0000"
"100007354","BOAL00330","2.0000","1.0000","1.0000","0.0000","0.0000"
"100007355","BGDCAS009","3.0000","3.0000","3.0000","0.0000","0.0000"
"100007355","BOVE00284","1.0000","1.0000","1.0000","0.0000","0.0000"
"100007355","BOVE00513","1.0000","1.0000","1.0000","0.0000","0.0000"
"100007355","BOVE00387","1.0000","1.0000","1.0000","0.0000","0.0000"
"100007356","PFLE47742-01","2.0000","2.0000","2.0000","0.0000","0.0000"
"100007357","BOVE00034","1.0000","1.0000","1.0000","0.0000","0.0000"
"100007357","BOVE00006","2.0000","2.0000","2.0000","0.0000","0.0000"
"100007357","BOVE00033","2.0000","2.0000","2.0000","0.0000","0.0000"
"100007358","ME00C127","1.0000","1.0000","1.0000","0.0000","0.0000"
"100007359","BOAL00348","2.0000","2.0000","2.0000","0.0000","2.0000"
"100007359","BOAL00341","2.0000","2.0000","2.0000","0.0000","2.0000"
"100007360","BCO0070011-BCO0070001-BCO0070002-BCO0070004","1.0000","1.0000","1.0000","0.0000","0.0000"
"100007360","BCO0070001","1.0000","1.0000","1.0000","0.0000","0.0000"
"100007360","BCO0070002","1.0000","1.0000","1.0000","0.0000","0.0000"
"100007360","BCO0070004","1.0000","1.0000","1.0000","0.0000","0.0000"
"100007361","BAR0110016-BAR0110002-BAR0110004-BAR0110006-BAR0110005-BAR0110001-BAR0110003-BAR0110011","1.0000","1.0000","1.0000","0.0000","0.0000"
"100007361","BAR0110002","2.0000","1.0000","1.0000","0.0000","0.0000"
"100007361","BAR0110004","2.0000","1.0000","1.0000","0.0000","0.0000"
"100007361","BAR0110006","2.0000","1.0000","1.0000","0.0000","0.0000"
"100007361","BAR0110005","2.0000","1.0000","1.0000","0.0000","0.0000"
"100007361","BAR0110001","2.0000","1.0000","1.0000","0.0000","0.0000"
"100007361","BAR0110003","2.0000","1.0000","1.0000","0.0000","0.0000"
"100007361","BAR0110011","2.0000","1.0000","1.0000","0.0000","0.0000"
"100007362","BOVA00289","2.0000","2.0000","2.0000","0.0000","0.0000"
"100007363","PTHE19709-00","1.0000","1.0000","1.0000","0.0000","0.0000"
"100007364","BOCI00635","1.0000","1.0000","1.0000","0.0000","0.0000"
"100007364","PCOU48280-10","1.0000","1.0000","1.0000","0.0000","0.0000"
"100007364","BOVE00395","1.0000","1.0000","1.0000","0.0000","0.0000"
"100007364","BOVA00062","2.0000","2.0000","2.0000","0.0000","0.0000"
"100007364","BOVA00059","2.0000","2.0000","2.0000","0.0000","0.0000"
"100007365","PTAP47680-40","1.0000","1.0000","1.0000","0.0000","0.0000"
"100007366","PAPP49844-01","1.0000","1.0000","1.0000","0.0000","0.0000"
"100007367","BOAL00716","10.0000","10.0000","10.0000","0.0000","0.0000"
"100007368","BOVA01305","2.0000","2.0000","2.0000","0.0000","0.0000"
"100007369","BOVE00222","1.0000","1.0000","1.0000","0.0000","0.0000"
"100007370","BOVE00547","1.0000","1.0000","1.0000","0.0000","0.0000"
"100007371","CBR0050001","1.0000","1.0000","1.0000","0.0000","0.0000"
"100007372","BOAL00798","2.0000","2.0000","2.0000","0.0000","0.0000"
"100007373","PFLE47742-04","1.0000","1.0000","1.0000","0.0000","0.0000"
"100007374","BA00041","1.0000","1.0000","1.0000","0.0000","0.0000"
"100007375","CIT0030001","1.0000","1.0000","1.0000","0.0000","0.0000"
"100007376","BOVE00446","1.0000","1.0000","1.0000","0.0000","0.0000"
"100007377","BOBB00270","1.0000","1.0000","1.0000","0.0000","0.0000"
"100007378","CCS0010013","12.0000","12.0000","12.0000","0.0000","0.0000"
"100007378","CCS0010002","12.0000","12.0000","12.0000","0.0000","0.0000"
"100007378","CCS0010010","12.0000","12.0000","12.0000","0.0000","0.0000"
"100007379","PPELL41736-32","1.0000","0.0000","0.0000","1.0000","0.0000"
"100007380","BOAL01182-BOAL00327-BOAL00328-BOAL00329-BOAL00330","1.0000","0.0000","0.0000","1.0000","0.0000"
"100007380","BOAL00327","1.0000","0.0000","0.0000","0.0000","0.0000"
"100007380","BOAL00328","1.0000","0.0000","0.0000","0.0000","0.0000"
"100007380","BOAL00329","1.0000","0.0000","0.0000","0.0000","0.0000"
"100007380","BOAL00330","1.0000","0.0000","0.0000","0.0000","0.0000"
"100007381","BOBB00038","2.0000","2.0000","2.0000","0.0000","0.0000"
"100007382","BOAL00697","1.0000","1.0000","1.0000","0.0000","0.0000"
"100007382","BOAL00222","1.0000","1.0000","1.0000","0.0000","0.0000"
"100007382","BOAL00264","1.0000","1.0000","1.0000","0.0000","0.0000"
"100007383","BOAL01182-BOAL00327-BOAL00328-BOAL00329-BOAL00330","1.0000","0.0000","0.0000","1.0000","0.0000"
"100007383","BOAL00327","1.0000","0.0000","0.0000","0.0000","0.0000"
"100007383","BOAL00328","1.0000","0.0000","0.0000","0.0000","0.0000"
"100007383","BOAL00329","1.0000","0.0000","0.0000","0.0000","0.0000"
"100007383","BOAL00330","1.0000","0.0000","0.0000","0.0000","0.0000"
"100007384","BOVE00559","1.0000","1.0000","1.0000","0.0000","0.0000"
"100007384","LLRCAR0139","1.0000","1.0000","1.0000","0.0000","0.0000"
"100007385","BOVE00455","1.0000","1.0000","1.0000","0.0000","0.0000"
"100007386","BOCI00290","5.0000","5.0000","5.0000","0.0000","0.0000"
"100007387","PFLE47742-30","1.0000","1.0000","1.0000","0.0000","0.0000"
"100007388","PCOU48280-23","1.0000","1.0000","1.0000","0.0000","0.0000"
"100007389","BOVE00790","1.0000","1.0000","1.0000","0.0000","0.0000"
"100007390","PCOU48280-23","3.0000","3.0000","3.0000","0.0000","0.0000"
"100007391","BOVE00591","1.0000","1.0000","1.0000","0.0000","0.0000"
"100007392","BOAL00207","1.0000","1.0000","1.0000","0.0000","0.0000"
"100007392","BOAL01432-BOAL00209-BOAL00262-BOAL00220-BOAL00239","1.0000","1.0000","1.0000","0.0000","0.0000"
"100007392","BOAL00209","1.0000","1.0000","1.0000","0.0000","0.0000"
"100007392","BOAL00262","1.0000","1.0000","1.0000","0.0000","0.0000"
"100007392","BOAL00220","1.0000","1.0000","1.0000","0.0000","0.0000"
"100007392","BOAL00239","1.0000","1.0000","1.0000","0.0000","0.0000"
"100007393","PPIER18251-02","1.0000","1.0000","1.0000","0.0000","0.0000"
"100007394","BOVE00109","2.0000","2.0000","2.0000","0.0000","0.0000"
"100007395","BOVE00770","1.0000","1.0000","1.0000","0.0000","0.0000"
"100007396","CNNCOR0001","21.0000","21.0000","21.0000","0.0000","0.0000"
"100007396","BA00001","12.0000","12.0000","12.0000","0.0000","0.0000"
"100007397","BOBB00033","20.0000","20.0000","20.0000","0.0000","0.0000"
"100007398","BOUU00012","2.0000","2.0000","2.0000","0.0000","0.0000"
"100007399","BOVE00284","4.0000","4.0000","4.0000","0.0000","0.0000"
"100007400","BOBB00182","4.0000","0.0000","0.0000","4.0000","0.0000"
"100007401","BOBB00182","4.0000","4.0000","4.0000","0.0000","0.0000"
"100007401","PTAI48280-13","1.0000","1.0000","1.0000","0.0000","0.0000"
"100007402","BOAL01182-BOAL00327-BOAL00328-BOAL00329-BOAL00330","1.0000","1.0000","1.0000","0.0000","0.0000"
"100007402","BOAL00327","1.0000","1.0000","1.0000","0.0000","0.0000"
"100007402","BOAL00328","1.0000","1.0000","1.0000","0.0000","0.0000"
"100007402","BOAL00329","1.0000","1.0000","1.0000","0.0000","0.0000"
"100007402","BOAL00330","1.0000","1.0000","1.0000","0.0000","0.0000"
"100007403","PTHE19709-00","1.0000","1.0000","1.0000","0.0000","0.0000"
"100007404","BOVE00485","2.0000","2.0000","2.0000","0.0000","0.0000"
"100007405","PCUI41473-44","1.0000","0.0000","0.0000","1.0000","0.0000"
"100007406","PCUI41473-44","1.0000","1.0000","1.0000","0.0000","1.0000"
"100007407","BOAL01413-BOAL00204-BOAL00257-BOAL00260","1.0000","0.0000","0.0000","1.0000","0.0000"
"100007407","BOAL00204","1.0000","0.0000","0.0000","0.0000","0.0000"
"100007407","BOAL00257","1.0000","0.0000","0.0000","0.0000","0.0000"
"100007407","BOAL00260","1.0000","0.0000","0.0000","0.0000","0.0000"
"100007407","BOAL01183-BOAL00327-BOAL00328-BOAL00329-BOAL00330","2.0000","0.0000","0.0000","2.0000","0.0000"
"100007407","BOAL00327","4.0000","0.0000","0.0000","0.0000","0.0000"
"100007407","BOAL00328","4.0000","0.0000","0.0000","0.0000","0.0000"
"100007407","BOAL00329","4.0000","0.0000","0.0000","0.0000","0.0000"
"100007407","BOAL00330","4.0000","0.0000","0.0000","0.0000","0.0000"
"100007407","BOAL01182-BOAL00327-BOAL00328-BOAL00329-BOAL00330","1.0000","0.0000","0.0000","1.0000","0.0000"
"100007407","BOAL00327","1.0000","0.0000","0.0000","0.0000","0.0000"
"100007407","BOAL00328","1.0000","0.0000","0.0000","0.0000","0.0000"
"100007407","BOAL00329","1.0000","0.0000","0.0000","0.0000","0.0000"
"100007407","BOAL00330","1.0000","0.0000","0.0000","0.0000","0.0000"
"100007407","BOBB00038","1.0000","0.0000","0.0000","1.0000","0.0000"
"100007408","BOAL01182-BOAL00327-BOAL00328-BOAL00329-BOAL00330","1.0000","0.0000","0.0000","1.0000","0.0000"
"100007408","BOAL00327","1.0000","0.0000","0.0000","0.0000","0.0000"
"100007408","BOAL00328","1.0000","0.0000","0.0000","0.0000","0.0000"
"100007408","BOAL00329","1.0000","0.0000","0.0000","0.0000","0.0000"
"100007408","BOAL00330","1.0000","0.0000","0.0000","0.0000","0.0000"
"100007409","BOAL01182-BOAL00327-BOAL00328-BOAL00329-BOAL00330","1.0000","0.0000","0.0000","1.0000","0.0000"
"100007409","BOAL00327","1.0000","0.0000","0.0000","0.0000","0.0000"
"100007409","BOAL00328","1.0000","0.0000","0.0000","0.0000","0.0000"
"100007409","BOAL00329","1.0000","0.0000","0.0000","0.0000","0.0000"
"100007409","BOAL00330","1.0000","0.0000","0.0000","0.0000","0.0000"
"100007410","BOAL01182-BOAL00327-BOAL00328-BOAL00329-BOAL00330","1.0000","0.0000","0.0000","1.0000","0.0000"
"100007410","BOAL00327","1.0000","0.0000","0.0000","0.0000","0.0000"
"100007410","BOAL00328","1.0000","0.0000","0.0000","0.0000","0.0000"
"100007410","BOAL00329","1.0000","0.0000","0.0000","0.0000","0.0000"
"100007410","BOAL00330","1.0000","0.0000","0.0000","0.0000","0.0000"
"100007410","BOBB00038","1.0000","0.0000","0.0000","1.0000","0.0000"
"100007411","BOBB00038","1.0000","1.0000","1.0000","0.0000","0.0000"
"100007411","BOBB00042","1.0000","1.0000","1.0000","0.0000","0.0000"
"100007411","PVASQ44946-02","2.0000","2.0000","2.0000","0.0000","0.0000"
"100007412","PLOU41670-09","1.0000","1.0000","1.0000","0.0000","0.0000"
"100007413","BOVE00109","1.0000","1.0000","1.0000","0.0000","0.0000"
"100007414","PFLE47742-29","3.0000","3.0000","3.0000","0.0000","0.0000"
"100007415","BOVE00203","2.0000","2.0000","2.0000","0.0000","0.0000"
"100007415","BOVE00202","2.0000","2.0000","2.0000","0.0000","0.0000"
"100007415","BOVE00225","2.0000","2.0000","2.0000","0.0000","0.0000"
"100007416","BOAL00484","1.0000","1.0000","1.0000","0.0000","0.0000"
"100007417","BOBB00302","5.0000","5.0000","5.0000","0.0000","0.0000"
"100007418","BOVE00658","1.0000","1.0000","1.0000","0.0000","0.0000"
"100007418","BOVE00159","1.0000","1.0000","1.0000","0.0000","0.0000"
"100007419","BOVE00470","1.0000","1.0000","1.0000","0.0000","0.0000"
"100007419","BOVE00170","1.0000","1.0000","1.0000","0.0000","0.0000"
"100007420","BCO0010013-BCO0010004-BCO0010001-BCO0010002-BCO0010003","1.0000","1.0000","1.0000","0.0000","0.0000"
"100007420","BCO0010004","2.0000","1.0000","1.0000","0.0000","0.0000"
"100007420","BCO0010001","2.0000","1.0000","1.0000","0.0000","0.0000"
"100007420","BCO0010002","2.0000","1.0000","1.0000","0.0000","0.0000"
"100007420","BCO0010003","2.0000","1.0000","1.0000","0.0000","0.0000"
"100007421","BOVE00036","1.0000","1.0000","1.0000","0.0000","0.0000"
"100007422","ME00C51","1.0000","1.0000","1.0000","0.0000","0.0000"
"100007423","BOVE00556","1.0000","1.0000","1.0000","0.0000","0.0000"
"100007423","LLRHON0094","1.0000","1.0000","1.0000","0.0000","0.0000"
"100007423","LLRBUB0095","1.0000","1.0000","1.0000","0.0000","0.0000"
"100007424","BOVE00112","1.0000","1.0000","1.0000","0.0000","0.0000"
"100007424","BOVE00111","1.0000","1.0000","1.0000","0.0000","0.0000"
"100007425","CCS0010014","8.0000","8.0000","8.0000","0.0000","0.0000"
"100007426","BOVE00255","4.0000","4.0000","4.0000","0.0000","0.0000"
"100007427","BOVA00706","1.0000","1.0000","1.0000","0.0000","0.0000"
"100007428","PCUI48278-15","1.0000","1.0000","1.0000","0.0000","0.0000"
"100007429","BOVE00511","1.0000","1.0000","1.0000","0.0000","0.0000"
"100007430","ME00C127","1.0000","1.0000","1.0000","0.0000","0.0000"
"100007431","BOVE00118","1.0000","0.0000","0.0000","1.0000","0.0000"
"100007432","BOVE00118","1.0000","0.0000","0.0000","1.0000","0.0000"
"100007433","BOVE00395","1.0000","1.0000","1.0000","0.0000","0.0000"
"100007433","LLRABE0014","1.0000","1.0000","1.0000","0.0000","0.0000"
"100007434","BOVE00037","1.0000","1.0000","1.0000","0.0000","0.0000"
"100007435","BOVE00311","1.0000","1.0000","1.0000","0.0000","0.0000"
"100007436","BOVE00590","1.0000","1.0000","1.0000","0.0000","0.0000"
"100007436","BOVE00588","1.0000","1.0000","1.0000","0.0000","0.0000"
"100007436","BOVE00584","1.0000","1.0000","1.0000","0.0000","0.0000"
"100007436","BOVA01453","1.0000","1.0000","1.0000","0.0000","0.0000"
"100007436","ME00267","1.0000","1.0000","1.0000","0.0000","0.0000"
"100007437","BOVE00468","1.0000","1.0000","1.0000","0.0000","0.0000"
"100007438","BOVA01284","1.0000","1.0000","1.0000","0.0000","0.0000"
"100007439","ME00444","1.0000","1.0000","1.0000","0.0000","0.0000"
"100007440","PFLE47742-29","2.0000","2.0000","2.0000","0.0000","0.0000"
"100007441","CCS0010013","8.0000","8.0000","8.0000","0.0000","0.0000"
"100007442","PFLE47742-02","2.0000","2.0000","2.0000","0.0000","0.0000"
"100007443","BOVA01286","2.0000","2.0000","2.0000","0.0000","0.0000"
"100007444","PACR41670-AB","1.0000","1.0000","1.0000","0.0000","0.0000"
"100007445","BOVE00425","1.0000","1.0000","1.0000","0.0000","1.0000"
"100007446","BOBB00084","1.0000","1.0000","1.0000","0.0000","0.0000"
"100007447","PCUI48280-24","1.0000","1.0000","1.0000","0.0000","0.0000"
"100007447","PCUI48280-26","1.0000","1.0000","1.0000","0.0000","0.0000"
"100007447","PCUI48280-29","1.0000","1.0000","1.0000","0.0000","0.0000"
"100007447","PCUI48280-30","1.0000","1.0000","1.0000","0.0000","0.0000"
"100007448","BOAL00796","1.0000","1.0000","1.0000","0.0000","0.0000"
"100007449","BOVE00557","2.0000","2.0000","2.0000","0.0000","0.0000"
"100007450","BOCI00317","1.0000","1.0000","1.0000","0.0000","0.0000"
"100007451","PACR41670-AA","1.0000","1.0000","1.0000","0.0000","0.0000"
"100007452","BOVE00372","1.0000","1.0000","1.0000","0.0000","0.0000"
"100007453","BET0120001-BOAL00617-BOAL00623-BOAL00619","2.0000","2.0000","2.0000","0.0000","0.0000"
"100007453","BOAL00617","2.0000","1.0000","1.0000","0.0000","0.0000"
"100007453","BOAL00623","2.0000","1.0000","1.0000","0.0000","0.0000"
"100007453","BOAL00619","2.0000","1.0000","1.0000","0.0000","0.0000"
"100007453","BOAL00695","2.0000","2.0000","2.0000","0.0000","0.0000"
"100007454","PTHE19709-00","1.0000","1.0000","1.0000","0.0000","0.0000"
"100007455","BOCI00735","1.0000","1.0000","1.0000","0.0000","0.0000"
"100007456","BOAL00941","1.0000","1.0000","1.0000","0.0000","0.0000"
"100007457","BOVE00503","3.0000","3.0000","3.0000","0.0000","0.0000"
"100007458","BOVE00309","1.0000","1.0000","1.0000","0.0000","0.0000"
"100007459","BOVE00469","1.0000","1.0000","1.0000","0.0000","0.0000"
"100007460","BOVA01081","22.0000","22.0000","22.0000","0.0000","0.0000"
"100007461","BOVE00113","1.0000","1.0000","1.0000","0.0000","0.0000"
"100007461","BOVE00658","1.0000","1.0000","1.0000","0.0000","0.0000"
"100007462","BOVE00789","1.0000","1.0000","1.0000","0.0000","0.0000"
"100007463","BOCI00855","1.0000","1.0000","1.0000","0.0000","1.0000"
"100007463","BOCI00853","1.0000","1.0000","1.0000","0.0000","0.0000"
"100007464","BOAL01271-BOAL00478-BOAL00482-BOAL00484-BOAL00486","1.0000","1.0000","1.0000","0.0000","0.0000"
"100007464","BOAL00478","2.0000","1.0000","1.0000","0.0000","0.0000"
"100007464","BOAL00482","2.0000","1.0000","1.0000","0.0000","0.0000"
"100007464","BOAL00484","2.0000","1.0000","1.0000","0.0000","0.0000"
"100007464","BOAL00486","2.0000","1.0000","1.0000","0.0000","0.0000"
"100007465","BOVE00483","1.0000","1.0000","1.0000","0.0000","0.0000"
"100007466","BOVA00416","6.0000","6.0000","6.0000","0.0000","0.0000"
"100007467","ME00296","1.0000","1.0000","1.0000","0.0000","0.0000"
"100007468","PRAC18501-03","1.0000","1.0000","1.0000","0.0000","0.0000"
"100007468","PROU48280-32","1.0000","1.0000","1.0000","0.0000","0.0000"
"100007469","BOVE00116","1.0000","1.0000","1.0000","0.0000","0.0000"
"100007469","BOVE00117","1.0000","1.0000","1.0000","0.0000","0.0000"
"100007469","CNNPOT0002","2.0000","2.0000","2.0000","0.0000","0.0000"
"100007469","BOVE00224","1.0000","1.0000","1.0000","0.0000","0.0000"
"100007470","ME00C51","1.0000","1.0000","1.0000","0.0000","0.0000"
"100007471","PFLE47742-15","1.0000","1.0000","1.0000","0.0000","0.0000"
"100007472","BOVE00588","1.0000","0.0000","0.0000","1.0000","0.0000"
"100007473","BOAL01182-BOAL00327-BOAL00328-BOAL00329-BOAL00330","1.0000","1.0000","1.0000","0.0000","0.0000"
"100007473","BOAL00327","1.0000","1.0000","1.0000","0.0000","0.0000"
"100007473","BOAL00328","1.0000","1.0000","1.0000","0.0000","0.0000"
"100007473","BOAL00329","1.0000","1.0000","1.0000","0.0000","0.0000"
"100007473","BOAL00330","1.0000","1.0000","1.0000","0.0000","0.0000"
"100007474","PTAP47680-40","1.0000","1.0000","1.0000","0.0000","0.0000"
"100007475","ME00C127","1.0000","1.0000","1.0000","0.0000","0.0000"
"100007476","ME00178","1.0000","1.0000","1.0000","0.0000","0.0000"
"100007476","BOVE00588","1.0000","1.0000","1.0000","0.0000","0.0000"
"100007477","LLRBOR0118","1.0000","1.0000","1.0000","0.0000","0.0000"
"100007478","PCUI48280-24","1.0000","1.0000","1.0000","0.0000","0.0000"
"100007479","BOCI00489","1.0000","1.0000","1.0000","0.0000","0.0000"
"100007480","BOVE00118","1.0000","1.0000","1.0000","0.0000","0.0000"
"100007481","BOCI00395","1.0000","1.0000","1.0000","0.0000","0.0000"
"100007482","BOVE00520","1.0000","1.0000","1.0000","0.0000","0.0000"
"100007483","BOBB00032","1.0000","1.0000","1.0000","0.0000","0.0000"
"100007483","BOBB00028","1.0000","1.0000","1.0000","0.0000","0.0000"
"100007484","BOVE00452","1.0000","1.0000","1.0000","0.0000","0.0000"
"100007484","BOVE00482","1.0000","1.0000","1.0000","0.0000","0.0000"
"100007485","BOVA01436","6.0000","6.0000","6.0000","0.0000","0.0000"
"100007486","PBAR41510-05","1.0000","1.0000","1.0000","0.0000","0.0000"
"100007486","PMESU41604-00","1.0000","1.0000","1.0000","0.0000","0.0000"
"100007486","PPABAR0001","1.0000","1.0000","1.0000","0.0000","0.0000"
"100007486","BOVE00423","1.0000","1.0000","1.0000","0.0000","0.0000"
"100007487","BOAL01401-BOAL00208-BOAL00264-BOAL00222-BOAL00241-BOAL00190-BOAL00248-BOAL00231-BOAL00229","1.0000","1.0000","1.0000","0.0000","0.0000"
"100007488","BOAL01401-BOAL00208-BOAL00264-BOAL00222-BOAL00241-BOAL00190-BOAL00248-BOAL00231-BOAL00229","1.0000","0.0000","0.0000","1.0000","0.0000"
"100007488","BOAL00208","2.0000","0.0000","0.0000","0.0000","0.0000"
"100007488","BOAL00264","2.0000","0.0000","0.0000","0.0000","0.0000"
"100007488","BOAL00222","2.0000","0.0000","0.0000","0.0000","0.0000"
"100007488","BOAL00241","2.0000","0.0000","0.0000","0.0000","0.0000"
"100007488","BOAL00190","2.0000","0.0000","0.0000","0.0000","0.0000"
"100007488","BOAL00248","2.0000","0.0000","0.0000","0.0000","0.0000"
"100007488","BOAL00231","2.0000","0.0000","0.0000","0.0000","0.0000"
"100007488","BOAL00229","2.0000","0.0000","0.0000","0.0000","0.0000"
"100007489","BOAL01401-BOAL00208-BOAL00264-BOAL00222-BOAL00241-BOAL00190-BOAL00248-BOAL00231-BOAL00229","1.0000","0.0000","0.0000","1.0000","0.0000"
"100007489","BOAL00208","2.0000","0.0000","0.0000","0.0000","0.0000"
"100007489","BOAL00264","2.0000","0.0000","0.0000","0.0000","0.0000"
"100007489","BOAL00222","2.0000","0.0000","0.0000","0.0000","0.0000"
"100007489","BOAL00241","2.0000","0.0000","0.0000","0.0000","0.0000"
"100007489","BOAL00190","2.0000","0.0000","0.0000","0.0000","0.0000"
"100007489","BOAL00248","2.0000","0.0000","0.0000","0.0000","0.0000"
"100007489","BOAL00231","2.0000","0.0000","0.0000","0.0000","0.0000"
"100007489","BOAL00229","2.0000","0.0000","0.0000","0.0000","0.0000"
"100007490","ME00036","1.0000","1.0000","1.0000","0.0000","1.0000"
"100007491","PFLE47742-14","2.0000","2.0000","2.0000","0.0000","0.0000"
"100007491","PFLE47742-56","2.0000","2.0000","2.0000","0.0000","0.0000"
"100007491","BOCI00744","2.0000","2.0000","2.0000","0.0000","0.0000"
"100007491","PCHA47841-03","1.0000","1.0000","1.0000","0.0000","0.0000"
"100007491","PFLE47742-61","2.0000","2.0000","2.0000","0.0000","0.0000"
"100007491","PFLE47742-25","2.0000","2.0000","2.0000","0.0000","0.0000"
"100007491","PFLE47742-41","2.0000","2.0000","2.0000","0.0000","0.0000"
"100007492","CCS0010008","8.0000","8.0000","8.0000","0.0000","0.0000"
"100007493","BOVA01215","4.0000","4.0000","4.0000","0.0000","0.0000"
"100007493","BOVA01213","4.0000","4.0000","4.0000","0.0000","0.0000"
"100007493","BOVA01212","4.0000","4.0000","4.0000","0.0000","0.0000"
"100007494","ME00234","1.0000","1.0000","1.0000","0.0000","0.0000"
"100007494","ME00237","1.0000","1.0000","1.0000","0.0000","0.0000"
"100007494","ME00239","1.0000","1.0000","1.0000","0.0000","0.0000"
"100007495","BOVE00555","2.0000","2.0000","2.0000","0.0000","0.0000"
"100007496","BOCI00514","1.0000","1.0000","1.0000","0.0000","0.0000"
"100007497","ME00C127","1.0000","1.0000","1.0000","0.0000","0.0000"
"100007498","FFE0060009","1.0000","1.0000","1.0000","0.0000","0.0000"
"100007499","ME00C127","1.0000","1.0000","1.0000","0.0000","0.0000"
"100007500","PTHE19709-00","1.0000","1.0000","1.0000","0.0000","0.0000"
"100007501","BOVA00358","7.0000","7.0000","7.0000","0.0000","0.0000"
"100007501","BOVA00357","6.0000","6.0000","6.0000","0.0000","0.0000"
"100007502","PFLE47742-02","1.0000","1.0000","1.0000","0.0000","0.0000"
"100007502","PFLE47742-15","1.0000","1.0000","1.0000","0.0000","0.0000"
"100007503","PFLE47742-62","1.0000","1.0000","1.0000","0.0000","0.0000"
"100007503","PFLE47742-59","2.0000","2.0000","2.0000","0.0000","0.0000"
"100007503","PFLE47742-45","1.0000","1.0000","1.0000","0.0000","0.0000"
"100007503","PFLE47742-34","1.0000","1.0000","1.0000","0.0000","0.0000"
"100007503","PFLE47742-47","1.0000","1.0000","1.0000","0.0000","0.0000"
"100007503","PFLE47742-57","1.0000","1.0000","1.0000","0.0000","0.0000"
"100007503","PFLE47742-54","1.0000","1.0000","1.0000","0.0000","0.0000"
"100007504","BOCI00514","1.0000","1.0000","1.0000","0.0000","0.0000"
"100007505","BOAL01186-BOAL00340-BOAL00343-BOAL00347-BOAL00349","1.0000","0.0000","0.0000","1.0000","0.0000"
"100007505","BOAL00340","2.0000","0.0000","0.0000","0.0000","0.0000"
"100007505","BOAL00343","2.0000","0.0000","0.0000","0.0000","0.0000"
"100007505","BOAL00347","2.0000","0.0000","0.0000","0.0000","0.0000"
"100007505","BOAL00349","2.0000","0.0000","0.0000","0.0000","0.0000"
"100007505","BOVE00228","1.0000","0.0000","0.0000","1.0000","0.0000"
"100007506","BOAL01186-BOAL00340-BOAL00343-BOAL00347-BOAL00349","1.0000","1.0000","1.0000","0.0000","0.0000"
"100007506","BOAL00340","2.0000","1.0000","1.0000","0.0000","0.0000"
"100007506","BOAL00343","2.0000","1.0000","1.0000","0.0000","0.0000"
"100007506","BOAL00347","2.0000","1.0000","1.0000","0.0000","0.0000"
"100007506","BOAL00349","2.0000","1.0000","1.0000","0.0000","0.0000"
"100007506","BOVE00228","1.0000","1.0000","1.0000","0.0000","0.0000"
"100007507","BOVE00386","2.0000","2.0000","2.0000","0.0000","0.0000"
"100007508","LLRCIR0129","2.0000","2.0000","2.0000","0.0000","0.0000"
"100007509","BOVE00113","2.0000","0.0000","0.0000","2.0000","0.0000"
"100007510","BOVE00113","2.0000","2.0000","2.0000","0.0000","0.0000"
"100007511","PLOU41670-06","1.0000","1.0000","1.0000","0.0000","0.0000"
"100007511","PPLAN42521-16","1.0000","1.0000","1.0000","0.0000","0.0000"
"100007511","PPLAN42521-24","1.0000","1.0000","1.0000","0.0000","0.0000"
"100007511","PEPL48280-52","1.0000","1.0000","1.0000","0.0000","0.0000"
"100007511","BOCI00486","1.0000","1.0000","1.0000","0.0000","0.0000"
"100007511","PCUI48280-24","1.0000","1.0000","1.0000","0.0000","0.0000"
"100007511","PPOT47606-10","1.0000","1.0000","1.0000","0.0000","0.0000"
"100007511","BOCI00840","1.0000","1.0000","1.0000","0.0000","0.0000"
"100007511","PMOU42930P00","1.0000","1.0000","1.0000","0.0000","0.0000"
"100007511","PMOU42930S00","1.0000","1.0000","1.0000","0.0000","0.0000"
"100007512","BOVE00312","2.0000","2.0000","2.0000","0.0000","0.0000"
"100007512","BOVE00313","2.0000","2.0000","2.0000","0.0000","0.0000"
"100007513","PPOT47606-20","1.0000","0.0000","0.0000","1.0000","0.0000"
"100007513","PPOT47606-30","1.0000","0.0000","0.0000","1.0000","0.0000"
"100007514","PPOT47606-20","1.0000","0.0000","0.0000","1.0000","0.0000"
"100007514","PPOT47606-30","1.0000","0.0000","0.0000","1.0000","0.0000"
"100007515","PPOT47606-20","1.0000","1.0000","1.0000","0.0000","0.0000"
"100007515","PPOT47606-30","1.0000","1.0000","1.0000","0.0000","0.0000"
"100007516","BOVA01305","2.0000","0.0000","0.0000","2.0000","0.0000"
"100007517","BOVA01305","2.0000","2.0000","2.0000","0.0000","0.0000"
"100007518","VOL00048","1.0000","1.0000","1.0000","0.0000","0.0000"
"100007519","PLIM41699-06","3.0000","3.0000","3.0000","0.0000","0.0000"
"100007520","BOVE00292","2.0000","2.0000","2.0000","0.0000","0.0000"
"100007520","BOVE00354","2.0000","2.0000","2.0000","0.0000","0.0000"
"100007520","BOVE00355","1.0000","1.0000","1.0000","0.0000","0.0000"
"100007521","BOBB00065","1.0000","1.0000","1.0000","0.0000","0.0000"
"100007521","PPASS41603-00","1.0000","1.0000","1.0000","0.0000","0.0000"
"100007521","CBR0050001","1.0000","1.0000","1.0000","0.0000","0.0000"
"100007521","PPAI48303-28","1.0000","1.0000","1.0000","0.0000","0.0000"
"100007522","CNNPLA0026","1.0000","1.0000","1.0000","0.0000","0.0000"
"100007523","ME00C127","1.0000","1.0000","1.0000","0.0000","0.0000"
"100007524","CCS0010011","4.0000","0.0000","0.0000","4.0000","0.0000"
"100007525","BOCI00394","1.0000","0.0000","0.0000","1.0000","0.0000"
"100007526","CCS0010011","4.0000","4.0000","4.0000","0.0000","0.0000"
"100007527","PCOU48280-23","1.0000","1.0000","1.0000","0.0000","0.0000"
"100007528","CCS0010002","6.0000","6.0000","6.0000","0.0000","0.0000"
"100007529","BOVE00360","1.0000","1.0000","1.0000","0.0000","0.0000"
"100007530","BOVE00503","1.0000","1.0000","1.0000","0.0000","0.0000"
"100007531","ME00C127","1.0000","1.0000","1.0000","0.0000","0.0000"
"100007532","BOBB00080","2.0000","2.0000","2.0000","0.0000","0.0000"
"100007532","BOBB00076","1.0000","1.0000","1.0000","0.0000","0.0000"
"100007532","BOBB00074","1.0000","1.0000","1.0000","0.0000","0.0000"
"100007532","BOBB00096","1.0000","1.0000","1.0000","0.0000","0.0000"
"100007533","BOAL00356","2.0000","2.0000","2.0000","0.0000","0.0000"
"100007534","BOAL01522-BOAL01508-BOAL01509-BOAL01510","1.0000","1.0000","1.0000","0.0000","0.0000"
"100007534","BOAL01508","1.0000","1.0000","1.0000","0.0000","0.0000"
"100007534","BOAL01509","1.0000","1.0000","1.0000","0.0000","0.0000"
"100007534","BOAL01510","1.0000","1.0000","1.0000","0.0000","0.0000"
"100007534","BOAL01520","1.0000","1.0000","1.0000","0.0000","0.0000"
"100007535","BOAL00711","20.0000","20.0000","20.0000","0.0000","0.0000"
"100007536","BOAL01174C-BOAL00317-BOAL00321-BOAL00323-BOAL00325-ME00C51","1.0000","1.0000","1.0000","0.0000","0.0000"
"100007536","BOAL00317","2.0000","1.0000","1.0000","0.0000","0.0000"
"100007536","BOAL00321","2.0000","1.0000","1.0000","0.0000","0.0000"
"100007536","BOAL00323","2.0000","1.0000","1.0000","0.0000","0.0000"
"100007536","BOAL00325","2.0000","1.0000","1.0000","0.0000","0.0000"
"100007536","ME00C51","1.0000","1.0000","1.0000","0.0000","0.0000"
"100007536","BOCI00499","1.0000","1.0000","1.0000","0.0000","0.0000"
"100007536","BOVA01313","1.0000","1.0000","1.0000","0.0000","0.0000"
"100007537","BBR0010002","1.0000","1.0000","1.0000","0.0000","0.0000"
"100007538","BOBB00096","20.0000","0.0000","0.0000","20.0000","0.0000"
"100007539","BOBB00096","20.0000","20.0000","20.0000","0.0000","0.0000"
"100007540","BOAL01130-BOAL00167-BOAL00170-BOAL00175-BOAL00173","1.0000","1.0000","1.0000","0.0000","0.0000"
"100007540","BOAL00167","1.0000","1.0000","1.0000","0.0000","0.0000"
"100007540","BOAL00170","1.0000","1.0000","1.0000","0.0000","0.0000"
"100007540","BOAL00175","1.0000","1.0000","1.0000","0.0000","0.0000"
"100007540","BOAL00173","1.0000","1.0000","1.0000","0.0000","0.0000"
"100007541","CBR0050001","2.0000","0.0000","0.0000","2.0000","0.0000"
"100007542","CBRVIV0001","3.0000","3.0000","3.0000","0.0000","0.0000"
"100007543","PSHAK41483-06","3.0000","3.0000","3.0000","0.0000","0.0000"
"100007543","BOVE00542","2.0000","2.0000","2.0000","0.0000","0.0000"
"100007543","BOVE00577","1.0000","1.0000","1.0000","0.0000","0.0000"
"100007544","BOCI00582","1.0000","1.0000","1.0000","0.0000","0.0000"
"100007545","PSPR41635-PSPR41635-00-PSPR41635-01","1.0000","1.0000","1.0000","0.0000","0.0000"
"100007545","PSPR41635-00","1.0000","1.0000","1.0000","0.0000","0.0000"
"100007545","PSPR41635-01","1.0000","1.0000","1.0000","0.0000","0.0000"
"100007546","CBR0050001","2.0000","2.0000","2.0000","0.0000","0.0000"
"100007546","BOVE00568","1.0000","1.0000","1.0000","0.0000","0.0000"
"100007546","BOVE00558","2.0000","2.0000","2.0000","0.0000","0.0000"
"100007546","BOVE00005","1.0000","1.0000","1.0000","0.0000","0.0000"
"100007547","BOCI00854","1.0000","1.0000","1.0000","0.0000","0.0000"
"100007548","BOVE00117","3.0000","3.0000","3.0000","0.0000","0.0000"
"100007549","ME00C127","1.0000","1.0000","1.0000","0.0000","0.0000"
"100007550","CBR0050001","2.0000","2.0000","2.0000","0.0000","0.0000"
"100007551","BOAL00341","2.0000","2.0000","2.0000","0.0000","0.0000"
"100007551","BOAL01186-BOAL00340-BOAL00343-BOAL00347-BOAL00349","1.0000","1.0000","1.0000","0.0000","0.0000"
"100007551","BOAL00340","2.0000","1.0000","1.0000","0.0000","0.0000"
"100007551","BOAL00343","2.0000","1.0000","1.0000","0.0000","0.0000"
"100007551","BOAL00347","2.0000","1.0000","1.0000","0.0000","0.0000"
"100007551","BOAL00349","2.0000","1.0000","1.0000","0.0000","0.0000"
"100007552","BOAL01186-BOAL00340-BOAL00343-BOAL00347-BOAL00349","1.0000","1.0000","1.0000","0.0000","0.0000"
"100007552","BOAL00340","2.0000","1.0000","1.0000","0.0000","0.0000"
"100007552","BOAL00343","2.0000","1.0000","1.0000","0.0000","0.0000"
"100007552","BOAL00347","2.0000","1.0000","1.0000","0.0000","0.0000"
"100007552","BOAL00349","2.0000","1.0000","1.0000","0.0000","0.0000"
"100007552","BOAL00341","2.0000","2.0000","2.0000","0.0000","0.0000"
"100007553","BOVA01134","1.0000","1.0000","1.0000","0.0000","0.0000"
"100007553","BOVA01234","2.0000","2.0000","2.0000","0.0000","0.0000"
"100007554","BOVE00483","1.0000","1.0000","1.0000","0.0000","0.0000"
"100007555","BOVE00587","1.0000","1.0000","1.0000","0.0000","0.0000"
"100007555","BOVE00588","1.0000","1.0000","1.0000","0.0000","0.0000"
"100007556","BET0160003-BOAL00664-BOAL00665-BOAL00668-BOAL00666","2.0000","2.0000","2.0000","0.0000","0.0000"
"100007556","BOAL00664","4.0000","1.0000","1.0000","0.0000","0.0000"
"100007556","BOAL00665","4.0000","1.0000","1.0000","0.0000","0.0000"
"100007556","BOAL00668","4.0000","1.0000","1.0000","0.0000","0.0000"
"100007556","BOAL00666","4.0000","1.0000","1.0000","0.0000","0.0000"
"100007556","BOAL00666","2.0000","2.0000","2.0000","0.0000","0.0000"
"100007557","BOBB00270","5.0000","5.0000","5.0000","0.0000","0.0000"
"100007557","BOVE00425","5.0000","5.0000","5.0000","0.0000","0.0000"
"100007558","BOVA01416","1.0000","1.0000","1.0000","0.0000","0.0000"
"100007559","PRAP42556-00","2.0000","2.0000","2.0000","0.0000","0.0000"
"100007560","BOVE00113","1.0000","0.0000","0.0000","1.0000","0.0000"
"100007561","BOCI00622","3.0000","3.0000","3.0000","0.0000","0.0000"
"100007562","BOVE00113","1.0000","0.0000","0.0000","1.0000","0.0000"
"100007563","BOVE00113","1.0000","1.0000","1.0000","0.0000","0.0000"
"100007564","CCS0010013","1.0000","0.0000","0.0000","1.0000","0.0000"
"100007565","BOVE00160","2.0000","2.0000","2.0000","0.0000","0.0000"
"100007566","BOVA01396","2.0000","2.0000","2.0000","0.0000","0.0000"
"100007567","LLRALT0127","5.0000","5.0000","5.0000","0.0000","0.0000"
"100007567","BOBB00043","5.0000","5.0000","5.0000","0.0000","0.0000"
"100007567","BOBB00010","1.0000","1.0000","1.0000","0.0000","0.0000"
"100007568","PCUI41473-39","2.0000","2.0000","2.0000","0.0000","0.0000"
"100007569","CCS0010008","6.0000","6.0000","6.0000","0.0000","0.0000"
"100007570","BOVE00522","6.0000","6.0000","6.0000","0.0000","0.0000"
"100007570","BOVE00454","3.0000","3.0000","3.0000","0.0000","0.0000"
"100007570","BOBB00206","1.0000","1.0000","1.0000","0.0000","0.0000"
"100007570","LLRABE0018","2.0000","2.0000","2.0000","0.0000","0.0000"
"100007570","BOUU00057","1.0000","1.0000","1.0000","0.0000","0.0000"
"100007571","BOVE00373","1.0000","1.0000","1.0000","0.0000","0.0000"
"100007571","BOVE00372","1.0000","1.0000","1.0000","0.0000","0.0000"
"100007571","CBR0010001","1.0000","1.0000","1.0000","0.0000","0.0000"
"100007572","ME00C51","1.0000","1.0000","1.0000","0.0000","0.0000"
"100007573","ME00C51","1.0000","1.0000","1.0000","0.0000","0.0000"
"100007574","PCIS18276-00","1.0000","1.0000","1.0000","0.0000","0.0000"
"100007575","ME00C51","1.0000","1.0000","1.0000","0.0000","0.0000"
"100007576","PTHE19709-00","1.0000","1.0000","1.0000","0.0000","0.0000"
"100007577","BOVE00391","2.0000","0.0000","0.0000","2.0000","0.0000"
"100007577","BOVE00389","2.0000","0.0000","0.0000","2.0000","0.0000"
"100007577","BOVE00389IB","1.0000","0.0000","0.0000","1.0000","0.0000"
"100007577","BOVE00391IB","1.0000","0.0000","0.0000","1.0000","0.0000"
"100007578","BOVE00313","1.0000","1.0000","1.0000","0.0000","0.0000"
"100007579","BOUU00047","1.0000","1.0000","1.0000","0.0000","0.0000"
"100007580","PFLE47742-20","2.0000","2.0000","2.0000","0.0000","0.0000"
"100007581","BOVE00788","2.0000","2.0000","2.0000","0.0000","0.0000"
"100007582","BOVA01080","3.0000","3.0000","3.0000","0.0000","0.0000"
"300000064","BOBB00057","1.0000","0.0000","0.0000","1.0000","0.0000"
"300000064","BOVA00529","1.0000","0.0000","0.0000","1.0000","0.0000"
"300000064","BOVE00286","1.0000","0.0000","0.0000","1.0000","0.0000"
"300000064","BOVE00362","1.0000","0.0000","0.0000","1.0000","0.0000"
"300000064","BOVE00345","1.0000","0.0000","0.0000","1.0000","0.0000"
"100007583","BOUU00020","10.0000","10.0000","10.0000","0.0000","0.0000"
"100007584","CAR0070001","4.0000","4.0000","4.0000","0.0000","0.0000"
"100007585","ME00C127","1.0000","1.0000","1.0000","0.0000","0.0000"
"100007585","ME00C51","1.0000","1.0000","1.0000","0.0000","0.0000"
"100007585","CCS0010002","4.0000","4.0000","4.0000","0.0000","0.0000"
"100007586","CCS0010010","6.0000","6.0000","6.0000","0.0000","0.0000"
"100007587","ME00C127","1.0000","1.0000","1.0000","0.0000","0.0000"
"100007588","BOBB00014","12.0000","12.0000","12.0000","0.0000","0.0000"
"100007589","BAR0110009-BAR0110002-BAR0110004-BAR0110006-BAR0110005","1.0000","1.0000","1.0000","0.0000","0.0000"
"100007589","BAR0110002","2.0000","1.0000","1.0000","0.0000","0.0000"
"100007589","BAR0110004","2.0000","1.0000","1.0000","0.0000","0.0000"
"100007589","BAR0110006","2.0000","1.0000","1.0000","0.0000","0.0000"
"100007589","BAR0110005","2.0000","1.0000","1.0000","0.0000","0.0000"
"100007590","BOVE00111","5.0000","5.0000","5.0000","0.0000","0.0000"
"100007591","ME00C127","1.0000","1.0000","1.0000","0.0000","0.0000"
"100007592","BOCI00795","8.0000","0.0000","0.0000","8.0000","0.0000"
"100007593","PPELL41737-20","1.0000","1.0000","1.0000","0.0000","0.0000"
"100007594","PPELL41737-20","1.0000","1.0000","1.0000","0.0000","0.0000"
"100007595","BOAL01186-BOAL00340-BOAL00343-BOAL00347-BOAL00349","1.0000","1.0000","1.0000","0.0000","0.0000"
"100007596","PTHE19709-00","1.0000","1.0000","1.0000","0.0000","0.0000"
"100007597","PBOU44114-02","3.0000","3.0000","3.0000","0.0000","0.0000"
"100007598","BOAL01183-BOAL00327-BOAL00328-BOAL00329-BOAL00330","1.0000","1.0000","1.0000","0.0000","0.0000"
"100007598","BOAL00327","2.0000","1.0000","1.0000","0.0000","0.0000"
"100007598","BOAL00328","2.0000","1.0000","1.0000","0.0000","0.0000"
"100007598","BOAL00329","2.0000","1.0000","1.0000","0.0000","0.0000"
"100007598","BOAL00330","2.0000","1.0000","1.0000","0.0000","0.0000"
"100007599","BOCI00744","1.0000","1.0000","1.0000","0.0000","0.0000"
"100007600","PFLE47742-47","3.0000","3.0000","3.0000","0.0000","0.0000"
"100007601","BOVE00443","1.0000","1.0000","1.0000","0.0000","0.0000"
"100007602","CCS0010002","4.0000","4.0000","4.0000","0.0000","0.0000"
"100007603","PDECO47415-06","3.0000","3.0000","3.0000","0.0000","0.0000"
"100007603","PDECO47414-06","3.0000","3.0000","3.0000","0.0000","0.0000"
"100007603","BOCI00620","1.0000","1.0000","1.0000","0.0000","0.0000"
"100007604","BOVE00378","1.0000","1.0000","1.0000","0.0000","0.0000"
"100007605","BOVE00248","1.0000","1.0000","1.0000","0.0000","0.0000"
"100007606","BOBB00098","1.0000","1.0000","1.0000","0.0000","0.0000"
"100007607","PTAP47689-60","1.0000","0.0000","0.0000","1.0000","0.0000"
"100007607","BOCI00636","1.0000","0.0000","0.0000","1.0000","0.0000"
"100007607","BOVA00059","1.0000","0.0000","0.0000","1.0000","0.0000"
"100007607","BOVA00773","4.0000","0.0000","0.0000","4.0000","0.0000"
"100007607","PTAI48280-13","1.0000","0.0000","0.0000","1.0000","0.0000"
"100007607","PCUI48280-30","1.0000","0.0000","0.0000","1.0000","0.0000"
"100007607","LLRABE0021","1.0000","0.0000","0.0000","1.0000","0.0000"
"100007608","PTAP47689-60","1.0000","1.0000","1.0000","0.0000","0.0000"
"100007608","BOVA00059","1.0000","1.0000","1.0000","0.0000","0.0000"
"100007608","BOVA00773","4.0000","4.0000","4.0000","0.0000","0.0000"
"100007608","PTAI48280-13","1.0000","1.0000","1.0000","0.0000","0.0000"
"100007608","PCUI48280-30","1.0000","1.0000","1.0000","0.0000","0.0000"
"100007608","LLRABE0021","1.0000","1.0000","1.0000","0.0000","0.0000"
"100007609","PCHO44940-08","1.0000","1.0000","1.0000","0.0000","0.0000"
"100007610","BOVE00503","1.0000","1.0000","1.0000","0.0000","0.0000"
"100007611","BOAL00746","1.0000","0.0000","0.0000","1.0000","0.0000"
"100007611","BOAL00762","1.0000","0.0000","0.0000","1.0000","0.0000"
"100007612","BOAL00746","1.0000","0.0000","0.0000","1.0000","0.0000"
"100007612","BOAL00762","1.0000","0.0000","0.0000","1.0000","0.0000"
"100007613","BOAL00746","1.0000","1.0000","1.0000","0.0000","0.0000"
"100007613","BOAL00762","1.0000","1.0000","1.0000","0.0000","0.0000"
"100007614","BOVE00606","2.0000","2.0000","2.0000","0.0000","0.0000"
"100007614","BOVE00391IB","1.0000","1.0000","1.0000","0.0000","0.0000"
"100007614","BOVE00389IB","1.0000","1.0000","1.0000","0.0000","0.0000"
"100007614","CCS0010011","4.0000","4.0000","4.0000","0.0000","0.0000"
"100007614","BOVE00391","2.0000","2.0000","2.0000","0.0000","0.0000"
"100007614","BOVE00389","2.0000","2.0000","2.0000","0.0000","0.0000"
"100007615","BOVE00485","1.0000","1.0000","1.0000","0.0000","0.0000"
"100007616","PFLE47742-33","1.0000","1.0000","1.0000","0.0000","0.0000"
"100007616","PFLE47742-08","1.0000","1.0000","1.0000","0.0000","0.0000"
"100007617","BOVE00797-BOVE00796-BOVE00795-BOVE00794","6.0000","6.0000","6.0000","0.0000","0.0000"
"100007617","BOVE00796","6.0000","1.0000","1.0000","0.0000","0.0000"
"100007617","BOVE00795","6.0000","1.0000","1.0000","0.0000","0.0000"
"100007617","BOVE00794","6.0000","1.0000","1.0000","0.0000","0.0000"
"100007618","BOVE00452","2.0000","2.0000","2.0000","0.0000","0.0000"
"100007619","BOVE00485","1.0000","1.0000","1.0000","0.0000","0.0000"
"100007620","PFLE47742-34","2.0000","2.0000","2.0000","0.0000","0.0000"
"100007620","PFLE47742-41","1.0000","1.0000","1.0000","0.0000","0.0000"
"100007620","PFLE47742-07","2.0000","2.0000","2.0000","0.0000","0.0000"
"100007621","BOAL00724","1.0000","1.0000","1.0000","0.0000","0.0000"
"100007622","BOVA01286","6.0000","0.0000","0.0000","6.0000","0.0000"
"100007623","BOVA01286","6.0000","6.0000","6.0000","0.0000","0.0000"
"100007624","BAM0010007-BAM0010001-BAM0010002-BAM0010003-BAM0010004","1.0000","1.0000","1.0000","0.0000","0.0000"
"100007624","BAM0010001","2.0000","1.0000","1.0000","0.0000","0.0000"
"100007624","BAM0010002","2.0000","1.0000","1.0000","0.0000","0.0000"
"100007624","BAM0010003","2.0000","1.0000","1.0000","0.0000","0.0000"
"100007624","BAM0010004","2.0000","1.0000","1.0000","0.0000","0.0000"
"100007624","BAM0010006-BAM0010001-BAM0010002-BAM0010003-BAM0010004","1.0000","1.0000","1.0000","0.0000","0.0000"
"100007624","BAM0010001","1.0000","1.0000","1.0000","0.0000","0.0000"
"100007624","BAM0010002","1.0000","1.0000","1.0000","0.0000","0.0000"
"100007624","BAM0010003","1.0000","1.0000","1.0000","0.0000","0.0000"
"100007624","BAM0010004","1.0000","1.0000","1.0000","0.0000","0.0000"
"100007625","BGDCOL006-BGDCOL002-BGDCOL004-BGDCOL001-BGDCOL003","1.0000","1.0000","1.0000","0.0000","0.0000"
"100007625","BGDCOL002","1.0000","1.0000","1.0000","0.0000","0.0000"
"100007625","BGDCOL004","1.0000","1.0000","1.0000","0.0000","0.0000"
"100007625","BGDCOL001","1.0000","1.0000","1.0000","0.0000","0.0000"
"100007625","BGDCOL003","1.0000","1.0000","1.0000","0.0000","0.0000"
"100007626","BOCI00766","1.0000","1.0000","1.0000","0.0000","0.0000"
"100007627","CARPIC0001","1.0000","0.0000","0.0000","1.0000","0.0000"
"100007628","BOVE00117","1.0000","1.0000","1.0000","0.0000","0.0000"
"100007629","PFLE47742-01","1.0000","1.0000","1.0000","0.0000","0.0000"
"100007630","BOVE00454","1.0000","1.0000","1.0000","0.0000","0.0000"
"100007631","PSAUP41607-00","1.0000","1.0000","1.0000","0.0000","0.0000"
"100007632","BOAL00327","2.0000","2.0000","2.0000","0.0000","0.0000"
"100007632","CCS0010005","12.0000","12.0000","12.0000","0.0000","0.0000"
"100007632","CCS0010015","5.0000","5.0000","5.0000","0.0000","0.0000"
"100007633","BOVE00713","1.0000","1.0000","1.0000","0.0000","0.0000"
"100007633","BOVE00714","1.0000","1.0000","1.0000","0.0000","0.0000"
"100007633","BOVE00715","1.0000","1.0000","1.0000","0.0000","0.0000"
"100007633","BOVE00716","1.0000","1.0000","1.0000","0.0000","0.0000"
"100007634","BOVE00113","1.0000","0.0000","0.0000","1.0000","0.0000"
"100007634","BOVE00109","1.0000","0.0000","0.0000","1.0000","0.0000"
"100007635","PFLE47780-01","1.0000","1.0000","1.0000","0.0000","0.0000"
"100007635","BOCI00717","4.0000","4.0000","4.0000","0.0000","0.0000"
"100007636","BOVE00113","1.0000","0.0000","0.0000","1.0000","0.0000"
"100007637","BOVE00113","1.0000","1.0000","1.0000","0.0000","0.0000"
"100007638","CARPIC0001","1.0000","0.0000","0.0000","1.0000","0.0000"
"100007639","PFLE47742-15","1.0000","1.0000","1.0000","0.0000","0.0000"
"100007639","PFLE47742-43","1.0000","1.0000","1.0000","0.0000","0.0000"
"100007640","BOVE00119","1.0000","1.0000","1.0000","0.0000","0.0000"
"100007641","BOAL00941","4.0000","4.0000","4.0000","0.0000","0.0000"
"100007641","BOAL00949","1.0000","1.0000","1.0000","0.0000","0.0000"
"100007642","PAPP49844-01","1.0000","1.0000","1.0000","0.0000","0.0000"
"100007643","BCO0040054-BCO0040049-BCO0040050-BCO0040051-BCO0040052","1.0000","1.0000","1.0000","0.0000","0.0000"
"100007643","BCO0040049","1.0000","1.0000","1.0000","0.0000","0.0000"
"100007643","BCO0040050","1.0000","1.0000","1.0000","0.0000","0.0000"
"100007643","BCO0040051","1.0000","1.0000","1.0000","0.0000","0.0000"
"100007643","BCO0040052","1.0000","1.0000","1.0000","0.0000","0.0000"
"100007644","BOVE00113","1.0000","1.0000","1.0000","0.0000","0.0000"
"100007645","BGDCOL069-BGDCOL065-BGDCOL067-BGDCOL064-BGDCOL066","1.0000","1.0000","1.0000","0.0000","0.0000"
"100007645","BGDCOL065","1.0000","1.0000","1.0000","0.0000","0.0000"
"100007645","BGDCOL067","1.0000","1.0000","1.0000","0.0000","0.0000"
"100007645","BGDCOL064","1.0000","1.0000","1.0000","0.0000","0.0000"
"100007645","BGDCOL066","1.0000","1.0000","1.0000","0.0000","0.0000"
"100007646","PPLAN42537-40","1.0000","1.0000","1.0000","0.0000","0.0000"
"100007647","BOVA01305","3.0000","3.0000","3.0000","0.0000","0.0000"
"100007648","BOVE00296","3.0000","3.0000","3.0000","0.0000","0.0000"
"100007649","BOAL01391-BOAL00208-BOAL00264-BOAL00222-BOAL00241","1.0000","1.0000","1.0000","0.0000","1.0000"
"100007649","BOAL00208","2.0000","1.0000","1.0000","0.0000","2.0000"
"100007649","BOAL00264","2.0000","1.0000","1.0000","0.0000","2.0000"
"100007649","BOAL00222","2.0000","1.0000","1.0000","0.0000","2.0000"
"100007649","BOAL00241","2.0000","1.0000","1.0000","0.0000","2.0000"
"100007649","BOAL00231","2.0000","2.0000","2.0000","0.0000","2.0000"
"100007649","BOAL00229","2.0000","2.0000","2.0000","0.0000","2.0000"
"100007649","PCUI41473-44","1.0000","1.0000","1.0000","0.0000","1.0000"
"100007650","ME00C127","1.0000","1.0000","1.0000","0.0000","0.0000"
"100007651","BOVE00520","1.0000","1.0000","1.0000","0.0000","0.0000"
"100007652","BOAL01226-BOAL00398-BOAL00403-BOAL00404-BOAL00406","1.0000","1.0000","1.0000","0.0000","0.0000"
"100007652","BOAL00398","2.0000","1.0000","1.0000","0.0000","0.0000"
"100007652","BOAL00403","2.0000","1.0000","1.0000","0.0000","0.0000"
"100007652","BOAL00404","2.0000","1.0000","1.0000","0.0000","0.0000"
"100007652","BOAL00406","2.0000","1.0000","1.0000","0.0000","0.0000"
"100007653","PRAP42569-04","1.0000","1.0000","1.0000","0.0000","0.0000"
"100007654","BOVE00587","3.0000","3.0000","3.0000","0.0000","0.0000"
"100007654","BOVE00589","1.0000","1.0000","1.0000","0.0000","0.0000"
"100007655","PCOU18237-26","1.0000","1.0000","1.0000","0.0000","0.0000"
"100007656","ME00C51","1.0000","1.0000","0.0000","0.0000","1.0000"
"200000049","CCS0010006","4.0000","4.0000","4.0000","0.0000","0.0000"
"200000049","CCS0010003","10.0000","10.0000","10.0000","0.0000","0.0000"
"200000049","CCS0020003","2.0000","2.0000","2.0000","0.0000","0.0000"
"100007657","ME00C51","1.0000","1.0000","0.0000","0.0000","1.0000"
"200000050","BOVE00801","2.0000","2.0000","2.0000","0.0000","0.0000"
"100007658","ME00C51","1.0000","1.0000","0.0000","0.0000","1.0000"
"100007659","BGDCOL033-BGDCOL030-BGDCOL032-BGDCOL031","2.0000","0.0000","0.0000","2.0000","0.0000"
"100007659","BGDCOL030","2.0000","0.0000","0.0000","0.0000","0.0000"
"100007659","BGDCOL032","2.0000","0.0000","0.0000","0.0000","0.0000"
"100007659","BGDCOL031","2.0000","0.0000","0.0000","0.0000","0.0000"
"100007660","BOVE00113","1.0000","1.0000","1.0000","0.0000","0.0000"
"100007661","BOVE00505","4.0000","4.0000","4.0000","0.0000","0.0000"
"100007661","CLB0010001","2.0000","2.0000","2.0000","0.0000","0.0000"
"100007661","BOAL01516","2.0000","2.0000","2.0000","0.0000","0.0000"
"100007662","BOVA00356","1.0000","1.0000","1.0000","0.0000","0.0000"
"100007663","BOVE00391IB","2.0000","2.0000","2.0000","0.0000","0.0000"
"100007664","PPLAN42537-50","2.0000","2.0000","2.0000","0.0000","0.0000"
"100007665","BOBB00064","1.0000","1.0000","1.0000","0.0000","0.0000"
"100007665","PPABAR0002","1.0000","1.0000","1.0000","0.0000","0.0000"
"100007666","BOVE00324","1.0000","1.0000","1.0000","0.0000","0.0000"
"100007667","BOAL00324","1.0000","1.0000","1.0000","0.0000","0.0000"
"100007667","BOVA01384","8.0000","8.0000","8.0000","0.0000","0.0000"
"100007668","BGDCAS011-BGDCAS001-BGDCAS006-BGDCAS009-BGDCAS007","1.0000","0.0000","0.0000","1.0000","0.0000"
"100007668","BGDCAS001","1.0000","0.0000","0.0000","0.0000","0.0000"
"100007668","BGDCAS006","1.0000","0.0000","0.0000","0.0000","0.0000"
"100007668","BGDCAS009","1.0000","0.0000","0.0000","0.0000","0.0000"
"100007668","BGDCAS007","1.0000","0.0000","0.0000","0.0000","0.0000"
"100007669","BGDCAS011-BGDCAS001-BGDCAS006-BGDCAS009-BGDCAS007","1.0000","1.0000","1.0000","0.0000","0.0000"
"100007669","BGDCAS001","1.0000","1.0000","1.0000","0.0000","0.0000"
"100007669","BGDCAS006","1.0000","1.0000","1.0000","0.0000","0.0000"
"100007669","BGDCAS009","1.0000","1.0000","1.0000","0.0000","0.0000"
"100007669","BGDCAS007","1.0000","1.0000","1.0000","0.0000","0.0000"
"100007670","BOAL01130-BOAL00167-BOAL00170-BOAL00175-BOAL00173","1.0000","1.0000","1.0000","0.0000","1.0000"
"100007670","BOAL00167","1.0000","1.0000","1.0000","0.0000","1.0000"
"100007670","BOAL00170","1.0000","1.0000","1.0000","0.0000","1.0000"
"100007670","BOAL00175","1.0000","1.0000","1.0000","0.0000","1.0000"
"100007670","BOAL00173","1.0000","1.0000","1.0000","0.0000","1.0000"
"100007670","BOAL00171","1.0000","1.0000","1.0000","0.0000","1.0000"
"100007670","BOAL00168","1.0000","1.0000","1.0000","0.0000","1.0000"
"100007670","BOAL00940","2.0000","2.0000","2.0000","0.0000","2.0000"
"100007670","PPIQ41594-12","1.0000","1.0000","1.0000","0.0000","0.0000"
"100007670","BOAL00930","1.0000","1.0000","1.0000","0.0000","0.0000"
"100007670","LLRBEU0054-LLRBEU0025-LLRBEU0053","1.0000","1.0000","1.0000","0.0000","0.0000"
"100007670","LLRBEU0025","1.0000","1.0000","1.0000","0.0000","0.0000"
"100007670","LLRBEU0053","1.0000","1.0000","1.0000","0.0000","0.0000"
"100007670","BOVE00659","1.0000","1.0000","1.0000","0.0000","0.0000"
"100007671","EMELUN0005","1.0000","1.0000","1.0000","0.0000","0.0000"
"100007672","PPABAR0001","1.0000","1.0000","1.0000","0.0000","0.0000"
"100007673","PPABAR0001","1.0000","0.0000","0.0000","1.0000","0.0000"
"100007674","PCOU48280-47","1.0000","1.0000","1.0000","0.0000","0.0000"
"100007675","BOVA01188","1.0000","1.0000","1.0000","0.0000","0.0000"
"100007675","BOVA01189","2.0000","2.0000","2.0000","0.0000","0.0000"
"100007675","BOVA01190","3.0000","3.0000","3.0000","0.0000","0.0000"
"100007675","BOVA01191","1.0000","1.0000","1.0000","0.0000","0.0000"
"100007676","COL-ERR","1.0000","1.0000","1.0000","0.0000","0.0000"
"100007677","CNNCOR0003","1.0000","1.0000","1.0000","0.0000","0.0000"
"100007678","ME00C127","1.0000","1.0000","1.0000","0.0000","0.0000"
"100007679","BOVE00079","1.0000","1.0000","1.0000","0.0000","0.0000"
"100007680","ME00C127","1.0000","1.0000","1.0000","0.0000","0.0000"
"100007681","PCUI41473-66","2.0000","2.0000","2.0000","0.0000","0.0000"
"100007682","ME00C127","1.0000","1.0000","1.0000","0.0000","0.0000"
"100007683","ME00C127","1.0000","1.0000","1.0000","0.0000","0.0000"
"100007683","BOBB00038","1.0000","1.0000","1.0000","0.0000","0.0000"
"100007684","BOBB00033","2.0000","0.0000","0.0000","2.0000","0.0000"
"100007685","BOBB00033","2.0000","2.0000","2.0000","0.0000","0.0000"
"100007686","PTHE49885-02","3.0000","3.0000","3.0000","0.0000","0.0000"
"100007687","PCOR41629-20","1.0000","1.0000","1.0000","0.0000","0.0000"
"100007688","PTAM47614-25","1.0000","1.0000","1.0000","0.0000","0.0000"
"100007689","CBR0050001","5.0000","5.0000","5.0000","0.0000","0.0000"
"100007690","PAPP49844-01","1.0000","1.0000","1.0000","0.0000","0.0000"
"100007691","ME00C51","1.0000","1.0000","1.0000","0.0000","0.0000"
"100007692","ME00262","3.0000","3.0000","3.0000","0.0000","0.0000"
"100007693","BOBB00270","1.0000","1.0000","1.0000","0.0000","0.0000"
"100007694","BAR0110007-BAR0110002-BAR0110004-BAR0110005","2.0000","0.0000","0.0000","2.0000","0.0000"
"100007694","BAR0110002","2.0000","0.0000","0.0000","0.0000","0.0000"
"100007694","BAR0110004","2.0000","0.0000","0.0000","0.0000","0.0000"
"100007694","BAR0110005","2.0000","0.0000","0.0000","0.0000","0.0000"
"100007695","BAR0110007-BAR0110002-BAR0110004-BAR0110005","2.0000","2.0000","2.0000","0.0000","0.0000"
"100007695","BAR0110002","2.0000","1.0000","1.0000","0.0000","0.0000"
"100007695","BAR0110004","2.0000","1.0000","1.0000","0.0000","0.0000"
"100007695","BAR0110005","2.0000","1.0000","1.0000","0.0000","0.0000"
"100007695","ME00211","1.0000","1.0000","1.0000","0.0000","0.0000"
"100007696","ME00C127","3.0000","3.0000","3.0000","0.0000","0.0000"
"100007697","CCS0010002","36.0000","36.0000","36.0000","0.0000","0.0000"
"100007698","PFLE47742-01","2.0000","2.0000","2.0000","0.0000","0.0000"
"100007699","BOVE00444","1.0000","1.0000","1.0000","0.0000","0.0000"
"100007700","BOAL01186-BOAL00340-BOAL00343-BOAL00347-BOAL00349","1.0000","1.0000","1.0000","0.0000","0.0000"
"100007700","BOAL00340","2.0000","1.0000","1.0000","0.0000","0.0000"
"100007700","BOAL00343","2.0000","1.0000","1.0000","0.0000","0.0000"
"100007700","BOAL00347","2.0000","1.0000","1.0000","0.0000","0.0000"
"100007700","BOAL00349","2.0000","1.0000","1.0000","0.0000","0.0000"
"100007700","BOAL01187-BOAL00340-BOAL00343-BOAL00347-BOAL00349-BOAL00341-BOAL00345-BOAL00348","1.0000","1.0000","1.0000","0.0000","0.0000"
"100007700","BOAL00340","1.0000","1.0000","1.0000","0.0000","0.0000"
"100007700","BOAL00343","1.0000","1.0000","1.0000","0.0000","0.0000"
"100007700","BOAL00347","1.0000","1.0000","1.0000","0.0000","0.0000"
"100007700","BOAL00349","1.0000","1.0000","1.0000","0.0000","0.0000"
"100007700","BOAL00341","1.0000","1.0000","1.0000","0.0000","0.0000"
"100007700","BOAL00345","1.0000","1.0000","1.0000","0.0000","0.0000"
"100007700","BOAL00348","1.0000","1.0000","1.0000","0.0000","0.0000"
"100007701","CCS0010011","5.0000","5.0000","5.0000","0.0000","5.0000"
"100007701","CCS0010002","1.0000","1.0000","1.0000","0.0000","0.0000"
"100007702","BET0160003-BOAL00664-BOAL00665-BOAL00668-BOAL00666","1.0000","1.0000","1.0000","0.0000","0.0000"
"100007702","BOAL00664","2.0000","1.0000","1.0000","0.0000","0.0000"
"100007702","BOAL00665","2.0000","1.0000","1.0000","0.0000","0.0000"
"100007702","BOAL00668","2.0000","1.0000","1.0000","0.0000","0.0000"
"100007702","BOAL00666","2.0000","1.0000","1.0000","0.0000","0.0000"
"100007703","PFLE47742-01","1.0000","1.0000","1.0000","0.0000","0.0000"
"100007704","ME00C51","1.0000","1.0000","1.0000","0.0000","0.0000"
"100007705","PFLE47742-01","2.0000","2.0000","2.0000","0.0000","0.0000"
"100007706","PFLE47742-04","1.0000","1.0000","1.0000","0.0000","0.0000"
"200000051","BOAL00714","230.0000","230.0000","230.0000","0.0000","0.0000"
"100007707","BOVE00724","30.0000","0.0000","0.0000","30.0000","0.0000"
"100007708","BOVE00724","30.0000","30.0000","24.0000","0.0000","6.0000"
"100007709","BOAL00724","1.0000","1.0000","1.0000","0.0000","0.0000"
"100007709","BOAL00723","2.0000","2.0000","2.0000","0.0000","0.0000"
"100007710","BOVE00501","1.0000","1.0000","1.0000","0.0000","0.0000"
"100007711","BOVA01379","12.0000","12.0000","12.0000","0.0000","0.0000"
"100007711","BOVA01380","6.0000","6.0000","6.0000","0.0000","0.0000"
"100007711","BOVA01381","6.0000","6.0000","6.0000","0.0000","0.0000"
"100007712","ME00C127","1.0000","1.0000","1.0000","0.0000","0.0000"
"100007713","BGDCOL006-BGDCOL002-BGDCOL004-BGDCOL001-BGDCOL003","1.0000","1.0000","1.0000","0.0000","0.0000"
"100007713","BGDCOL003","1.0000","1.0000","1.0000","0.0000","0.0000"
"100007714","PFLE47742-01","2.0000","2.0000","2.0000","0.0000","0.0000"
"100007715","BGDCAS005","4.0000","4.0000","4.0000","0.0000","0.0000"
"100007715","BGDCAS002","4.0000","4.0000","4.0000","0.0000","0.0000"
"100007716","CCS0010005","12.0000","12.0000","12.0000","0.0000","0.0000"
"100007717","PTAP47680-40","1.0000","1.0000","1.0000","0.0000","0.0000"
"100007718","ME00C127","1.0000","1.0000","1.0000","0.0000","0.0000"
"100007719","BOAL00229","1.0000","1.0000","1.0000","0.0000","1.0000"
"100007720","BOVE00513","1.0000","1.0000","1.0000","0.0000","0.0000"
"100007720","LLRGRA0051","1.0000","1.0000","1.0000","0.0000","0.0000"
"100007721","BOVE00109","1.0000","1.0000","1.0000","0.0000","0.0000"
"100007722","BOAL01226-BOAL00398-BOAL00403-BOAL00404-BOAL00406","1.0000","1.0000","1.0000","0.0000","0.0000"
"100007722","BOAL00398","2.0000","1.0000","1.0000","0.0000","0.0000"
"100007722","BOAL00403","2.0000","1.0000","1.0000","0.0000","0.0000"
"100007722","BOAL00404","2.0000","1.0000","1.0000","0.0000","0.0000"
"100007722","BOAL00406","2.0000","1.0000","1.0000","0.0000","0.0000"
"100007723","CBR0050001","2.0000","0.0000","0.0000","2.0000","0.0000"
"100007723","BOVE00287","1.0000","0.0000","0.0000","1.0000","0.0000"
"100007724","CBR0050001","2.0000","2.0000","2.0000","0.0000","0.0000"
"100007724","BOVE00287","1.0000","1.0000","1.0000","0.0000","0.0000"
"100007725","BOVE00281","1.0000","1.0000","1.0000","0.0000","0.0000"
"100007725","CBR0050001","1.0000","1.0000","1.0000","0.0000","0.0000"
"100007725","PSHAK41479-00","1.0000","1.0000","1.0000","0.0000","0.0000"
"100007725","PMESU41604-00","1.0000","1.0000","1.0000","0.0000","0.0000"
"100007726","BOVA01199","1.0000","1.0000","1.0000","0.0000","0.0000"
"100007726","BOVA01202","1.0000","1.0000","1.0000","0.0000","0.0000"
"100007726","BOVE00284","1.0000","1.0000","1.0000","0.0000","0.0000"
"100007726","BOVE00287","1.0000","1.0000","1.0000","0.0000","0.0000"
"100007726","BOVE00447","1.0000","1.0000","1.0000","0.0000","0.0000"
"100007727","PFLE47742-01","2.0000","2.0000","2.0000","0.0000","0.0000"
"100007727","PROU18324-10","1.0000","1.0000","1.0000","0.0000","0.0000"
"100007728","ME00C127","1.0000","1.0000","1.0000","0.0000","0.0000"
"100007729","BOAL01243-BOAL00428-BOAL00433-BOAL00434-BOAL00436","1.0000","1.0000","1.0000","0.0000","0.0000"
"100007729","BOAL00428","1.0000","1.0000","1.0000","0.0000","0.0000"
"100007729","BOAL00433","1.0000","1.0000","1.0000","0.0000","0.0000"
"100007729","BOAL00434","1.0000","1.0000","1.0000","0.0000","0.0000"
"100007729","BOAL00436","1.0000","1.0000","1.0000","0.0000","0.0000"
"100007730","BOVE00513","1.0000","0.0000","0.0000","1.0000","0.0000"
"100007731","BOVE00513","1.0000","1.0000","1.0000","0.0000","0.0000"
"100007732","PFLE47742-01","2.0000","2.0000","2.0000","0.0000","0.0000"
"100007733","PFLE47742-01","2.0000","2.0000","2.0000","0.0000","0.0000"
"100007734","BOAL00347","4.0000","4.0000","4.0000","0.0000","0.0000"
"100007735","CBR0040001","1.0000","1.0000","1.0000","0.0000","0.0000"
"100007736","BGDCAS012-BGDCAS001-BGDCAS006-BGDCAS009-BGDCAS007","1.0000","1.0000","1.0000","0.0000","0.0000"
"100007736","BGDCAS001","2.0000","1.0000","1.0000","0.0000","0.0000"
"100007736","BGDCAS006","2.0000","1.0000","1.0000","0.0000","0.0000"
"100007736","BGDCAS009","2.0000","1.0000","1.0000","0.0000","0.0000"
"100007736","BGDCAS007","2.0000","1.0000","1.0000","0.0000","0.0000"
"100007737","BOAL00373","4.0000","4.0000","4.0000","0.0000","0.0000"
"100007737","BGD0010006","6.0000","6.0000","6.0000","0.0000","0.0000"
"100007737","BGD0010001","4.0000","4.0000","4.0000","0.0000","0.0000"
"100007738","BOCI00489","1.0000","0.0000","0.0000","1.0000","0.0000"
"100007739","BOVE00485","1.0000","1.0000","1.0000","0.0000","0.0000"
"100007739","PBOU44114-03","5.0000","5.0000","5.0000","0.0000","0.0000"
"100007740","BOVE00113","1.0000","1.0000","1.0000","0.0000","0.0000"
"100007740","BOVE00542","2.0000","2.0000","2.0000","0.0000","0.0000"
"100007741","PFLE47742-01","2.0000","2.0000","2.0000","0.0000","0.0000"
"100007741","SDO0011050","1.0000","1.0000","1.0000","0.0000","0.0000"
"100007742","BCO0070013-BCO0070001-BCO0070002-BCO0070003-BCO0070004","1.0000","1.0000","1.0000","0.0000","0.0000"
"100007742","BCO0070001","2.0000","1.0000","1.0000","0.0000","0.0000"
"100007742","BCO0070002","2.0000","1.0000","1.0000","0.0000","0.0000"
"100007742","BCO0070003","2.0000","1.0000","1.0000","0.0000","0.0000"
"100007742","BCO0070004","2.0000","1.0000","1.0000","0.0000","0.0000"
"100007743","CCS0010002","4.0000","4.0000","4.0000","0.0000","0.0000"
"100007743","CCS0010011","4.0000","4.0000","4.0000","0.0000","0.0000"
"100007744","PFLE47742-15","2.0000","2.0000","2.0000","0.0000","0.0000"
"100007745","PFLE47742-29","1.0000","1.0000","1.0000","0.0000","0.0000"
"100007746","BOVE00394","1.0000","1.0000","1.0000","0.0000","0.0000"
"100007746","BOVE00711","1.0000","1.0000","1.0000","0.0000","0.0000"
"100007746","LLRABE0018","1.0000","1.0000","1.0000","0.0000","0.0000"
"100007747","PFLE47742-01","2.0000","2.0000","2.0000","0.0000","0.0000"
"100007748","BOAL01182-BOAL00327-BOAL00328-BOAL00329-BOAL00330","1.0000","1.0000","1.0000","0.0000","0.0000"
"100007748","BOAL00327","1.0000","1.0000","1.0000","0.0000","0.0000"
"100007748","BOAL00328","1.0000","1.0000","1.0000","0.0000","0.0000"
"100007748","BOAL00329","1.0000","1.0000","1.0000","0.0000","0.0000"
"100007748","BOAL00330","1.0000","1.0000","1.0000","0.0000","0.0000"
"100007748","BOAL01181-BOAL00327-BOAL00328-BOAL00329","1.0000","1.0000","1.0000","0.0000","0.0000"
"100007748","BOAL00327","1.0000","1.0000","1.0000","0.0000","0.0000"
"100007748","BOAL00328","1.0000","1.0000","1.0000","0.0000","0.0000"
"100007748","BOAL00329","1.0000","1.0000","1.0000","0.0000","0.0000"
"100007749","BOAL01502","2.0000","2.0000","2.0000","0.0000","0.0000"
"100007750","BOVE00518","1.0000","1.0000","1.0000","0.0000","0.0000"
"100007751","BOVA01397","2.0000","2.0000","2.0000","0.0000","0.0000"
"100007751","BOVA01395","2.0000","2.0000","2.0000","0.0000","0.0000"
"100007752","CCS0010015","2.0000","2.0000","2.0000","0.0000","0.0000"
"100007753","BOAL00329","3.0000","3.0000","3.0000","0.0000","0.0000"
"100007754","CCS0020003","1.0000","1.0000","1.0000","0.0000","0.0000"
"100007755","ME00C51","1.0000","1.0000","1.0000","0.0000","0.0000"
"100007756","PCUI41676-00","1.0000","1.0000","1.0000","0.0000","0.0000"
"100007757","BOVE00469","1.0000","1.0000","1.0000","0.0000","0.0000"
"100007757","BOAL00710","1.0000","1.0000","1.0000","0.0000","0.0000"
"100007758","BOCI00298","1.0000","1.0000","1.0000","0.0000","0.0000"
"100007759","ME00C127","4.0000","4.0000","4.0000","0.0000","0.0000"
"100007760","PFLE47742-25","1.0000","1.0000","1.0000","0.0000","0.0000"
"100007761","PRAC18501-04","1.0000","1.0000","1.0000","0.0000","0.0000"
"100007762","PFLE47742-29","1.0000","1.0000","1.0000","0.0000","0.0000"
"100007763","PFLE47780-04","1.0000","1.0000","1.0000","0.0000","0.0000"
"100007764","BOVA00898","18.0000","18.0000","18.0000","0.0000","0.0000"
"100007764","CAR0070001","1.0000","1.0000","1.0000","0.0000","0.0000"
"100007765","BOCI00586","1.0000","1.0000","1.0000","0.0000","0.0000"
"100007766","PFLE47742-01","2.0000","2.0000","2.0000","0.0000","0.0000"
"100007767","BOBB00270","5.0000","5.0000","5.0000","0.0000","0.0000"
"100007768","PGRIL41727-33","8.0000","8.0000","8.0000","0.0000","0.0000"
"100007769","BOVE00113","1.0000","1.0000","1.0000","0.0000","0.0000"
"100007770","BCO0010013-BCO0010004-BCO0010001-BCO0010002-BCO0010003","1.0000","1.0000","1.0000","0.0000","0.0000"
"100007770","BCO0010004","2.0000","1.0000","1.0000","0.0000","0.0000"
"100007770","BCO0010001","2.0000","1.0000","1.0000","0.0000","0.0000"
"100007770","BCO0010002","2.0000","1.0000","1.0000","0.0000","0.0000"
"100007770","BCO0010003","2.0000","1.0000","1.0000","0.0000","0.0000"
"100007771","BOAL01174-BOAL00317-BOAL00321-BOAL00323-BOAL00325","1.0000","1.0000","1.0000","0.0000","1.0000"
"100007771","BOAL00317","2.0000","1.0000","1.0000","0.0000","2.0000"
"100007771","BOAL00321","2.0000","1.0000","1.0000","0.0000","2.0000"
"100007771","BOAL00323","2.0000","1.0000","1.0000","0.0000","2.0000"
"100007771","BOAL00325","2.0000","1.0000","1.0000","0.0000","2.0000"
"100007772","BOVE00283","2.0000","2.0000","2.0000","0.0000","0.0000"
"100007773","BOVE00451","3.0000","0.0000","0.0000","3.0000","0.0000"
"100007774","BOVE00506","4.0000","4.0000","4.0000","0.0000","0.0000"
"100007775","PFLE47742-01","2.0000","2.0000","2.0000","0.0000","0.0000"
"100007776","ME00C127","1.0000","1.0000","1.0000","0.0000","0.0000"
"100007777","BOVA01080","2.0000","2.0000","2.0000","0.0000","0.0000"
"100007777","BOVA01081","3.0000","3.0000","3.0000","0.0000","0.0000"
"100007778","LLRBUB002","1.0000","1.0000","1.0000","0.0000","0.0000"
"100007778","PCUR48238-00","1.0000","1.0000","1.0000","0.0000","0.0000"
"100007778","PPIN48240-00","2.0000","2.0000","2.0000","0.0000","0.0000"
"100007778","BOAL00938","1.0000","1.0000","1.0000","0.0000","0.0000"
"100007778","BOVA00711","4.0000","4.0000","4.0000","0.0000","0.0000"
"100007779","BOAL00698","1.0000","1.0000","1.0000","0.0000","0.0000"
"100007780","BOAL00325","16.0000","16.0000","16.0000","0.0000","0.0000"
"100007781","BOCI00704","3.0000","3.0000","3.0000","0.0000","0.0000"
"100007782","CBRVIV0001","2.0000","2.0000","2.0000","0.0000","0.0000"
"100007782","CNN0005001","2.0000","2.0000","2.0000","0.0000","0.0000"
"100007782","BOVA01203","1.0000","1.0000","1.0000","0.0000","0.0000"
"100007782","BOAL00762","1.0000","1.0000","1.0000","0.0000","0.0000"
"100007783","BOVE00516","2.0000","2.0000","2.0000","0.0000","0.0000"
"100007784","ME00270","1.0000","1.0000","1.0000","0.0000","0.0000"
"100007784","ME00138","1.0000","1.0000","1.0000","0.0000","0.0000"
"100007785","BGDCOL067","1.0000","1.0000","1.0000","0.0000","0.0000"
"100007786","BOVA00429","6.0000","6.0000","6.0000","0.0000","0.0000"
"100007786","BOVA00423","6.0000","6.0000","6.0000","0.0000","0.0000"
"100007786","BOVA00430","6.0000","6.0000","6.0000","0.0000","0.0000"
"100007787","BOAL00701","1.0000","1.0000","1.0000","0.0000","0.0000"
"100007788","PFLE47742-01","1.0000","1.0000","1.0000","0.0000","0.0000"
"100007789","BOAL00773","1.0000","1.0000","1.0000","0.0000","0.0000"
"100007790","BOBB00121","1.0000","1.0000","1.0000","0.0000","0.0000"
"100007791","BOAL00625","2.0000","2.0000","2.0000","0.0000","0.0000"
"100007792","BOVE00290","1.0000","1.0000","1.0000","0.0000","0.0000"
"100007793","BOVE00309","1.0000","1.0000","1.0000","0.0000","0.0000"
"100007794","PFLE47742-47","1.0000","1.0000","1.0000","0.0000","0.0000"
"100007794","PFLE47742-03","1.0000","1.0000","1.0000","0.0000","0.0000"
"100007795","BOVE00469","7.0000","7.0000","7.0000","0.0000","0.0000"
"100007796","CIT0020001","1.0000","1.0000","1.0000","0.0000","0.0000"
"100007796","CCS0010015","6.0000","6.0000","6.0000","0.0000","0.0000"
"100007797","PFLE47742-01","1.0000","1.0000","1.0000","0.0000","0.0000"
"100007797","PFLE47742-47","2.0000","2.0000","2.0000","0.0000","0.0000"
"100007797","PFLE47742-48","1.0000","1.0000","1.0000","0.0000","0.0000"
"100007798","PTHE49710-00","1.0000","1.0000","1.0000","0.0000","0.0000"
"100007799","BOVE00386","1.0000","1.0000","1.0000","0.0000","0.0000"
"100007800","CCS0030005","3.0000","3.0000","3.0000","0.0000","0.0000"
"100007801","PFLE47742-48","1.0000","1.0000","1.0000","0.0000","0.0000"
"100007801","PFLE47742-47","1.0000","1.0000","1.0000","0.0000","0.0000"
"100007802","BOBB00064","1.0000","1.0000","1.0000","0.0000","0.0000"
"100007803","PFLE47742-01","1.0000","1.0000","1.0000","0.0000","0.0000"
"100007806","BOAL00714","1.0000","1.0000","0.0000","0.0000","1.0000"
"100007806","BOAL01413-BOAL00204-BOAL00257-BOAL00260","1.0000","1.0000","0.0000","0.0000","1.0000"
"100007806","BOAL00204","1.0000","1.0000","0.0000","0.0000","1.0000"
"100007806","BOAL00257","1.0000","1.0000","0.0000","0.0000","1.0000"
"100007806","BOAL00260","1.0000","1.0000","0.0000","0.0000","1.0000"
"100007807","BOAL00714","1.0000","1.0000","0.0000","0.0000","1.0000"
"100007808","BOCI00362","1.0000","1.0000","1.0000","0.0000","0.0000"
"100007809","CCS0010008","6.0000","6.0000","6.0000","0.0000","0.0000"
"100007810","BOAL00027","1.0000","1.0000","1.0000","0.0000","0.0000"
"100007810","BOAL00024","1.0000","1.0000","1.0000","0.0000","0.0000"
"100007811","CBR0050001","4.0000","4.0000","4.0000","0.0000","0.0000"
"100007812","BOVE00542","1.0000","1.0000","1.0000","0.0000","0.0000"
"100007812","BOVE00289","1.0000","1.0000","1.0000","0.0000","0.0000"
"100007812","BOVE00547","1.0000","1.0000","1.0000","0.0000","0.0000"
"100007813","PFLE47742-04","1.0000","1.0000","1.0000","0.0000","0.0000"
"100007814","PTHE19709-00","1.0000","1.0000","1.0000","0.0000","0.0000"
"100007815","BOVA01340","1.0000","1.0000","1.0000","0.0000","0.0000"
"100007816","BOVE00386","2.0000","0.0000","0.0000","2.0000","0.0000"
"100007816","BOVE00387","2.0000","0.0000","0.0000","2.0000","0.0000"
"100007816","BOVE00615","2.0000","0.0000","0.0000","2.0000","0.0000"
"100007817","BOVE00386","2.0000","2.0000","2.0000","0.0000","0.0000"
"100007817","BOVE00387","2.0000","2.0000","2.0000","0.0000","0.0000"
"100007817","BOVE00615","2.0000","2.0000","2.0000","0.0000","0.0000"
"100007818","BOVE00117","1.0000","1.0000","1.0000","0.0000","0.0000"
"100007819","BOVA01426","6.0000","6.0000","6.0000","0.0000","0.0000"
"100007820","BOVE00062","1.0000","1.0000","1.0000","0.0000","0.0000"
"100007821","CAR0010002","2.0000","2.0000","2.0000","0.0000","0.0000"
"100007821","CCS0010010","12.0000","12.0000","12.0000","0.0000","0.0000"
"100007821","CCS0010005","12.0000","12.0000","12.0000","0.0000","0.0000"
"100007822","BOVE00391IB","2.0000","2.0000","2.0000","0.0000","2.0000"
"100007823","BOVA00707","1.0000","1.0000","1.0000","0.0000","0.0000"
"100007823","BOVE00721","1.0000","1.0000","1.0000","0.0000","0.0000"
"100007824","BOVE00359","1.0000","1.0000","1.0000","0.0000","0.0000"
"100007825","LLRPER0059","1.0000","1.0000","1.0000","0.0000","0.0000"
"100007825","LLRPER0057","1.0000","1.0000","1.0000","0.0000","0.0000"
"100007825","LLRBRA0117","1.0000","1.0000","1.0000","0.0000","0.0000"
"100007825","LLRLON0116","1.0000","1.0000","1.0000","0.0000","0.0000"
"100007825","LLRANT0115","1.0000","1.0000","1.0000","0.0000","0.0000"
"100007825","BOVE00624","1.0000","1.0000","1.0000","0.0000","0.0000"
"100007825","BOVA01483","1.0000","1.0000","1.0000","0.0000","0.0000"
"100007825","BOVA00793","1.0000","1.0000","1.0000","0.0000","0.0000"
"100007825","BOVA01300","1.0000","1.0000","1.0000","0.0000","0.0000"
"100007826","BOCI00625","2.0000","2.0000","2.0000","0.0000","0.0000"
"100007826","BOCI00622","1.0000","1.0000","1.0000","0.0000","0.0000"
"100007827","BOVA00421","12.0000","12.0000","12.0000","0.0000","0.0000"
"100007828","BOVE00376","1.0000","1.0000","1.0000","0.0000","0.0000"
"100007829","BOAL00347","1.0000","1.0000","1.0000","0.0000","0.0000"
"100007829","BOAL01186-BOAL00340-BOAL00343-BOAL00347-BOAL00349","1.0000","1.0000","1.0000","0.0000","0.0000"
"100007829","BOAL00340","2.0000","1.0000","1.0000","0.0000","0.0000"
"100007829","BOAL00343","2.0000","1.0000","1.0000","0.0000","0.0000"
"100007829","BOAL00347","2.0000","1.0000","1.0000","0.0000","0.0000"
"100007829","BOAL00349","2.0000","1.0000","1.0000","0.0000","0.0000"
"100007830","BGDCOL014-BGDCOL009-BGDCOL011-BGDCOL008-BGDCOL010","1.0000","1.0000","1.0000","0.0000","0.0000"
"100007830","BGDCOL009","2.0000","1.0000","1.0000","0.0000","0.0000"
"100007830","BGDCOL011","2.0000","1.0000","1.0000","0.0000","0.0000"
"100007830","BGDCOL008","2.0000","1.0000","1.0000","0.0000","0.0000"
"100007830","BGDCOL010","2.0000","1.0000","1.0000","0.0000","0.0000"
"100007831","BOVE00540","1.0000","1.0000","1.0000","0.0000","0.0000"
"100007832","BOVE00470","1.0000","1.0000","1.0000","0.0000","0.0000"
"100007833","BOVE00799","2.0000","2.0000","2.0000","0.0000","0.0000"
"100007834","BOAL00710","5.0000","5.0000","5.0000","0.0000","0.0000"
"100007835","BOVE00348","1.0000","1.0000","1.0000","0.0000","0.0000"
"100007836","BOAL01391S-BOAL00264-BOAL00198-BOAL00241-BOAL00222","1.0000","1.0000","1.0000","0.0000","0.0000"
"100007836","BOAL00264","2.0000","1.0000","1.0000","0.0000","0.0000"
"100007836","BOAL00198","2.0000","1.0000","1.0000","0.0000","0.0000"
"100007836","BOAL00241","2.0000","1.0000","1.0000","0.0000","0.0000"
"100007836","BOAL00222","2.0000","1.0000","1.0000","0.0000","0.0000"
"100007837","BCO0070012-BCO0070001-BCO0070002-BCO0070003-BCO0070004","4.0000","4.0000","4.0000","0.0000","0.0000"
"100007837","BCO0070001","4.0000","1.0000","1.0000","0.0000","0.0000"
"100007837","BCO0070002","4.0000","1.0000","1.0000","0.0000","0.0000"
"100007837","BCO0070003","4.0000","1.0000","1.0000","0.0000","0.0000"
"100007837","BCO0070004","4.0000","1.0000","1.0000","0.0000","0.0000"
"100007838","BOVE00445","1.0000","1.0000","1.0000","0.0000","1.0000"
"100007839","BOAL01182-BOAL00327-BOAL00328-BOAL00329-BOAL00330","1.0000","0.0000","0.0000","1.0000","0.0000"
"100007840","BOAL01182-BOAL00327-BOAL00328-BOAL00329-BOAL00330","1.0000","1.0000","1.0000","0.0000","0.0000"
"100007841","BOVE00503","1.0000","1.0000","1.0000","0.0000","0.0000"
"100007842","BOVE00296","2.0000","2.0000","2.0000","0.0000","0.0000"
"100007843","BOAL01181-BOAL00327-BOAL00328-BOAL00329","1.0000","1.0000","1.0000","0.0000","0.0000"
"100007843","BOAL00327","1.0000","1.0000","1.0000","0.0000","0.0000"
"100007843","BOAL00328","1.0000","1.0000","1.0000","0.0000","0.0000"
"100007843","BOAL00329","1.0000","1.0000","1.0000","0.0000","0.0000"
"100007844","BOVA01191","1.0000","1.0000","1.0000","0.0000","0.0000"
"100007844","BOVA01190","1.0000","1.0000","1.0000","0.0000","0.0000"
"100007844","BOVA01189","1.0000","1.0000","1.0000","0.0000","0.0000"
"100007844","BOVA01188","1.0000","1.0000","1.0000","0.0000","0.0000"
"100007845","BOAL00457","2.0000","2.0000","2.0000","0.0000","0.0000"
"100007846","BGDCOL046","2.0000","2.0000","2.0000","0.0000","0.0000"
"100007847","BOVE00074","1.0000","1.0000","1.0000","0.0000","0.0000"
"100007848","CAR0070001","1.0000","1.0000","1.0000","0.0000","0.0000"
"100007849","BOVE00513","3.0000","3.0000","3.0000","0.0000","0.0000"
"100007850","LLW0010003","1.0000","1.0000","1.0000","0.0000","0.0000"
"100007851","ME00040","2.0000","2.0000","2.0000","0.0000","0.0000"
"100007852","ME00C127","1.0000","1.0000","1.0000","0.0000","0.0000"
"100007853","BOVE00296","1.0000","1.0000","1.0000","0.0000","0.0000"
"100007854","BOVE00547","1.0000","1.0000","1.0000","0.0000","0.0000"
"100007855","CCS0010002","6.0000","6.0000","6.0000","0.0000","0.0000"
"100007856","VOL00061","6.0000","6.0000","6.0000","0.0000","0.0000"
"100007857","BOVE00482","3.0000","0.0000","0.0000","3.0000","0.0000"
"100007857","BOVE00288","3.0000","0.0000","0.0000","3.0000","0.0000"
"100007857","BOVE00283","3.0000","0.0000","0.0000","3.0000","0.0000"
"100007858","BA00029","1.0000","1.0000","1.0000","0.0000","0.0000"
"100007859","BOCI00506","10.0000","10.0000","10.0000","0.0000","0.0000"
"100007860","CCS0010010","4.0000","4.0000","4.0000","0.0000","0.0000"
"100007860","CCS0010015","4.0000","4.0000","4.0000","0.0000","0.0000"
"100007861","BOVE00100","1.0000","1.0000","1.0000","0.0000","0.0000"
"100007862","BOBB00112","1.0000","1.0000","1.0000","0.0000","0.0000"
"100007863","BOVE00306","1.0000","1.0000","1.0000","0.0000","0.0000"
"100007864","CCS0010015","5.0000","5.0000","5.0000","0.0000","0.0000"
"100007865","PRAP48280-06","3.0000","3.0000","3.0000","0.0000","0.0000"
"100007866","PFLE47742-01","2.0000","0.0000","0.0000","2.0000","0.0000"
"100007867","CCS0010002","6.0000","6.0000","6.0000","0.0000","0.0000"
"300000065","CCS0010015","4.0000","4.0000","4.0000","0.0000","0.0000"
"100007868","BOVE00517","2.0000","2.0000","2.0000","0.0000","0.0000"
"100007869","BOVE00117","3.0000","3.0000","3.0000","0.0000","0.0000"
"100007870","FREV004189","4.0000","4.0000","4.0000","0.0000","0.0000"
"100007871","BOVE00113","1.0000","1.0000","1.0000","0.0000","0.0000"
"100007872","PDECO47414-08","2.0000","2.0000","2.0000","0.0000","0.0000"
"100007872","BAM0020004","1.0000","1.0000","1.0000","0.0000","0.0000"
"100007873","PFLE47742-47","1.0000","1.0000","1.0000","0.0000","0.0000"
"100007873","PFLE47742-29","1.0000","1.0000","1.0000","0.0000","0.0000"
"100007874","BOCI00829","1.0000","1.0000","1.0000","0.0000","0.0000"
"100007874","BOVE00639","1.0000","1.0000","1.0000","0.0000","0.0000"
"100007874","SDO0011033","1.0000","1.0000","1.0000","0.0000","0.0000"
"100007875","BOAL01181-BOAL00327-BOAL00328-BOAL00329","1.0000","1.0000","1.0000","0.0000","0.0000"
"100007875","BOAL00327","1.0000","1.0000","1.0000","0.0000","0.0000"
"100007875","BOAL00328","1.0000","1.0000","1.0000","0.0000","0.0000"
"100007875","BOAL00329","1.0000","1.0000","1.0000","0.0000","0.0000"
"100007875","BOAL00329","1.0000","1.0000","1.0000","0.0000","0.0000"
"100007876","BOVE00117","1.0000","1.0000","1.0000","0.0000","0.0000"
"100007877","BOVA00944","7.0000","0.0000","0.0000","7.0000","0.0000"
"100007877","BOVA00946","7.0000","0.0000","0.0000","7.0000","0.0000"
"100007878","PCOU48280-25","3.0000","3.0000","3.0000","0.0000","0.0000"
"100007879","BOVE00511","1.0000","1.0000","1.0000","0.0000","0.0000"
"100007880","BOAL00325","2.0000","2.0000","2.0000","0.0000","0.0000"
"100007880","BOAL01172-BOAL00317-BOAL00321-BOAL00323","2.0000","2.0000","2.0000","0.0000","0.0000"
"100007880","BOAL00317","2.0000","1.0000","1.0000","0.0000","0.0000"
"100007880","BOAL00321","2.0000","1.0000","1.0000","0.0000","0.0000"
"100007880","BOAL00323","2.0000","1.0000","1.0000","0.0000","0.0000"
"100007881","BOVE00313","1.0000","1.0000","1.0000","0.0000","0.0000"
"100007882","ME00C127","1.0000","1.0000","1.0000","0.0000","0.0000"
"100007883","BOAL00763","1.0000","1.0000","1.0000","0.0000","0.0000"
"100007883","BOBB00046","1.0000","1.0000","1.0000","0.0000","0.0000"
"100007883","BOBB00121","1.0000","1.0000","1.0000","0.0000","0.0000"
"100007884","CLP0010001","1.0000","1.0000","1.0000","0.0000","1.0000"
"100007885","BOBB00121","1.0000","1.0000","1.0000","0.0000","0.0000"
"100007886","BOCI00502","10.0000","10.0000","10.0000","0.0000","0.0000"
"100007887","BOCI00705","1.0000","1.0000","1.0000","0.0000","0.0000"
"100007888","BOVE00469","1.0000","1.0000","1.0000","0.0000","0.0000"
"100007888","BOVE00513","1.0000","1.0000","1.0000","0.0000","0.0000"
"100007889","ME00C51","1.0000","1.0000","1.0000","0.0000","0.0000"
"100007889","ME00C127","1.0000","1.0000","1.0000","0.0000","0.0000"
"100007890","PTHE19710-04","1.0000","1.0000","1.0000","0.0000","0.0000"
"100007891","BOVE00278","6.0000","6.0000","6.0000","0.0000","0.0000"
"100007892","PFLE47742-01","1.0000","1.0000","1.0000","0.0000","0.0000"
"100007892","PMAR12915-25","1.0000","1.0000","1.0000","0.0000","0.0000"
"100007893","BGDCOL006-BGDCOL002-BGDCOL004-BGDCOL001-BGDCOL003","2.0000","2.0000","2.0000","0.0000","0.0000"
"100007893","BGDCOL002","2.0000","1.0000","0.0000","0.0000","0.0000"
"100007893","BGDCOL004","2.0000","1.0000","0.0000","0.0000","0.0000"
"100007893","BGDCOL001","2.0000","1.0000","0.0000","0.0000","0.0000"
"100007893","BGDCOL003","2.0000","1.0000","0.0000","0.0000","0.0000"
"100007894","PFLE47742-47","1.0000","1.0000","1.0000","0.0000","0.0000"
"100007894","PFLE47742-01","1.0000","1.0000","1.0000","0.0000","0.0000"
"100007894","PFLE47742-29","2.0000","2.0000","2.0000","0.0000","0.0000"
"100007895","BOBB00105","1.0000","1.0000","1.0000","0.0000","0.0000"
"100007896","CNNPLA0026","1.0000","0.0000","0.0000","1.0000","0.0000"
"100007897","PFLE47742-47","1.0000","0.0000","0.0000","1.0000","0.0000"
"100007898","CLB0010001","2.0000","2.0000","2.0000","0.0000","0.0000"
"100007898","BOVE00588","1.0000","1.0000","1.0000","0.0000","0.0000"
"100007899","BOAL00614","2.0000","2.0000","2.0000","0.0000","0.0000"
"100007899","BOAL00606","2.0000","2.0000","2.0000","0.0000","0.0000"
"100007899","BOAL00612","2.0000","2.0000","2.0000","0.0000","0.0000"
"100007900","CCS0010002","12.0000","12.0000","12.0000","0.0000","0.0000"
"100007900","CCS0010005","18.0000","18.0000","18.0000","0.0000","0.0000"
"100007901","BOVA01234","100.0000","100.0000","100.0000","0.0000","0.0000"
"100007902","BOVE00679","1.0000","1.0000","1.0000","0.0000","0.0000"
"100007902","BOVE00111","2.0000","2.0000","2.0000","0.0000","0.0000"
"100007903","BOBB00270","1.0000","1.0000","1.0000","0.0000","0.0000"
"100007904","BOVA00663","8.0000","8.0000","8.0000","0.0000","0.0000"
"100007904","PCHA47841-03","1.0000","1.0000","1.0000","0.0000","0.0000"
"100007905","PFLE47742-01","2.0000","2.0000","2.0000","0.0000","0.0000"
"100007906","BOVE00281","1.0000","1.0000","1.0000","0.0000","0.0000"
"100007907","BOVA00481","5.0000","0.0000","0.0000","5.0000","0.0000"
"100007908","BCO0010015-BCO0010002-BCO0010001-BCO0010003-BCO0010004-BCO0010008-BCO0010007-BCO0010006-BCO0010005","1.0000","1.0000","1.0000","0.0000","0.0000"
"100007908","BCO0010002","2.0000","1.0000","1.0000","0.0000","0.0000"
"100007908","BCO0010001","2.0000","1.0000","1.0000","0.0000","0.0000"
"100007908","BCO0010003","2.0000","1.0000","1.0000","0.0000","0.0000"
"100007908","BCO0010004","2.0000","1.0000","1.0000","0.0000","0.0000"
"100007908","BCO0010008","2.0000","1.0000","1.0000","0.0000","0.0000"
"100007908","BCO0010007","2.0000","1.0000","1.0000","0.0000","0.0000"
"100007908","BCO0010006","2.0000","1.0000","1.0000","0.0000","0.0000"
"100007908","BCO0010005","2.0000","1.0000","1.0000","0.0000","0.0000"
"300000066","BOAL01076-BOAL00109-BOAL00111-BOAL00113-BOAL00116","1.0000","1.0000","1.0000","0.0000","0.0000"
"300000066","BOAL00109","1.0000","1.0000","1.0000","0.0000","0.0000"
"300000066","BOAL00111","1.0000","1.0000","1.0000","0.0000","0.0000"
"300000066","BOAL00113","1.0000","1.0000","1.0000","0.0000","0.0000"
"300000066","BOAL00116","1.0000","1.0000","1.0000","0.0000","0.0000"
"300000066","BOAL00704","1.0000","1.0000","1.0000","0.0000","0.0000"
"100007909","PPIQ48302-03","1.0000","1.0000","1.0000","0.0000","0.0000"
"100007909","BOBB00084","1.0000","1.0000","1.0000","0.0000","0.0000"
"100007909","PPIQ48302-02","1.0000","1.0000","1.0000","0.0000","0.0000"
"100007910","BOVE00113","1.0000","1.0000","1.0000","0.0000","0.0000"
"100007911","BOBB01301","4.0000","4.0000","4.0000","0.0000","0.0000"
"100007912","BOVA01436","6.0000","6.0000","6.0000","0.0000","0.0000"
"100007913","BOAL00727","1.0000","1.0000","1.0000","0.0000","0.0000"
"100007914","BOVE00255","1.0000","1.0000","1.0000","0.0000","0.0000"
"100007914","BOVE00137","1.0000","1.0000","1.0000","0.0000","0.0000"
"100007915","BOVE00296","1.0000","1.0000","1.0000","0.0000","0.0000"
"100007916","PMESU41604-00","1.0000","0.0000","0.0000","1.0000","0.0000"
"100007917","PMESU41604-00","1.0000","1.0000","1.0000","0.0000","0.0000"
"100007918","BOVE00508","1.0000","1.0000","1.0000","0.0000","0.0000"
"100007919","BOVE00507","1.0000","1.0000","1.0000","0.0000","0.0000"
"100007919","BOVE00508","3.0000","3.0000","3.0000","0.0000","0.0000"
"100007919","CLB0010001","2.0000","2.0000","2.0000","0.0000","0.0000"
"100007919","BOCI00364","1.0000","1.0000","1.0000","0.0000","0.0000"
"100007919","LLRBAZ0160","1.0000","1.0000","1.0000","0.0000","0.0000"
"100007919","PCOU48280-18","1.0000","1.0000","1.0000","0.0000","0.0000"
"100007920","CCS0010011","12.0000","12.0000","12.0000","0.0000","0.0000"
"100007921","PFLE47742-29","2.0000","0.0000","0.0000","2.0000","0.0000"
"100007921","PFLE47742-03","1.0000","0.0000","0.0000","1.0000","0.0000"
"100007922","PFLE47742-29","2.0000","2.0000","2.0000","0.0000","0.0000"
"100007922","PFLE47742-03","1.0000","1.0000","1.0000","0.0000","0.0000"
"100007923","BOVA00484","5.0000","5.0000","5.0000","0.0000","0.0000"
"100007924","PATT42501-15","1.0000","1.0000","1.0000","0.0000","0.0000"
"100007925","CCS0010014","1.0000","1.0000","1.0000","0.0000","0.0000"
"100007926","ME00C127","1.0000","1.0000","1.0000","0.0000","0.0000"
"100007927","BOVA01528","6.0000","6.0000","4.0000","0.0000","2.0000"
"100007928","PPELL41735-20","1.0000","1.0000","1.0000","0.0000","0.0000"
"100007929","BOAL01414-BOAL00204-BOAL00257-BOAL00235-BOAL00260","1.0000","0.0000","0.0000","1.0000","0.0000"
"100007929","BOAL00204","1.0000","0.0000","0.0000","0.0000","0.0000"
"100007929","BOAL00257","1.0000","0.0000","0.0000","0.0000","0.0000"
"100007929","BOAL00235","1.0000","0.0000","0.0000","0.0000","0.0000"
"100007929","BOAL00260","1.0000","0.0000","0.0000","0.0000","0.0000"
"100007930","BOAL01226-BOAL00398-BOAL00403-BOAL00404-BOAL00406","1.0000","1.0000","1.0000","0.0000","0.0000"
"100007930","BOAL00398","2.0000","1.0000","1.0000","0.0000","0.0000"
"100007930","BOAL00403","2.0000","1.0000","1.0000","0.0000","0.0000"
"100007930","BOAL00404","2.0000","1.0000","1.0000","0.0000","0.0000"
"100007930","BOAL00406","2.0000","1.0000","1.0000","0.0000","0.0000"
"100007931","FREV004191","1.0000","1.0000","1.0000","0.0000","0.0000"
"100007931","FREV004189","1.0000","1.0000","1.0000","0.0000","0.0000"
"100007931","FREV001082","1.0000","1.0000","1.0000","0.0000","0.0000"
"100007931","FREV002272","1.0000","1.0000","1.0000","0.0000","0.0000"
"100007931","FREV002274","1.0000","1.0000","1.0000","0.0000","0.0000"
"100007931","FREV002273","1.0000","1.0000","1.0000","0.0000","0.0000"
"100007932","BOVE00072","3.0000","3.0000","3.0000","0.0000","0.0000"
"100007933","BOBB00302","2.0000","2.0000","2.0000","0.0000","0.0000"
"100007934","BOAL00347","1.0000","1.0000","1.0000","0.0000","0.0000"
"100007935","BOUU00076","2.0000","2.0000","2.0000","0.0000","0.0000"
"100007936","BOVE00522","1.0000","1.0000","1.0000","0.0000","0.0000"
"100007937","BOVE00359","1.0000","1.0000","1.0000","0.0000","0.0000"
"100007938","BOAL01182-BOAL00327-BOAL00328-BOAL00329-BOAL00330","1.0000","1.0000","1.0000","0.0000","0.0000"
"100007938","BOAL00327","1.0000","1.0000","1.0000","0.0000","0.0000"
"100007938","BOAL00328","1.0000","1.0000","1.0000","0.0000","0.0000"
"100007938","BOAL00329","1.0000","1.0000","1.0000","0.0000","0.0000"
"100007938","BOAL00330","1.0000","1.0000","1.0000","0.0000","0.0000"
"100007939","BOVE00615","2.0000","2.0000","2.0000","0.0000","0.0000"
"100007940","BOVE00109","2.0000","2.0000","2.0000","0.0000","0.0000"
"100007941","BOBB00098","2.0000","2.0000","2.0000","0.0000","0.0000"
"100007942","BOAL00609","5.0000","5.0000","5.0000","0.0000","0.0000"
"100007942","PFOU48280-17","6.0000","6.0000","6.0000","0.0000","0.0000"
"100007943","BOCI00578","1.0000","1.0000","1.0000","0.0000","0.0000"
"100007944","BOVA01437","8.0000","8.0000","8.0000","0.0000","0.0000"
"100007945","BOVE00559","4.0000","4.0000","4.0000","0.0000","0.0000"
"100007946","FREV000945","7.0000","7.0000","7.0000","0.0000","0.0000"
"100007946","BOVA00750","7.0000","7.0000","7.0000","0.0000","0.0000"
"100007946","FREV000953","1.0000","1.0000","1.0000","0.0000","0.0000"
"100007946","FREV000939","1.0000","1.0000","1.0000","0.0000","0.0000"
"100007946","FREV001103","1.0000","1.0000","1.0000","0.0000","0.0000"
"100007946","FREV000989","1.0000","1.0000","1.0000","0.0000","0.0000"
"100007947","24CAR-0381","1.0000","1.0000","1.0000","0.0000","1.0000"
"100007948","PFLE47742-04","1.0000","1.0000","1.0000","0.0000","0.0000"
"100007948","PFLE47742-01","1.0000","1.0000","1.0000","0.0000","0.0000"
"300000067","24CAR-0381","1.0000","1.0000","0.0000","0.0000","1.0000"
"100007949","FREV002271","1.0000","1.0000","1.0000","0.0000","0.0000"
"100007949","FREV002272","2.0000","2.0000","2.0000","0.0000","0.0000"
"100007949","FREV002274","2.0000","2.0000","2.0000","0.0000","0.0000"
"100007949","FREV004189","1.0000","1.0000","1.0000","0.0000","0.0000"
"100007950","BOVA00751","6.0000","6.0000","6.0000","0.0000","0.0000"
"100007950","FREV961169","6.0000","6.0000","6.0000","0.0000","0.0000"
"100007951","ME00C127","1.0000","1.0000","1.0000","0.0000","0.0000"
"100007951","ME00C24","1.0000","1.0000","1.0000","0.0000","0.0000"
"100007952","VOL00032","1.0000","1.0000","1.0000","0.0000","0.0000"
"100007952","VOL00031","1.0000","1.0000","1.0000","0.0000","0.0000"
"100007952","VOL00035","1.0000","1.0000","1.0000","0.0000","0.0000"
"100007953","BOVA01265","1.0000","1.0000","1.0000","0.0000","0.0000"
"100007954","BOVE00470","1.0000","1.0000","1.0000","0.0000","0.0000"
"300000068","CCS0010015","4.0000","0.0000","0.0000","4.0000","0.0000"
"300000069","CCS0010015","4.0000","0.0000","0.0000","4.0000","0.0000"
"300000070","CCS0010015","4.0000","4.0000","4.0000","0.0000","0.0000"
"100007955","BOVE00797-BOVE00796-BOVE00795-BOVE00794","6.0000","6.0000","6.0000","0.0000","0.0000"
"100007955","BOVE00796","6.0000","1.0000","1.0000","0.0000","0.0000"
"100007955","BOVE00795","6.0000","1.0000","1.0000","0.0000","0.0000"
"100007955","BOVE00794","6.0000","1.0000","1.0000","0.0000","0.0000"
"100007956","48CAR-0052","1.0000","1.0000","1.0000","0.0000","0.0000"
"100007957","BOVE00359","1.0000","1.0000","1.0000","0.0000","0.0000"
"100007958","BOAL00709","1.0000","1.0000","1.0000","0.0000","0.0000"
"100007959","CCS0010002","8.0000","8.0000","8.0000","0.0000","0.0000"
"100007960","CCS0010010","2.0000","2.0000","2.0000","0.0000","0.0000"
"100007960","CCS0010002","2.0000","2.0000","2.0000","0.0000","0.0000"
"100007960","BOBB00009","1.0000","1.0000","1.0000","0.0000","0.0000"
"100007960","BOVE00508","1.0000","1.0000","1.0000","0.0000","0.0000"
"100007961","BOVA01321","1.0000","1.0000","1.0000","0.0000","0.0000"
"100007961","BOVA01322","1.0000","1.0000","1.0000","0.0000","0.0000"
"100007961","BOVA01323","1.0000","1.0000","1.0000","0.0000","0.0000"
"100007961","BOVA01324","1.0000","1.0000","1.0000","0.0000","0.0000"
"100007962","BGDCOL041-BGDCOL037-BGDCOL039-BGDCOL036-BGDCOL038","1.0000","1.0000","1.0000","0.0000","0.0000"
"100007962","BGDCOL037","1.0000","1.0000","1.0000","0.0000","0.0000"
"100007962","BGDCOL039","1.0000","1.0000","1.0000","0.0000","0.0000"
"100007962","BGDCOL036","1.0000","1.0000","1.0000","0.0000","0.0000"
"100007962","BGDCOL038","1.0000","1.0000","1.0000","0.0000","0.0000"
"100007963","BOAL00929","1.0000","1.0000","1.0000","0.0000","0.0000"
"100007963","BOAL00938","1.0000","1.0000","1.0000","0.0000","0.0000"
"100007963","BOAL00939","1.0000","1.0000","1.0000","0.0000","0.0000"
"100007964","BOVE00033","1.0000","1.0000","1.0000","0.0000","0.0000"
"100007965","BOVA00546","1.0000","1.0000","1.0000","0.0000","0.0000"
"100007966","51MDF-5100","1.0000","1.0000","1.0000","0.0000","0.0000"
"100007967","BGDCOL040-BGDCOL037-BGDCOL039-BGDCOL038","1.0000","1.0000","1.0000","0.0000","0.0000"
"100007967","BGDCOL037","1.0000","1.0000","1.0000","0.0000","0.0000"
"100007967","BGDCOL039","1.0000","1.0000","1.0000","0.0000","0.0000"
"100007967","BGDCOL038","1.0000","1.0000","1.0000","0.0000","0.0000"
"100007968","BGDCOL035-BGDCOL030-BGDCOL032-BGDCOL029-BGDCOL031","1.0000","1.0000","1.0000","0.0000","0.0000"
"100007968","BGDCOL030","2.0000","1.0000","1.0000","0.0000","0.0000"
"100007968","BGDCOL032","2.0000","1.0000","1.0000","0.0000","0.0000"
"100007968","BGDCOL029","2.0000","1.0000","1.0000","0.0000","0.0000"
"100007968","BGDCOL031","2.0000","1.0000","1.0000","0.0000","0.0000"
"100007969","BOAL01187-BOAL00340-BOAL00343-BOAL00347-BOAL00349-BOAL00341-BOAL00345-BOAL00348","2.0000","2.0000","2.0000","0.0000","0.0000"
"100007970","BOVE00517","1.0000","1.0000","1.0000","0.0000","0.0000"
"100007971","BAM0040011-BAM0040001-BAM0040002-BAM0040004","1.0000","1.0000","1.0000","0.0000","0.0000"
"100007972","PFLE47742-01","1.0000","1.0000","1.0000","0.0000","0.0000"
"100007972","PFLE47742-04","1.0000","1.0000","1.0000","0.0000","0.0000"
"100007973","BOAL01183-BOAL00327-BOAL00328-BOAL00329-BOAL00330","1.0000","0.0000","0.0000","1.0000","0.0000"
"100007973","BOAL00327","2.0000","0.0000","0.0000","0.0000","0.0000"
"100007973","BOAL00328","2.0000","0.0000","0.0000","0.0000","0.0000"
"100007973","BOAL00329","2.0000","0.0000","0.0000","0.0000","0.0000"
"100007973","BOAL00330","2.0000","0.0000","0.0000","0.0000","0.0000"
"100007973","BOAL00329","1.0000","0.0000","0.0000","1.0000","0.0000"
"100007974","BOAL01183-BOAL00327-BOAL00328-BOAL00329-BOAL00330","1.0000","1.0000","1.0000","0.0000","0.0000"
"100007974","BOAL00327","2.0000","1.0000","1.0000","0.0000","0.0000"
"100007974","BOAL00328","2.0000","1.0000","1.0000","0.0000","0.0000"
"100007974","BOAL00329","2.0000","1.0000","1.0000","0.0000","0.0000"
"100007974","BOAL00330","2.0000","1.0000","1.0000","0.0000","0.0000"
"100007974","BOAL00329","1.0000","1.0000","1.0000","0.0000","0.0000"
"100007975","51MDF-5100","1.0000","0.0000","0.0000","1.0000","0.0000"
"100007976","51MDF-5100","1.0000","1.0000","1.0000","0.0000","0.0000"
"100007977","BOVE00518","1.0000","1.0000","1.0000","0.0000","0.0000"
"100007978","BOVE00730","2.0000","2.0000","2.0000","0.0000","0.0000"
"100007979","BOAL00348","2.0000","2.0000","2.0000","0.0000","0.0000"
"100007979","BOAL00341","2.0000","2.0000","2.0000","0.0000","0.0000"
"100007980","BOVE00276","1.0000","1.0000","1.0000","0.0000","0.0000"
"100007980","BOVE00339","2.0000","2.0000","2.0000","0.0000","0.0000"
"100007981","BOVE00113","2.0000","2.0000","2.0000","0.0000","0.0000"
"100007982","BOAL00699","2.0000","2.0000","2.0000","0.0000","0.0000"
"100007983","ME00C127","1.0000","1.0000","1.0000","0.0000","0.0000"
"100007983","BOVE00083","2.0000","2.0000","2.0000","0.0000","0.0000"
"100007983","BOVA01188","1.0000","1.0000","1.0000","0.0000","0.0000"
"100007984","BOVE00800","1.0000","0.0000","0.0000","1.0000","0.0000"
"100007985","BOVE00800","1.0000","0.0000","0.0000","1.0000","0.0000"
"100007986","BOCI00583","1.0000","1.0000","1.0000","0.0000","0.0000"
"100007987","CCS0010010","6.0000","6.0000","6.0000","0.0000","0.0000"
"100007987","CCS0010002","6.0000","6.0000","6.0000","0.0000","0.0000"
"100007988","FREV001833","1.0000","1.0000","1.0000","0.0000","0.0000"
"100007989","BOVE00223","1.0000","1.0000","1.0000","0.0000","0.0000"
"100007989","BOVE00278","2.0000","2.0000","2.0000","0.0000","0.0000"
"100007990","BOVE00278","3.0000","0.0000","0.0000","3.0000","0.0000"
"100007990","CCS0010014","12.0000","0.0000","0.0000","12.0000","0.0000"
"100007990","CCS0010002","12.0000","0.0000","0.0000","12.0000","0.0000"
"100007991","BOVE00397","2.0000","2.0000","2.0000","0.0000","0.0000"
"100007992","BOAL01046-24CAR-0381-BOAL00075-BOAL00077-BOAL00081-BOAL00079-24CAR-0381","1.0000","1.0000","1.0000","0.0000","1.0000"
"100007992","BOAL00075","1.0000","1.0000","1.0000","0.0000","1.0000"
"100007992","BOAL00077","1.0000","1.0000","1.0000","0.0000","1.0000"
"100007992","BOAL00081","1.0000","1.0000","1.0000","0.0000","1.0000"
"100007992","BOAL00079","1.0000","1.0000","1.0000","0.0000","1.0000"
"100007992","24CAR-0381","1.0000","1.0000","1.0000","0.0000","1.0000"
"100007993","BOAL00721","1.0000","1.0000","1.0000","0.0000","0.0000"
"100007993","BOAL00719","1.0000","1.0000","1.0000","0.0000","0.0000"
"100007993","BOAL00714","1.0000","1.0000","1.0000","0.0000","0.0000"
"100007994","LLRSAT0145","1.0000","1.0000","1.0000","0.0000","0.0000"
"100007995","CNN0050002","1.0000","0.0000","0.0000","1.0000","0.0000"
"100007996","PDECO47415-07","1.0000","1.0000","1.0000","0.0000","0.0000"
"100007997","ME00C127","1.0000","1.0000","1.0000","0.0000","0.0000"
"100007997","BOVE00749","1.0000","1.0000","1.0000","0.0000","0.0000"
"100007997","BOVA00695","1.0000","1.0000","1.0000","0.0000","0.0000"
"100007998","BOVE00359","2.0000","2.0000","2.0000","0.0000","0.0000"
"100007999","BOAL00348","2.0000","2.0000","2.0000","0.0000","0.0000"
"100008000","BOVE00296","1.0000","1.0000","1.0000","0.0000","0.0000"
"100008001","BOVE00507","3.0000","3.0000","3.0000","0.0000","0.0000"
"100008002","CBR0050001","1.0000","1.0000","1.0000","0.0000","0.0000"
"100008003","PCHO44940-08","1.0000","1.0000","1.0000","0.0000","0.0000"
"100008004","BOVE00513","1.0000","1.0000","1.0000","0.0000","0.0000"
"100008005","BOVE00313","1.0000","1.0000","1.0000","0.0000","0.0000"
"100008005","BOVE00704","1.0000","1.0000","1.0000","0.0000","0.0000"
"100008006","ME00C51","1.0000","1.0000","1.0000","0.0000","0.0000"
"100008006","BOBB00207","1.0000","1.0000","1.0000","0.0000","0.0000"
"100008006","BOBB00206","1.0000","1.0000","1.0000","0.0000","0.0000"
"100008006","ME00069","1.0000","1.0000","1.0000","0.0000","0.0000"
"100008006","BOVA00233","1.0000","1.0000","1.0000","0.0000","0.0000"
"100008007","ME00439","1.0000","1.0000","1.0000","0.0000","0.0000"
"100008008","BOVE00485","5.0000","5.0000","5.0000","0.0000","0.0000"
"100008009","ME00C127","1.0000","1.0000","1.0000","0.0000","0.0000"
"100008010","49MDF-0461","1.0000","0.0000","0.0000","1.0000","0.0000"
"100008011","PFLE47742-47","2.0000","2.0000","2.0000","0.0000","0.0000"
"100008012","BOVA01201","9.0000","9.0000","9.0000","0.0000","0.0000"
"100008013","BOVE00278","3.0000","3.0000","3.0000","0.0000","0.0000"
"100008013","CCS0010012","12.0000","12.0000","12.0000","0.0000","0.0000"
"100008013","CCS0030005","3.0000","3.0000","3.0000","0.0000","0.0000"
"100008014","BOAL01182-24CAR-0381-BOAL00327-BOAL00328-BOAL00329-BOAL00330-24CAR-0381","1.0000","1.0000","1.0000","0.0000","1.0000"
"100008014","BOAL00327","1.0000","1.0000","1.0000","0.0000","1.0000"
"100008014","BOAL00328","1.0000","1.0000","1.0000","0.0000","1.0000"
"100008014","BOAL00329","1.0000","1.0000","1.0000","0.0000","1.0000"
"100008014","BOAL00330","1.0000","1.0000","1.0000","0.0000","1.0000"
"100008014","24CAR-0381","1.0000","1.0000","1.0000","0.0000","1.0000"
"100008015","51MDF-5100","1.0000","0.0000","0.0000","1.0000","0.0000"
"100008016","51MDF-5100","1.0000","1.0000","1.0000","0.0000","0.0000"
"100008017","BOVE00469","2.0000","2.0000","2.0000","0.0000","0.0000"
"100008018","49MDF-0461","1.0000","1.0000","1.0000","0.0000","0.0000"
"100008019","BOVE00296","1.0000","1.0000","1.0000","0.0000","0.0000"
"100008020","BOVE00790","1.0000","1.0000","1.0000","0.0000","0.0000"
"100008021","BFBTAS002","1.0000","1.0000","1.0000","0.0000","0.0000"
"100008022","BOAL00922","1.0000","1.0000","1.0000","0.0000","1.0000"
"100008022","49MDF-0461","1.0000","1.0000","1.0000","0.0000","1.0000"
"100008022","BOBB00033","1.0000","1.0000","1.0000","0.0000","1.0000"
"100008023","BOVE00680","1.0000","0.0000","0.0000","1.0000","0.0000"
"100008024","BOVE00680","1.0000","0.0000","0.0000","1.0000","0.0000"
"200000052","BOVE00013","5.0000","5.0000","5.0000","0.0000","0.0000"
"100008025","CAR0010002","2.0000","2.0000","2.0000","0.0000","0.0000"
"100008026","48CAR-0052","1.0000","1.0000","1.0000","0.0000","0.0000"
"100008026","49MDF-0461","1.0000","1.0000","1.0000","0.0000","0.0000"
"100008026","CCS0010016","8.0000","8.0000","8.0000","0.0000","0.0000"
"100008026","BOVA01080","6.0000","6.0000","6.0000","0.0000","0.0000"
"100008026","CAR0030001","1.0000","1.0000","1.0000","0.0000","0.0000"
"100008027","48CAR-0052","1.0000","1.0000","1.0000","0.0000","0.0000"
"100008028","PFLE47742-47","1.0000","1.0000","1.0000","0.0000","0.0000"
"100008029","BOVE00113","1.0000","1.0000","1.0000","0.0000","0.0000"
"100008030","ME00C51","1.0000","1.0000","1.0000","0.0000","0.0000"
"100008031","BOAL01174-48CAR-0052-BOAL00317-BOAL00321-BOAL00323-BOAL00325-48CAR-0052","1.0000","1.0000","1.0000","0.0000","0.0000"
"100008031","BOAL00317","2.0000","1.0000","1.0000","0.0000","0.0000"
"100008031","BOAL00321","2.0000","1.0000","1.0000","0.0000","0.0000"
"100008031","BOAL00323","2.0000","1.0000","1.0000","0.0000","0.0000"
"100008031","BOAL00325","2.0000","1.0000","1.0000","0.0000","0.0000"
"100008031","48CAR-0052","1.0000","1.0000","1.0000","0.0000","0.0000"
"100008032","BOVE00359","6.0000","6.0000","6.0000","0.0000","6.0000"
"100008033","BOVE00595","1.0000","1.0000","1.0000","0.0000","0.0000"
"100008034","BOAL00321","2.0000","2.0000","2.0000","0.0000","0.0000"
"100008034","BOAL00325","2.0000","2.0000","2.0000","0.0000","2.0000"
"100008035","BOVE00599","1.0000","0.0000","0.0000","1.0000","0.0000"
"100008035","BOAL00614","1.0000","0.0000","0.0000","1.0000","0.0000"
"100008036","BGDCAS011-BGDCAS001-BGDCAS006-BGDCAS009-BGDCAS007","1.0000","1.0000","1.0000","0.0000","0.0000"
"100008036","BGDCAS001","1.0000","1.0000","1.0000","0.0000","0.0000"
"100008036","BGDCAS006","1.0000","1.0000","1.0000","0.0000","0.0000"
"100008036","BGDCAS009","1.0000","1.0000","1.0000","0.0000","0.0000"
"100008036","BGDCAS007","1.0000","1.0000","1.0000","0.0000","0.0000"
"100008036","24CAR-0381","1.0000","1.0000","1.0000","0.0000","0.0000"
"100008037","BOAL01182-BOAL00327-BOAL00328-BOAL00329-BOAL00330","5.0000","5.0000","5.0000","0.0000","0.0000"
"100008037","BOAL00327","5.0000","1.0000","1.0000","0.0000","0.0000"
"100008037","BOAL00328","5.0000","1.0000","1.0000","0.0000","0.0000"
"100008037","BOAL00329","5.0000","1.0000","1.0000","0.0000","0.0000"
"100008037","BOAL00330","5.0000","1.0000","1.0000","0.0000","0.0000"
"100008038","LLW-1316N","1.0000","1.0000","1.0000","0.0000","0.0000"
"100008038","FFE0050008","1.0000","1.0000","1.0000","0.0000","0.0000"
"100008039","CBR0050001","1.0000","1.0000","1.0000","0.0000","0.0000"
"100008039","BOVE00684","2.0000","2.0000","2.0000","0.0000","0.0000"
"100008040","BOAL01182-24CAR-0381-BOAL00327-BOAL00328-BOAL00329-BOAL00330-24CAR-0381","1.0000","0.0000","0.0000","1.0000","0.0000"
"100008040","BOAL00327","1.0000","0.0000","0.0000","0.0000","0.0000"
"100008040","BOAL00328","1.0000","0.0000","0.0000","0.0000","0.0000"
"100008040","BOAL00329","1.0000","0.0000","0.0000","0.0000","0.0000"
"100008040","BOAL00330","1.0000","0.0000","0.0000","0.0000","0.0000"
"100008040","24CAR-0381","1.0000","0.0000","0.0000","0.0000","0.0000"
"100008041","PFLE47742-15","1.0000","1.0000","1.0000","0.0000","0.0000"
"100008042","BOAL01243-BOAL00428-BOAL00433-BOAL00434-BOAL00436","1.0000","1.0000","1.0000","0.0000","0.0000"
"100008042","BOAL00428","1.0000","1.0000","1.0000","0.0000","0.0000"
"100008042","BOAL00433","1.0000","1.0000","1.0000","0.0000","0.0000"
"100008042","BOAL00434","1.0000","1.0000","1.0000","0.0000","0.0000"
"100008042","BOAL00436","1.0000","1.0000","1.0000","0.0000","0.0000"
"100008043","BOVE00444","1.0000","1.0000","1.0000","0.0000","0.0000"
"100008043","PBOU41608-04","1.0000","1.0000","1.0000","0.0000","0.0000"
"100008044","BAR0110004","2.0000","2.0000","2.0000","0.0000","0.0000"
"100008045","LLRCOT0080","1.0000","1.0000","1.0000","0.0000","0.0000"
"100008046","BOAL01270-BOAL00478-BOAL00482-BOAL00484-BOAL00486","2.0000","2.0000","2.0000","0.0000","0.0000"
"100008046","BOAL00478","2.0000","1.0000","1.0000","0.0000","0.0000"
"100008046","BOAL00482","2.0000","1.0000","1.0000","0.0000","0.0000"
"100008046","BOAL00484","2.0000","1.0000","1.0000","0.0000","0.0000"
"100008046","BOAL00486","2.0000","1.0000","1.0000","0.0000","0.0000"
"100008047","SDO0028062","1.0000","1.0000","1.0000","0.0000","0.0000"
"100008048","BOVE00117","1.0000","1.0000","1.0000","0.0000","0.0000"
"100008048","BOVE00118","1.0000","1.0000","1.0000","0.0000","0.0000"
"100008048","BOVE00116","2.0000","2.0000","2.0000","0.0000","0.0000"
"100008049","BOBB00086","2.0000","2.0000","2.0000","0.0000","0.0000"
"100008049","BOUU00020","1.0000","1.0000","1.0000","0.0000","0.0000"
"100008049","BOUU00044","1.0000","1.0000","1.0000","0.0000","0.0000"
"100008050","BOVE00547","1.0000","1.0000","1.0000","0.0000","0.0000"
"100008051","BOVE00446","1.0000","1.0000","1.0000","0.0000","0.0000"
"100008051","BOCI00324","1.0000","1.0000","1.0000","0.0000","0.0000"
"100008051","PREF47098-30","1.0000","1.0000","1.0000","0.0000","0.0000"
"100008051","PFLE47742-32","1.0000","1.0000","1.0000","0.0000","0.0000"
"100008052","BBR0010001","1.0000","1.0000","1.0000","0.0000","0.0000"
"100008053","BOVA01265","1.0000","1.0000","1.0000","0.0000","0.0000"
"100008054","24CAR-0381","1.0000","1.0000","1.0000","0.0000","0.0000"
"100008055","BOVE00517","1.0000","1.0000","1.0000","0.0000","0.0000"
"100008055","BOVE00797-BOVE00796-BOVE00795-BOVE00794","2.0000","2.0000","2.0000","0.0000","0.0000"
"100008055","BOVE00796","2.0000","1.0000","1.0000","0.0000","0.0000"
"100008055","BOVE00795","2.0000","1.0000","1.0000","0.0000","0.0000"
"100008055","BOVE00794","2.0000","1.0000","1.0000","0.0000","0.0000"
"100008056","49MDF-0461","1.0000","1.0000","1.0000","0.0000","0.0000"
"100008057","ME00296-ME00295","1.0000","1.0000","1.0000","0.0000","1.0000"
"100008057","ME00295","6.0000","1.0000","1.0000","0.0000","6.0000"
"100008058","PFLE47742-01","3.0000","0.0000","0.0000","3.0000","0.0000"
"100008058","PFLE47742-03","3.0000","0.0000","0.0000","3.0000","0.0000"
"100008059","PFLE47742-01","3.0000","3.0000","3.0000","0.0000","0.0000"
"100008059","PFLE47742-03","3.0000","3.0000","3.0000","0.0000","0.0000"
"100008060","CCS0010002","6.0000","6.0000","6.0000","0.0000","0.0000"
"100008060","CCS0010010","6.0000","6.0000","6.0000","0.0000","0.0000"
"100008060","CCS0010005","12.0000","12.0000","12.0000","0.0000","0.0000"
"100008061","48CAR-0052","1.0000","1.0000","1.0000","0.0000","0.0000"
"100008061","BOAL01374-BOAL00206-BOAL00261-BOAL00238-BOAL00219","1.0000","1.0000","1.0000","0.0000","0.0000"
"100008061","BOAL00206","2.0000","1.0000","1.0000","0.0000","0.0000"
"100008061","BOAL00261","2.0000","1.0000","1.0000","0.0000","0.0000"
"100008061","BOAL00238","2.0000","1.0000","1.0000","0.0000","0.0000"
"100008061","BOAL00219","2.0000","1.0000","1.0000","0.0000","0.0000"
"100008062","BOVE00478","3.0000","3.0000","3.0000","0.0000","0.0000"
"100008063","BGDCOL044","1.0000","1.0000","1.0000","0.0000","0.0000"
"100008064","BOVE00503","1.0000","1.0000","1.0000","0.0000","0.0000"
"100008065","49MDF-0461","1.0000","1.0000","1.0000","0.0000","0.0000"
"100008066","ME00C127","1.0000","1.0000","1.0000","0.0000","0.0000"
"100008067","BNNPOS0008","1.0000","1.0000","1.0000","0.0000","0.0000"
"100008068","BOCI00857","1.0000","1.0000","1.0000","0.0000","0.0000"
"100008069","BOAL01182-BOAL00327-BOAL00328-BOAL00329-BOAL00330","1.0000","1.0000","1.0000","0.0000","0.0000"
"100008069","BOAL00327","1.0000","1.0000","1.0000","0.0000","0.0000"
"100008069","BOAL00328","1.0000","1.0000","1.0000","0.0000","0.0000"
"100008069","BOAL00329","1.0000","1.0000","1.0000","0.0000","0.0000"
"100008069","BOAL00330","1.0000","1.0000","1.0000","0.0000","0.0000"
"100008070","BOAL01270-24MDF-0456-BOAL00478-BOAL00482-BOAL00484-BOAL00486-24MDF-0456","1.0000","1.0000","1.0000","0.0000","0.0000"
"100008070","BOAL00478","1.0000","1.0000","1.0000","0.0000","0.0000"
"100008070","BOAL00482","1.0000","1.0000","1.0000","0.0000","0.0000"
"100008070","BOAL00484","1.0000","1.0000","1.0000","0.0000","0.0000"
"100008070","BOAL00486","1.0000","1.0000","1.0000","0.0000","0.0000"
"100008070","24MDF-0456","1.0000","1.0000","1.0000","0.0000","0.0000"
"100008071","51MDF-5100","1.0000","1.0000","1.0000","0.0000","0.0000"
"100008072","BOVA01264","1.0000","0.0000","0.0000","1.0000","0.0000"
"100008073","FREV002271","4.0000","0.0000","0.0000","4.0000","0.0000"
"100008074","FREV001084","1.0000","1.0000","1.0000","0.0000","0.0000"
"100008074","FREV000940","1.0000","1.0000","1.0000","0.0000","0.0000"
"100008074","FREV000937","1.0000","1.0000","1.0000","0.0000","0.0000"
"100008074","FREV000989","1.0000","1.0000","1.0000","0.0000","0.0000"
"100008074","FREV001103","1.0000","1.0000","1.0000","0.0000","0.0000"
"100008074","FREV001086","1.0000","1.0000","1.0000","0.0000","0.0000"
"100008074","BOVA00755","1.0000","1.0000","1.0000","0.0000","0.0000"
"100008074","FREV001112","1.0000","1.0000","1.0000","0.0000","0.0000"
"100008074","FREV001111","1.0000","1.0000","1.0000","0.0000","0.0000"
"100008074","FREV001113","1.0000","1.0000","1.0000","0.0000","0.0000"
"100008074","BOVA00756","1.0000","1.0000","1.0000","0.0000","0.0000"
"100008074","BOVA00757","1.0000","1.0000","1.0000","0.0000","0.0000"
"100008075","PFLE47742-29","1.0000","1.0000","1.0000","0.0000","0.0000"
"100008076","BOCI00514","1.0000","1.0000","1.0000","0.0000","0.0000"
"100008076","BOCI00460","1.0000","1.0000","1.0000","0.0000","0.0000"
"100008076","BOCI00452","1.0000","1.0000","1.0000","0.0000","0.0000"
"100008077","BOVE00501","1.0000","1.0000","1.0000","0.0000","0.0000"
"100008078","BOVE00505","2.0000","0.0000","0.0000","2.0000","0.0000"
"100008079","ME00C127","1.0000","0.0000","0.0000","1.0000","0.0000"
"100008080","BOVA01397","1.0000","1.0000","1.0000","0.0000","0.0000"
"100008081","BOVE00508","1.0000","1.0000","1.0000","0.0000","0.0000"
"100008081","BOVE00505","1.0000","1.0000","1.0000","0.0000","0.0000"
"100008081","CLB0010001","1.0000","1.0000","1.0000","0.0000","0.0000"
"100008082","BOVE00447","2.0000","2.0000","2.0000","0.0000","0.0000"
"100008082","BOVE00496","1.0000","1.0000","1.0000","0.0000","0.0000"
"100008083","BOVE00286","1.0000","1.0000","1.0000","0.0000","0.0000"
"100008084","BOVE00109","1.0000","1.0000","1.0000","0.0000","0.0000"
"100008085","BOAL00477","2.0000","2.0000","2.0000","0.0000","0.0000"
"100008086","24MDF-0456","1.0000","1.0000","1.0000","0.0000","0.0000"
"100008087","PTIR41699-10","1.0000","0.0000","0.0000","1.0000","0.0000"
"100008088","PTIR41699-10","1.0000","0.0000","0.0000","1.0000","0.0000"
"100008089","PTIR41699-10","1.0000","1.0000","1.0000","0.0000","0.0000"
"100008090","BOAL01511","1.0000","1.0000","1.0000","0.0000","0.0000"
"100008091","BOBB00028","2.0000","2.0000","2.0000","0.0000","0.0000"
"100008092","LLRSAT0145","1.0000","0.0000","0.0000","1.0000","0.0000"
"100008093","BOVE00041","2.0000","2.0000","2.0000","0.0000","0.0000"
"100008094","PFLE47742-01","2.0000","2.0000","2.0000","0.0000","0.0000"
"100008095","ME00C127","1.0000","1.0000","1.0000","0.0000","0.0000"
"100008096","49MDF-0461","1.0000","1.0000","1.0000","0.0000","0.0000"
"100008097","PCOU48280-43","1.0000","1.0000","1.0000","0.0000","0.0000"
"100008098","BOVE00658","2.0000","2.0000","2.0000","0.0000","0.0000"
"100008099","BOVA01344","2.0000","2.0000","2.0000","0.0000","0.0000"
"100008100","PBOU41608-04","1.0000","1.0000","1.0000","0.0000","0.0000"
"100008100","BOVE00072","1.0000","1.0000","1.0000","0.0000","0.0000"
"100008101","BOVE00108","1.0000","1.0000","1.0000","0.0000","0.0000"
"100008101","BOCI00496","1.0000","1.0000","1.0000","0.0000","0.0000"
"100008101","BOVE00228","1.0000","1.0000","1.0000","0.0000","0.0000"
"200000053","CBR0050001","2.0000","2.0000","2.0000","0.0000","0.0000"
"100008102","CCS0010011","8.0000","8.0000","8.0000","0.0000","0.0000"
"100008103","BOVE00028","1.0000","1.0000","1.0000","0.0000","0.0000"
"100008104","SDO0028071","1.0000","1.0000","1.0000","0.0000","0.0000"
"100008105","PFLE47742-01","4.0000","4.0000","4.0000","0.0000","0.0000"
"100008106","CCS0010013","4.0000","4.0000","4.0000","0.0000","0.0000"
"100008107","CAR0010002","1.0000","1.0000","1.0000","0.0000","0.0000"
"100008108","BOAL01186-BOAL00340-BOAL00343-BOAL00347-BOAL00349","1.0000","1.0000","1.0000","0.0000","0.0000"
"100008108","BOAL00340","2.0000","1.0000","1.0000","0.0000","0.0000"
"100008108","BOAL00343","2.0000","1.0000","1.0000","0.0000","0.0000"
"100008108","BOAL00347","2.0000","1.0000","1.0000","0.0000","0.0000"
"100008108","BOAL00349","2.0000","1.0000","1.0000","0.0000","0.0000"
"100008109","BGDCAS016-BGDCAS006-BGDCAS001-BGDCAS007-BGDCAS009-BGDCAS004-BGDCAS003-BGDCAS008","1.0000","1.0000","1.0000","0.0000","0.0000"
"100008109","BGDCAS006","2.0000","1.0000","1.0000","0.0000","0.0000"
"100008109","BGDCAS001","2.0000","1.0000","1.0000","0.0000","0.0000"
"100008109","BGDCAS007","2.0000","1.0000","1.0000","0.0000","0.0000"
"100008109","BGDCAS009","2.0000","1.0000","1.0000","0.0000","0.0000"
"100008109","BGDCAS004","2.0000","1.0000","1.0000","0.0000","0.0000"
"100008109","BGDCAS003","2.0000","1.0000","1.0000","0.0000","0.0000"
"100008109","BGDCAS008","2.0000","1.0000","1.0000","0.0000","0.0000"
"100008110","BOAL01183-BOAL00328-BOAL00327-BOAL00330-BOAL00329","2.0000","2.0000","2.0000","0.0000","0.0000"
"100008110","BOAL00328","4.0000","1.0000","1.0000","0.0000","0.0000"
"100008110","BOAL00327","4.0000","1.0000","1.0000","0.0000","0.0000"
"100008110","BOAL00330","4.0000","1.0000","1.0000","0.0000","0.0000"
"100008110","BOAL00329","4.0000","1.0000","1.0000","0.0000","0.0000"
"100008111","BOVE00281","1.0000","1.0000","1.0000","0.0000","0.0000"
"100008111","BOVE00309","1.0000","1.0000","1.0000","0.0000","0.0000"
"100008112","BOAL00248","1.0000","1.0000","1.0000","0.0000","0.0000"
"100008112","BOAL00190","1.0000","1.0000","1.0000","0.0000","0.0000"
"100008113","BGDCAS012-48CAR-0052-48CAR-0052-BGDCAS001-BGDCAS006-BGDCAS009-BGDCAS007","1.0000","1.0000","1.0000","0.0000","0.0000"
"100008113","48CAR-0052","1.0000","1.0000","1.0000","0.0000","0.0000"
"100008113","BGDCAS001","2.0000","1.0000","1.0000","0.0000","0.0000"
"100008113","BGDCAS006","2.0000","1.0000","1.0000","0.0000","0.0000"
"100008113","BGDCAS009","2.0000","1.0000","1.0000","0.0000","0.0000"
"100008113","BGDCAS007","2.0000","1.0000","1.0000","0.0000","0.0000"
"100008114","BOAL00261","2.0000","2.0000","2.0000","0.0000","0.0000"
"100008114","BOAL00226","2.0000","2.0000","2.0000","0.0000","2.0000"
"100008114","BOAL00238","2.0000","2.0000","2.0000","0.0000","0.0000"
"100008115","PFLE47742-01","1.0000","1.0000","1.0000","0.0000","0.0000"
"100008116","ME00C51","2.0000","2.0000","2.0000","0.0000","0.0000"
"100008117","PCUI41605-00","1.0000","1.0000","1.0000","0.0000","0.0000"
"100008117","PPASS41603-00","1.0000","1.0000","1.0000","0.0000","0.0000"
"100008117","BOBB00064","1.0000","1.0000","1.0000","0.0000","0.0000"
"100008117","BOAL01504-BOAL01492-BOAL00422-BOAL00424","1.0000","1.0000","1.0000","0.0000","0.0000"
"100008117","BOAL01492","1.0000","1.0000","1.0000","0.0000","0.0000"
"100008117","BOAL00422","1.0000","1.0000","1.0000","0.0000","0.0000"
"100008117","BOAL00424","1.0000","1.0000","1.0000","0.0000","0.0000"
"100008118","BOAL00222","2.0000","2.0000","2.0000","0.0000","0.0000"
"100008119","BOAL01243-24CAR-0381-BOAL00428-BOAL00433-BOAL00434-BOAL00436-24CAR-0381","1.0000","1.0000","1.0000","0.0000","0.0000"
"100008119","BOAL00428","1.0000","1.0000","1.0000","0.0000","0.0000"
"100008119","BOAL00433","1.0000","1.0000","1.0000","0.0000","0.0000"
"100008119","BOAL00434","1.0000","1.0000","1.0000","0.0000","0.0000"
"100008119","BOAL00436","1.0000","1.0000","1.0000","0.0000","0.0000"
"100008119","24CAR-0381","1.0000","1.0000","1.0000","0.0000","0.0000"
"100008119","49MDF-0461","1.0000","1.0000","1.0000","0.0000","0.0000"
"100008120","BOVE00100","2.0000","2.0000","2.0000","0.0000","0.0000"
"100008121","BOVE00774","1.0000","1.0000","1.0000","0.0000","0.0000"
"100008122","BOVE00296","1.0000","1.0000","1.0000","0.0000","0.0000"
"100008123","BOVA01417","1.0000","1.0000","1.0000","0.0000","0.0000"
"100008124","LLRCIR0129","1.0000","1.0000","1.0000","0.0000","0.0000"
"100008125","BOVE00072","1.0000","1.0000","1.0000","0.0000","0.0000"
"100008126","FREV002271","6.0000","6.0000","6.0000","0.0000","0.0000"
"100008127","49MDF-0461","1.0000","1.0000","1.0000","0.0000","0.0000"
"100008128","BOVA01418","1.0000","1.0000","1.0000","0.0000","0.0000"
"100008129","BOVE00547","1.0000","1.0000","1.0000","0.0000","0.0000"
"100008130","PFLE47742-15","3.0000","3.0000","3.0000","0.0000","0.0000"
"100008131","BOAL00260","1.0000","1.0000","1.0000","0.0000","0.0000"
"100008131","BOVE00380","1.0000","1.0000","1.0000","0.0000","0.0000"
"100008131","BOAL00760","2.0000","2.0000","2.0000","0.0000","0.0000"
"100008132","BGDCAS002","1.0000","0.0000","0.0000","1.0000","0.0000"
"100008132","BGDCAS005","1.0000","0.0000","0.0000","1.0000","0.0000"
"100008133","BGDCAS002","1.0000","1.0000","1.0000","0.0000","0.0000"
"100008133","BGDCAS005","1.0000","1.0000","1.0000","0.0000","0.0000"
"100008134","BCO0030035","1.0000","1.0000","1.0000","0.0000","0.0000"
"100008135","BOVE00780","8.0000","8.0000","8.0000","0.0000","0.0000"
"100008136","BOAL01182-BOAL00327-BOAL00328-BOAL00329-BOAL00330","1.0000","1.0000","1.0000","0.0000","0.0000"
"100008136","BOAL00327","1.0000","1.0000","1.0000","0.0000","0.0000"
"100008136","BOAL00328","1.0000","1.0000","1.0000","0.0000","0.0000"
"100008136","BOAL00329","1.0000","1.0000","1.0000","0.0000","0.0000"
"100008136","BOAL00330","1.0000","1.0000","1.0000","0.0000","0.0000"
"100008137","BOAL01244-49MDF-0461-BOAL00428-BOAL00433-BOAL00434-BOAL00436-49MDF-0461","1.0000","1.0000","1.0000","0.0000","0.0000"
"100008137","BOAL00428","2.0000","1.0000","1.0000","0.0000","0.0000"
"100008137","BOAL00433","2.0000","1.0000","1.0000","0.0000","0.0000"
"100008137","BOAL00434","2.0000","1.0000","1.0000","0.0000","0.0000"
"100008137","BOAL00436","2.0000","1.0000","1.0000","0.0000","0.0000"
"100008137","49MDF-0461","1.0000","1.0000","1.0000","0.0000","0.0000"
"100008138","BOVA02041","1.0000","1.0000","1.0000","0.0000","0.0000"
"100008139","BOAL00182","2.0000","2.0000","2.0000","0.0000","0.0000"
"100008140","BOVE00557","1.0000","1.0000","1.0000","0.0000","0.0000"
"100008141","CCS0010016","4.0000","4.0000","4.0000","0.0000","0.0000"
"100008142","CLB0010001","3.0000","3.0000","3.0000","0.0000","0.0000"
"100008143","BOVE00351","2.0000","2.0000","2.0000","0.0000","0.0000"
"100008144","BOVA02041","2.0000","2.0000","2.0000","0.0000","0.0000"
"100008144","FREV001840","2.0000","2.0000","2.0000","0.0000","0.0000"
"100008144","FREV001906","2.0000","2.0000","2.0000","0.0000","0.0000"
"100008144","FREV001907","2.0000","2.0000","2.0000","0.0000","0.0000"
"100008145","CBR0050001","1.0000","1.0000","1.0000","0.0000","0.0000"
"100008146","ME00003","1.0000","1.0000","1.0000","0.0000","0.0000"
"100008147","51MDF-5100","1.0000","1.0000","1.0000","0.0000","0.0000"
"100008148","PFLE47742-04","1.0000","1.0000","1.0000","0.0000","0.0000"
"100008149","BOAL00347","1.0000","1.0000","1.0000","0.0000","0.0000"
"100008149","BOAL00343","1.0000","1.0000","1.0000","0.0000","0.0000"
"100008150","BGDCAS011-24MDF-0456-24MDF-0456-BGDCAS001-BGDCAS006-BGDCAS009-BGDCAS007","1.0000","1.0000","1.0000","0.0000","0.0000"
"100008150","24MDF-0456","1.0000","1.0000","0.0000","0.0000","0.0000"
"100008150","BGDCAS001","1.0000","1.0000","0.0000","0.0000","0.0000"
"100008150","BGDCAS006","1.0000","1.0000","0.0000","0.0000","0.0000"
"100008150","BGDCAS009","1.0000","1.0000","0.0000","0.0000","0.0000"
"100008150","BGDCAS007","1.0000","1.0000","0.0000","0.0000","0.0000"
"100008150","BGDCAS011-BGDCAS001-BGDCAS006-BGDCAS009-BGDCAS007","1.0000","1.0000","1.0000","0.0000","0.0000"
"100008150","BGDCAS001","1.0000","1.0000","0.0000","0.0000","0.0000"
"100008150","BGDCAS006","1.0000","1.0000","0.0000","0.0000","0.0000"
"100008150","BGDCAS009","1.0000","1.0000","0.0000","0.0000","0.0000"
"100008150","BGDCAS007","1.0000","1.0000","0.0000","0.0000","0.0000"
"100008151","CAR0020001","2.0000","2.0000","2.0000","0.0000","0.0000"
"100008152","BOVE00278","2.0000","2.0000","2.0000","0.0000","0.0000"
"100008153","BET0160001-BOAL00664-BOAL00665-BOAL00666","2.0000","2.0000","2.0000","0.0000","2.0000"
"100008153","BOAL00664","2.0000","1.0000","1.0000","0.0000","2.0000"
"100008153","BOAL00665","2.0000","1.0000","1.0000","0.0000","2.0000"
"100008153","BOAL00666","2.0000","1.0000","1.0000","0.0000","2.0000"
"100008154","BOAL01183-48CAR-0052-48CAR-0052-BOAL00328-BOAL00327-BOAL00330-BOAL00329","1.0000","1.0000","1.0000","0.0000","0.0000"
"100008154","48CAR-0052","1.0000","1.0000","1.0000","0.0000","0.0000"
"100008154","BOAL00328","2.0000","1.0000","1.0000","0.0000","0.0000"
"100008154","BOAL00327","2.0000","1.0000","1.0000","0.0000","0.0000"
"100008154","BOAL00330","2.0000","1.0000","1.0000","0.0000","0.0000"
"100008154","BOAL00329","2.0000","1.0000","1.0000","0.0000","0.0000"
"100008155","51MDF-5100","1.0000","1.0000","1.0000","0.0000","0.0000"
"100008155","49MDF-0461","1.0000","1.0000","1.0000","0.0000","0.0000"
"100008156","BOVE00658","1.0000","1.0000","1.0000","0.0000","0.0000"
"100008157","BOBB00051","1.0000","1.0000","1.0000","0.0000","0.0000"
"100008158","BCO0070007","2.0000","2.0000","2.0000","0.0000","0.0000"
"100008159","PCUI48280-16","1.0000","1.0000","1.0000","0.0000","0.0000"
"100008160","BOVE00296","1.0000","1.0000","1.0000","0.0000","0.0000"
"300000071","LLRPER0058","2.0000","2.0000","2.0000","0.0000","0.0000"
"100008161","BOVE00780","2.0000","2.0000","2.0000","0.0000","0.0000"
"100008162","49MDF-0461","1.0000","1.0000","1.0000","0.0000","0.0000"
"100008163","BOVE00613","1.0000","1.0000","1.0000","0.0000","0.0000"
"100008163","LLRBOR0118","1.0000","1.0000","1.0000","0.0000","0.0000"
"100008164","BOVE00113","1.0000","1.0000","1.0000","0.0000","0.0000"
"100008165","CPEIBI0001","1.0000","1.0000","1.0000","0.0000","0.0000"
"100008165","BOBB00027","1.0000","1.0000","1.0000","0.0000","0.0000"
"100008166","FREV001086","1.0000","1.0000","1.0000","0.0000","0.0000"
"100008166","FREV000937","2.0000","2.0000","2.0000","0.0000","0.0000"
"100008166","FREV000940","2.0000","2.0000","2.0000","0.0000","0.0000"
"100008166","FREV000953","2.0000","2.0000","2.0000","0.0000","0.0000"
"100008166","FREV000990","2.0000","2.0000","2.0000","0.0000","0.0000"
"100008166","FREV003264","1.0000","1.0000","1.0000","0.0000","0.0000"
"100008166","FREV001111","1.0000","1.0000","1.0000","0.0000","0.0000"
"100008166","FREV001112","2.0000","2.0000","2.0000","0.0000","0.0000"
"100008166","FREV001113","1.0000","1.0000","1.0000","0.0000","0.0000"
"100008166","FREV003261","1.0000","1.0000","1.0000","0.0000","0.0000"
"100008167","PPRE42565-00","1.0000","1.0000","1.0000","0.0000","0.0000"
"100008168","PPABAR0001","1.0000","1.0000","1.0000","0.0000","0.0000"
"100008168","PMESU41604-00","1.0000","1.0000","1.0000","0.0000","0.0000"
"100008169","BOAL00763","20.0000","20.0000","20.0000","0.0000","0.0000"
"100008170","FREV001086","3.0000","3.0000","3.0000","0.0000","0.0000"
"100008170","FREV000953","2.0000","2.0000","2.0000","0.0000","0.0000"
"100008170","FREV000989","2.0000","2.0000","2.0000","0.0000","0.0000"
"100008171","BOAL01183-48CAR-0052-48CAR-0052-BOAL00328-BOAL00327-BOAL00330-BOAL00329","1.0000","1.0000","1.0000","0.0000","0.0000"
"100008171","48CAR-0052","1.0000","1.0000","1.0000","0.0000","0.0000"
"100008171","BOAL00328","2.0000","1.0000","1.0000","0.0000","0.0000"
"100008171","BOAL00327","2.0000","1.0000","1.0000","0.0000","0.0000"
"100008171","BOAL00330","2.0000","1.0000","1.0000","0.0000","0.0000"
"100008171","BOAL00329","2.0000","1.0000","1.0000","0.0000","0.0000"
"100008172","BGDCOL049-BGDCOL044-BGDCOL046-BGDCOL043-BGDCOL045","1.0000","0.0000","0.0000","1.0000","0.0000"
"100008172","BGDCOL044","2.0000","0.0000","0.0000","0.0000","0.0000"
"100008172","BGDCOL046","2.0000","0.0000","0.0000","0.0000","0.0000"
"100008172","BGDCOL043","2.0000","0.0000","0.0000","0.0000","0.0000"
"100008172","BGDCOL045","2.0000","0.0000","0.0000","0.0000","0.0000"
"100008172","51MDF-5100","1.0000","0.0000","0.0000","1.0000","0.0000"
"100008173","BOVE00321","1.0000","0.0000","0.0000","1.0000","0.0000"
"100008174","BOAL01243-BOAL00428-BOAL00433-BOAL00434-BOAL00436","1.0000","1.0000","1.0000","0.0000","0.0000"
"100008174","BOAL00428","1.0000","1.0000","1.0000","0.0000","0.0000"
"100008174","BOAL00433","1.0000","1.0000","1.0000","0.0000","0.0000"
"100008174","BOAL00434","1.0000","1.0000","1.0000","0.0000","0.0000"
"100008174","BOAL00436","1.0000","1.0000","1.0000","0.0000","0.0000"
"100008175","BOVE00766","1.0000","1.0000","1.0000","0.0000","0.0000"
"100008176","PFLE47742-29","3.0000","3.0000","3.0000","0.0000","0.0000"
"100008177","ME00C127","1.0000","1.0000","1.0000","0.0000","0.0000"
"100008178","BOAL00701","2.0000","2.0000","2.0000","0.0000","0.0000"
"100008179","BOAL00930","1.0000","1.0000","1.0000","0.0000","0.0000"
"100008179","BOVA01305","3.0000","3.0000","3.0000","0.0000","0.0000"
"100008179","BOAL00260","2.0000","2.0000","2.0000","0.0000","0.0000"
"100008180","BOVE00296","1.0000","1.0000","1.0000","0.0000","0.0000"
"100008181","BOAL01182-24CAR-0381-BOAL00327-BOAL00328-BOAL00329-BOAL00330-24CAR-0381","1.0000","1.0000","1.0000","0.0000","0.0000"
"100008181","BOAL00327","1.0000","1.0000","1.0000","0.0000","0.0000"
"100008181","BOAL00328","1.0000","1.0000","1.0000","0.0000","0.0000"
"100008181","BOAL00329","1.0000","1.0000","1.0000","0.0000","0.0000"
"100008181","BOAL00330","1.0000","1.0000","1.0000","0.0000","0.0000"
"100008181","24CAR-0381","1.0000","1.0000","1.0000","0.0000","0.0000"
"100008182","BOVE00210","1.0000","1.0000","1.0000","0.0000","0.0000"
"100008183","PFLE47742-04","2.0000","2.0000","2.0000","0.0000","0.0000"
"100008184","PFLE47742-01","1.0000","1.0000","1.0000","0.0000","0.0000"
"100008185","BOVE00358","1.0000","1.0000","1.0000","0.0000","0.0000"
"100008186","BOAL00345","1.0000","1.0000","1.0000","0.0000","0.0000"
"100008186","BOAL00341","1.0000","1.0000","1.0000","0.0000","0.0000"
"100008187","ME00C24","1.0000","1.0000","1.0000","0.0000","0.0000"
"100008188","BOVE00469","1.0000","1.0000","1.0000","0.0000","0.0000"
"100008189","BOVE00505","3.0000","3.0000","3.0000","0.0000","0.0000"
"100008190","LLRVER0143","1.0000","1.0000","1.0000","0.0000","0.0000"
"100008190","LLRPER0063","1.0000","1.0000","1.0000","0.0000","0.0000"
"100008191","BOVE00355","1.0000","1.0000","1.0000","0.0000","0.0000"
"100008191","BOVE00354","1.0000","1.0000","1.0000","0.0000","0.0000"
"100008192","BOVE00112","1.0000","1.0000","1.0000","0.0000","0.0000"
"100008193","BOAL01174-48CAR-0052-BOAL00317-BOAL00321-BOAL00323-BOAL00325-48CAR-0052","1.0000","1.0000","1.0000","0.0000","0.0000"
"100008193","BOAL00317","2.0000","1.0000","1.0000","0.0000","0.0000"
"100008193","BOAL00321","2.0000","1.0000","1.0000","0.0000","0.0000"
"100008193","BOAL00323","2.0000","1.0000","1.0000","0.0000","0.0000"
"100008193","BOAL00325","2.0000","1.0000","1.0000","0.0000","0.0000"
"100008193","48CAR-0052","1.0000","1.0000","1.0000","0.0000","0.0000"
"100008194","BOVE00503","2.0000","2.0000","2.0000","0.0000","0.0000"
"100008195","FREV002273","1.0000","1.0000","1.0000","0.0000","0.0000"
"100008195","FREV002274","1.0000","1.0000","1.0000","0.0000","0.0000"
"100008195","FREV004190","1.0000","1.0000","1.0000","0.0000","0.0000"
"100008195","FREV004191","1.0000","1.0000","1.0000","0.0000","0.0000"
"100008196","BOVE00517","1.0000","1.0000","1.0000","0.0000","0.0000"
"100008197","BOAL01226-49MDF-0461-BOAL00398-BOAL00403-BOAL00404-BOAL00406-49MDF-0461","1.0000","0.0000","0.0000","1.0000","0.0000"
"100008197","BOAL00398","2.0000","0.0000","0.0000","0.0000","0.0000"
"100008197","BOAL00403","2.0000","0.0000","0.0000","0.0000","0.0000"
"100008197","BOAL00404","2.0000","0.0000","0.0000","0.0000","0.0000"
"100008197","BOAL00406","2.0000","0.0000","0.0000","0.0000","0.0000"
"100008197","49MDF-0461","1.0000","0.0000","0.0000","0.0000","0.0000"
"100008198","BOAL01226-49MDF-0461-BOAL00398-BOAL00403-BOAL00404-BOAL00406-49MDF-0461","1.0000","1.0000","1.0000","0.0000","0.0000"
"100008198","BOAL00398","2.0000","1.0000","1.0000","0.0000","0.0000"
"100008198","BOAL00403","2.0000","1.0000","1.0000","0.0000","0.0000"
"100008198","BOAL00404","2.0000","1.0000","1.0000","0.0000","0.0000"
"100008198","BOAL00406","2.0000","1.0000","1.0000","0.0000","0.0000"
"100008198","49MDF-0461","1.0000","1.0000","1.0000","0.0000","0.0000"
"100008199","PTHE19706-00","1.0000","1.0000","1.0000","0.0000","0.0000"
"100008200","BOAL01270-24CAR-0381-BOAL00478-BOAL00482-BOAL00484-BOAL00486-24CAR-0381","2.0000","2.0000","2.0000","0.0000","0.0000"
"100008200","BOAL00478","2.0000","1.0000","1.0000","0.0000","0.0000"
"100008200","BOAL00482","2.0000","1.0000","1.0000","0.0000","0.0000"
"100008200","BOAL00484","2.0000","1.0000","1.0000","0.0000","0.0000"
"100008200","BOAL00486","2.0000","1.0000","1.0000","0.0000","0.0000"
"100008200","24CAR-0381","2.0000","1.0000","1.0000","0.0000","0.0000"
"100008201","51MDF-5100","1.0000","1.0000","1.0000","0.0000","0.0000"
"100008202","BOCI00773","1.0000","0.0000","0.0000","1.0000","0.0000"
"100008203","CCS0010011","8.0000","8.0000","8.0000","0.0000","0.0000"
"100008203","BOAL01426-BOAL00205-BOAL00259-BOAL00218-BOAL00237","1.0000","1.0000","1.0000","0.0000","0.0000"
"100008203","BOAL00205","1.0000","1.0000","1.0000","0.0000","0.0000"
"100008203","BOAL00259","1.0000","1.0000","1.0000","0.0000","0.0000"
"100008203","BOAL00218","1.0000","1.0000","1.0000","0.0000","0.0000"
"100008203","BOAL00237","1.0000","1.0000","1.0000","0.0000","0.0000"
"100008203","PROU47034-52","1.0000","1.0000","1.0000","0.0000","0.0000"
"100008203","PFOU12929-25","1.0000","1.0000","1.0000","0.0000","0.0000"
"100008203","CCS0010005","8.0000","8.0000","8.0000","0.0000","0.0000"
"100008204","BOVE00526","1.0000","0.0000","0.0000","1.0000","0.0000"
"100008205","BOVE00526","1.0000","1.0000","1.0000","0.0000","0.0000"
"100008206","BOCI00505","2.0000","2.0000","2.0000","0.0000","0.0000"
"100008206","BOCI00502","3.0000","3.0000","3.0000","0.0000","0.0000"
"100008206","BOCI00500","1.0000","1.0000","1.0000","0.0000","0.0000"
"100008206","PTAI48280-12","1.0000","1.0000","1.0000","0.0000","0.0000"
"100008207","BOAL00758","6.0000","6.0000","6.0000","0.0000","0.0000"
"100008208","LLRMIS0093","1.0000","0.0000","0.0000","1.0000","0.0000"
"100008209","BOAL01182-BOAL00327-BOAL00328-BOAL00329-BOAL00330-24CAR-0381-24MDF-0456-ME00C24","1.0000","1.0000","1.0000","0.0000","0.0000"
"100008209","BOAL00327","1.0000","1.0000","1.0000","0.0000","0.0000"
"100008209","BOAL00328","1.0000","1.0000","1.0000","0.0000","0.0000"
"100008209","BOAL00329","1.0000","1.0000","1.0000","0.0000","0.0000"
"100008209","BOAL00330","1.0000","1.0000","1.0000","0.0000","0.0000"
"100008209","24CAR-0381","1.0000","1.0000","1.0000","0.0000","0.0000"
"100008209","24MDF-0456","1.0000","1.0000","1.0000","0.0000","0.0000"
"100008209","ME00C24","1.0000","1.0000","1.0000","0.0000","0.0000"
"100008210","BOAL00716","1.0000","1.0000","1.0000","0.0000","0.0000"
"100008210","BOAL00721","1.0000","1.0000","1.0000","0.0000","0.0000"
"100008211","BET0110003-BOAL00607-BOAL00613-BOAL00615-BOAL00609","1.0000","1.0000","1.0000","0.0000","0.0000"
"100008211","BOAL00607","2.0000","1.0000","1.0000","0.0000","0.0000"
"100008211","BOAL00613","2.0000","1.0000","1.0000","0.0000","0.0000"
"100008211","BOAL00615","2.0000","1.0000","1.0000","0.0000","0.0000"
"100008211","BOAL00609","2.0000","1.0000","1.0000","0.0000","0.0000"
"100008212","BOAL01174-BOAL00317-BOAL00321-BOAL00323-BOAL00325","1.0000","0.0000","0.0000","1.0000","0.0000"
"100008212","BOAL00317","2.0000","0.0000","0.0000","0.0000","0.0000"
"100008212","BOAL00321","2.0000","0.0000","0.0000","0.0000","0.0000"
"100008212","BOAL00323","2.0000","0.0000","0.0000","0.0000","0.0000"
"100008212","BOAL00325","2.0000","0.0000","0.0000","0.0000","0.0000"
"100008213","EMELUN0008","1.0000","1.0000","1.0000","0.0000","0.0000"
"100008213","EMELUN0001","1.0000","1.0000","1.0000","0.0000","0.0000"
"100008213","EMELUN0003","1.0000","1.0000","1.0000","0.0000","0.0000"
"100008214","BOCI00514","1.0000","1.0000","1.0000","0.0000","0.0000"
"100008215","BOAL00323","2.0000","2.0000","2.0000","0.0000","0.0000"
"100008216","CADEAU30","1.0000","1.0000","0.0000","0.0000","1.0000"
"100008217","BOBB00073","1.0000","0.0000","0.0000","1.0000","0.0000"
"100008218","BOBB00024","1.0000","0.0000","0.0000","1.0000","0.0000"
"100008219","BOVE00547","1.0000","1.0000","1.0000","0.0000","0.0000"
"100008220","BOVE00610","1.0000","0.0000","0.0000","1.0000","0.0000"
"100008221","BOVA01529","2.0000","2.0000","2.0000","0.0000","0.0000"
"100008222","BOVE00626","2.0000","0.0000","0.0000","2.0000","0.0000"
"100008223","BOVE00554","2.0000","2.0000","2.0000","0.0000","0.0000"
"100008224","FREV000971","1.0000","1.0000","1.0000","0.0000","0.0000"
"100008224","BOVA01314","4.0000","4.0000","4.0000","0.0000","0.0000"
"100008225","CNNPOT0002","15.0000","15.0000","15.0000","0.0000","0.0000"
"100008225","CNNPOT0001","10.0000","10.0000","10.0000","0.0000","0.0000"
"100008226","BOAL00914","1.0000","0.0000","0.0000","1.0000","0.0000"
"100008227","BOVE00762","1.0000","1.0000","1.0000","0.0000","0.0000"
"100008228","BA00027","1.0000","1.0000","1.0000","0.0000","0.0000"
"100008229","BOVE00626","2.0000","2.0000","2.0000","0.0000","0.0000"
"100008230","BGDCOL021-BGDCOL016-BGDCOL018-BGDCOL015-BGDCOL017","1.0000","1.0000","1.0000","0.0000","0.0000"
"100008230","BGDCOL016","2.0000","1.0000","1.0000","0.0000","0.0000"
"100008230","BGDCOL018","2.0000","1.0000","1.0000","0.0000","0.0000"
"100008230","BGDCOL015","2.0000","1.0000","1.0000","0.0000","0.0000"
"100008230","BGDCOL017","2.0000","1.0000","1.0000","0.0000","0.0000"
"100008230","BOAL00940","2.0000","2.0000","2.0000","0.0000","0.0000"
"100008231","CNNPOT0002","1.0000","0.0000","0.0000","1.0000","0.0000"
"100008231","BOVE00556","1.0000","0.0000","0.0000","1.0000","0.0000"
"100008231","PBOU44114-01","1.0000","0.0000","0.0000","1.0000","0.0000"
"100008231","BOBB00027","1.0000","0.0000","0.0000","1.0000","0.0000"
"100008231","PBOU41608-04","1.0000","0.0000","0.0000","1.0000","0.0000"
"100008231","BOBB00045","1.0000","0.0000","0.0000","1.0000","0.0000"
"100008231","PBOU44113-02","1.0000","0.0000","0.0000","1.0000","0.0000"
"100008231","CNNPOT0002","1.0000","0.0000","0.0000","1.0000","0.0000"
"100008231","LLRBAL0077","2.0000","0.0000","0.0000","2.0000","0.0000"
"100008232","CNNPOT0002","1.0000","1.0000","1.0000","0.0000","0.0000"
"100008232","BOVE00556","1.0000","1.0000","1.0000","0.0000","0.0000"
"100008232","PBOU44114-01","1.0000","1.0000","1.0000","0.0000","0.0000"
"100008232","BOBB00027","1.0000","1.0000","1.0000","0.0000","0.0000"
"100008232","PBOU41608-04","1.0000","1.0000","1.0000","0.0000","0.0000"
"100008232","BOBB00045","1.0000","1.0000","1.0000","0.0000","0.0000"
"100008232","PBOU44113-02","1.0000","1.0000","1.0000","0.0000","0.0000"
"100008232","CNNPOT0002","1.0000","1.0000","1.0000","0.0000","0.0000"
"100008232","LLRBAL0077","2.0000","2.0000","2.0000","0.0000","0.0000"
"100008233","LLRBUB0132","1.0000","1.0000","1.0000","0.0000","0.0000"
"100008233","PCUI48346-01","1.0000","1.0000","1.0000","0.0000","0.0000"
"100008233","PCUI41473-50","1.0000","1.0000","1.0000","0.0000","0.0000"
"100008234","BOVE00615","2.0000","2.0000","2.0000","0.0000","0.0000"
"100008235","CPEPRE0002","1.0000","1.0000","1.0000","0.0000","0.0000"
"100008236","LLRABE0016","1.0000","0.0000","0.0000","1.0000","0.0000"
"100008236","BOVE00394","1.0000","0.0000","0.0000","1.0000","0.0000"
"100008237","BOVE00007","1.0000","1.0000","1.0000","0.0000","0.0000"
"100008238","BOVE00478","2.0000","2.0000","2.0000","0.0000","0.0000"
"100008239","BOAL01183-49MDF-0461-49MDF-0461-BOAL00328-BOAL00327-BOAL00330-BOAL00329","1.0000","0.0000","0.0000","1.0000","0.0000"
"100008239","49MDF-0461","1.0000","0.0000","0.0000","0.0000","0.0000"
"100008239","BOAL00328","2.0000","0.0000","0.0000","0.0000","0.0000"
"100008239","BOAL00327","2.0000","0.0000","0.0000","0.0000","0.0000"
"100008239","BOAL00330","2.0000","0.0000","0.0000","0.0000","0.0000"
"100008239","BOAL00329","2.0000","0.0000","0.0000","0.0000","0.0000"
"100008240","BOAL01183-49MDF-0461-49MDF-0461-BOAL00328-BOAL00327-BOAL00330-BOAL00329","1.0000","0.0000","0.0000","1.0000","0.0000"
"100008240","49MDF-0461","1.0000","0.0000","0.0000","0.0000","0.0000"
"100008240","BOAL00328","2.0000","0.0000","0.0000","0.0000","0.0000"
"100008240","BOAL00327","2.0000","0.0000","0.0000","0.0000","0.0000"
"100008240","BOAL00330","2.0000","0.0000","0.0000","0.0000","0.0000"
"100008240","BOAL00329","2.0000","0.0000","0.0000","0.0000","0.0000"
"100008241","PFLE47742-03","2.0000","2.0000","2.0000","0.0000","2.0000"
"100008242","BOVE00382","2.0000","2.0000","2.0000","0.0000","0.0000"
"100008243","ME00C127","1.0000","1.0000","1.0000","0.0000","0.0000"
"100008244","PFLE47742-01","2.0000","2.0000","2.0000","0.0000","0.0000"
"100008245","LLRCHA0110","2.0000","2.0000","2.0000","0.0000","0.0000"
"100008246","BOBB00042","1.0000","1.0000","1.0000","0.0000","0.0000"
"100008246","BOBB00038","1.0000","1.0000","1.0000","0.0000","0.0000"
"100008247","BOVE00511","1.0000","1.0000","1.0000","0.0000","0.0000"
"100008248","BOVE00547","1.0000","1.0000","1.0000","0.0000","0.0000"
"100008249","PTHE19709-00","2.0000","2.0000","2.0000","0.0000","0.0000"
"100008250","LLRCHA0110","2.0000","2.0000","2.0000","0.0000","0.0000"
"100008251","BOVE00800","1.0000","0.0000","0.0000","1.0000","0.0000"
"100008252","BOVE00113","2.0000","2.0000","2.0000","0.0000","0.0000"
"100008253","BOVE00108","1.0000","1.0000","1.0000","0.0000","0.0000"
"100008254","ME00C51","1.0000","1.0000","1.0000","0.0000","0.0000"
"100008255","49MDF-0461","1.0000","1.0000","1.0000","0.0000","0.0000"
"100008256","LLRBAI0130","1.0000","1.0000","1.0000","0.0000","0.0000"
"100008256","LLRCIR0129","1.0000","1.0000","1.0000","0.0000","0.0000"
"100008257","BOVE00537","1.0000","1.0000","1.0000","0.0000","0.0000"
"100008258","FREV001111","2.0000","0.0000","0.0000","2.0000","0.0000"
"100008258","BOVA00754","2.0000","0.0000","0.0000","2.0000","0.0000"
"100008258","FREV001113","2.0000","0.0000","0.0000","2.0000","0.0000"
"100008259","PFLE47742-57","1.0000","1.0000","1.0000","0.0000","0.0000"
"100008259","PFLE47742-01","2.0000","2.0000","2.0000","0.0000","0.0000"
"100008260","BOVE00482","1.0000","1.0000","1.0000","0.0000","0.0000"
"100008260","BOVE00173","1.0000","1.0000","1.0000","0.0000","0.0000"
"100008261","BOVE00359","1.0000","1.0000","1.0000","0.0000","0.0000"
"100008261","BA00042","1.0000","1.0000","1.0000","0.0000","0.0000"
"100008262","PEPL48280-53","1.0000","1.0000","1.0000","0.0000","0.0000"
"100008263","BET0170001-BOAL00656-BOAL00661-BOAL00663-BOAL00658-BOAL00660-BOAL00662","1.0000","1.0000","1.0000","0.0000","0.0000"
"100008263","BOAL00656","2.0000","1.0000","1.0000","0.0000","0.0000"
"100008263","BOAL00661","2.0000","1.0000","1.0000","0.0000","0.0000"
"100008263","BOAL00663","2.0000","1.0000","1.0000","0.0000","0.0000"
"100008263","BOAL00658","2.0000","1.0000","1.0000","0.0000","0.0000"
"100008263","BOAL00660","2.0000","1.0000","1.0000","0.0000","0.0000"
"100008263","BOAL00662","2.0000","1.0000","1.0000","0.0000","0.0000"
"100008264","BOVA01191","2.0000","2.0000","2.0000","0.0000","0.0000"
"100008264","BOVA01190","2.0000","2.0000","2.0000","0.0000","0.0000"
"100008265","PMESU41604-00","1.0000","1.0000","1.0000","0.0000","0.0000"
"100008265","PPASS41603-00","1.0000","1.0000","1.0000","0.0000","0.0000"
"100008265","PCUI41595-20","1.0000","1.0000","1.0000","0.0000","0.0000"
"100008265","BOBB00045","1.0000","1.0000","1.0000","0.0000","0.0000"
"100008265","PLIM41699-06","1.0000","1.0000","1.0000","0.0000","0.0000"
"100008265","BOBB00069","1.0000","1.0000","1.0000","0.0000","0.0000"
"100008265","PZES48280-92","1.0000","1.0000","1.0000","0.0000","0.0000"
"100008265","PCUI48280-24","1.0000","1.0000","1.0000","0.0000","0.0000"
"100008265","BOBB00053","1.0000","1.0000","1.0000","0.0000","0.0000"
"100008266","PFLE47742-01","2.0000","2.0000","2.0000","0.0000","0.0000"
"100008267","BOVE00386","1.0000","0.0000","0.0000","1.0000","0.0000"
"100008268","FREV001111","2.0000","2.0000","2.0000","0.0000","0.0000"
"100008268","BOVA00754","2.0000","2.0000","2.0000","0.0000","0.0000"
"100008268","FREV001113","2.0000","2.0000","2.0000","0.0000","0.0000"
"100008269","BCO0050002","2.0000","2.0000","2.0000","0.0000","0.0000"
"100008270","BOVE00170","1.0000","1.0000","1.0000","0.0000","0.0000"
"100008271","CCS0020002","1.0000","1.0000","1.0000","0.0000","0.0000"
"100008271","BOVE00781","1.0000","1.0000","1.0000","0.0000","0.0000"
"100008272","BOVE00296","1.0000","0.0000","0.0000","1.0000","0.0000"
"100008273","49MDF-0461","1.0000","1.0000","1.0000","0.0000","0.0000"
"100008274","PFLE47742-01","2.0000","2.0000","2.0000","0.0000","0.0000"
"100008274","BOVE00749","1.0000","1.0000","1.0000","0.0000","0.0000"
"100008275","BOVA01260","4.0000","4.0000","4.0000","0.0000","0.0000"
"100008276","BGDCAS006","1.0000","1.0000","1.0000","0.0000","0.0000"
"100008277","ME00C127","1.0000","1.0000","1.0000","0.0000","0.0000"
"100008278","BOBB00092","1.0000","1.0000","1.0000","0.0000","0.0000"
"100008278","PBOU44113-04","1.0000","1.0000","1.0000","0.0000","0.0000"
"100008279","BOAL01457-49MDF-0461-BOAL00656-BOAL00661-BOAL00662-BOAL00663-49MDF-0461","1.0000","1.0000","1.0000","0.0000","0.0000"
"100008279","BOAL00656","2.0000","1.0000","1.0000","0.0000","0.0000"
"100008279","BOAL00661","2.0000","1.0000","1.0000","0.0000","0.0000"
"100008279","BOAL00662","2.0000","1.0000","1.0000","0.0000","0.0000"
"100008279","BOAL00663","2.0000","1.0000","1.0000","0.0000","0.0000"
"100008279","49MDF-0461","1.0000","1.0000","1.0000","0.0000","0.0000"
"100008280","BOAL00317","2.0000","2.0000","2.0000","0.0000","0.0000"
"100008281","49MDF-0461","1.0000","1.0000","1.0000","0.0000","0.0000"
"100008282","LLRBOR0119","1.0000","1.0000","1.0000","0.0000","0.0000"
"100008283","FREV002271","3.0000","3.0000","3.0000","0.0000","0.0000"
"100008283","FREV002272","3.0000","3.0000","3.0000","0.0000","0.0000"
"100008283","FREV001064","2.0000","2.0000","2.0000","0.0000","0.0000"
"100008284","PFLE47742-01","2.0000","2.0000","2.0000","0.0000","0.0000"
"100008285","CBR0050001","1.0000","0.0000","0.0000","1.0000","0.0000"
"100008286","CBR0050001","1.0000","1.0000","1.0000","0.0000","0.0000"
"100008287","PROU47035-40","1.0000","1.0000","1.0000","0.0000","0.0000"
"100008288","ME00C51","1.0000","0.0000","0.0000","1.0000","0.0000"
"100008288","ME00C127","1.0000","0.0000","0.0000","1.0000","0.0000"
"100008289","ME00C51","1.0000","1.0000","1.0000","0.0000","0.0000"
"100008289","ME00C127","1.0000","1.0000","1.0000","0.0000","0.0000"
"100008290","BOVE00114","1.0000","1.0000","1.0000","0.0000","0.0000"
"100008291","BOAL00914","1.0000","1.0000","1.0000","0.0000","0.0000"
"100008292","BOVE00113","1.0000","1.0000","1.0000","0.0000","0.0000"
"100008293","BOAL01389-BOAL00264-BOAL00208-BOAL00241-BOAL00222","2.0000","2.0000","2.0000","0.0000","0.0000"
"100008293","BOAL00264","2.0000","1.0000","1.0000","0.0000","0.0000"
"100008293","BOAL00208","2.0000","1.0000","1.0000","0.0000","0.0000"
"100008293","BOAL00241","2.0000","1.0000","1.0000","0.0000","0.0000"
"100008293","BOAL00222","2.0000","1.0000","1.0000","0.0000","0.0000"
"100008293","BOAL00222","1.0000","1.0000","1.0000","0.0000","0.0000"
"100008294","BOCI00588","1.0000","1.0000","1.0000","0.0000","0.0000"
"100008295","CCS0010011","12.0000","12.0000","12.0000","0.0000","0.0000"
"100008295","CCS0010010","12.0000","12.0000","12.0000","0.0000","0.0000"
"100008296","BOAL01251-BOAL00448-BOAL00452-BOAL00454","1.0000","1.0000","1.0000","0.0000","0.0000"
"100008296","BOAL00448","1.0000","1.0000","1.0000","0.0000","0.0000"
"100008296","BOAL00452","1.0000","1.0000","1.0000","0.0000","0.0000"
"100008296","BOAL00454","1.0000","1.0000","1.0000","0.0000","0.0000"
"100008297","BOAL01183-BOAL00328-BOAL00327-BOAL00330-BOAL00329","1.0000","1.0000","1.0000","0.0000","0.0000"
"100008297","BOAL00328","2.0000","1.0000","1.0000","0.0000","0.0000"
"100008297","BOAL00327","2.0000","1.0000","1.0000","0.0000","0.0000"
"100008297","BOAL00330","2.0000","1.0000","1.0000","0.0000","0.0000"
"100008297","BOAL00329","2.0000","1.0000","1.0000","0.0000","0.0000"
"100008298","BOVE00626","2.0000","2.0000","2.0000","0.0000","0.0000"
"100008299","PTAP44100-04","15.0000","15.0000","15.0000","0.0000","0.0000"
"100008300","BOVE00109","2.0000","2.0000","2.0000","0.0000","0.0000"
"100008300","BOVE00445","2.0000","2.0000","2.0000","0.0000","0.0000"
"100008301","49MDF-0461","1.0000","1.0000","1.0000","0.0000","0.0000"
"100008302","BOVE00170","1.0000","1.0000","1.0000","0.0000","0.0000"
"100008303","47742-06","3.0000","3.0000","3.0000","0.0000","0.0000"
"100008304","BOVA01243","3.0000","3.0000","3.0000","0.0000","0.0000"
"100008305","BOAL01243-24MDF-0456-BOAL00428-BOAL00433-BOAL00434-BOAL00436-24MDF-0456","1.0000","1.0000","1.0000","0.0000","0.0000"
"100008305","BOAL00428","1.0000","1.0000","0.0000","0.0000","0.0000"
"100008305","BOAL00433","1.0000","1.0000","0.0000","0.0000","0.0000"
"100008305","BOAL00434","1.0000","1.0000","0.0000","0.0000","0.0000"
"100008305","BOAL00436","1.0000","1.0000","0.0000","0.0000","0.0000"
"100008305","24MDF-0456","1.0000","1.0000","0.0000","0.0000","0.0000"
"100008306","BOVE00511","1.0000","1.0000","1.0000","0.0000","0.0000"
"100008306","BOVA00674","4.0000","4.0000","4.0000","0.0000","0.0000"
"100008306","CBRYPS0001","1.0000","1.0000","1.0000","0.0000","0.0000"
"100008307","BOVE00503","1.0000","1.0000","1.0000","0.0000","0.0000"
"100008308","BGDCOL027-BGDCOL023-BGDCOL025-BGDCOL022-BGDCOL024","1.0000","1.0000","1.0000","0.0000","0.0000"
"100008308","BGDCOL023","1.0000","1.0000","1.0000","0.0000","0.0000"
"100008308","BGDCOL025","1.0000","1.0000","1.0000","0.0000","0.0000"
"100008308","BGDCOL022","1.0000","1.0000","1.0000","0.0000","0.0000"
"100008308","BGDCOL024","1.0000","1.0000","1.0000","0.0000","0.0000"
"100008309","BOVE00626","1.0000","1.0000","1.0000","0.0000","0.0000"
"100008310","BA00020","1.0000","1.0000","1.0000","0.0000","0.0000"
"100008311","BOCI00716","1.0000","1.0000","1.0000","0.0000","0.0000"
"100008312","BET0160003-49MDF-0461-49MDF-0461-BOAL00664-BOAL00665-BOAL00668-BOAL00666","1.0000","1.0000","1.0000","0.0000","0.0000"
"100008312","49MDF-0461","1.0000","1.0000","1.0000","0.0000","0.0000"
"100008312","BOAL00664","2.0000","1.0000","1.0000","0.0000","0.0000"
"100008312","BOAL00665","2.0000","1.0000","1.0000","0.0000","0.0000"
"100008312","BOAL00668","2.0000","1.0000","1.0000","0.0000","0.0000"
"100008312","BOAL00666","2.0000","1.0000","1.0000","0.0000","0.0000"
"100008313","CCS0010011","8.0000","8.0000","8.0000","0.0000","0.0000"
"100008313","CCS0010012","8.0000","8.0000","8.0000","0.0000","0.0000"
"100008313","CCS0010010","8.0000","8.0000","8.0000","0.0000","0.0000"
"100008314","CCS0010011","9.0000","9.0000","9.0000","0.0000","0.0000"
"100008315","CCS0010014","6.0000","6.0000","6.0000","0.0000","0.0000"
"100008316","BOAL00954","1.0000","1.0000","1.0000","0.0000","0.0000"
"100008317","BOVE00155","2.0000","2.0000","2.0000","0.0000","0.0000"
"100008318","BOVE00394","2.0000","2.0000","2.0000","0.0000","0.0000"
"100008318","LLRABE0007","1.0000","1.0000","1.0000","0.0000","0.0000"
"100008319","PFOUR52550C27","1.0000","1.0000","1.0000","0.0000","0.0000"
"100008319","BOVE00296","1.0000","1.0000","1.0000","0.0000","0.0000"
"100008319","SDO0028017","1.0000","1.0000","1.0000","0.0000","0.0000"
"100008320","PPELL41764-28","1.0000","1.0000","1.0000","0.0000","0.0000"
"100008321","BOVE00313","1.0000","1.0000","1.0000","0.0000","0.0000"
"100008321","BOVE00488","2.0000","2.0000","2.0000","0.0000","0.0000"
"100008322","BOAL01479","1.0000","1.0000","1.0000","0.0000","0.0000"
"100008323","BOVE00079","1.0000","1.0000","1.0000","0.0000","0.0000"
"100008324","LLRELI0102","2.0000","2.0000","2.0000","0.0000","0.0000"
"100008325","CARPIC0001","1.0000","1.0000","1.0000","0.0000","0.0000"
"100008326","BOVE00566","1.0000","1.0000","1.0000","0.0000","0.0000"
"100008326","BOVE00501","1.0000","1.0000","1.0000","0.0000","0.0000"
"100008326","PCUI41473-50","1.0000","1.0000","1.0000","0.0000","0.0000"
"100008326","LLRSPL0101","2.0000","2.0000","2.0000","0.0000","0.0000"
"100008326","BOVA00873","6.0000","6.0000","6.0000","0.0000","0.0000"
"100008326","BOVE00349","1.0000","1.0000","1.0000","0.0000","0.0000"
"100008327","BOAL01002-BOAL00023-BOAL00026-BOAL00029-BOAL00031","1.0000","1.0000","1.0000","0.0000","0.0000"
"100008327","BOAL00023","2.0000","1.0000","1.0000","0.0000","0.0000"
"100008327","BOAL00026","2.0000","1.0000","1.0000","0.0000","0.0000"
"100008327","BOAL00029","2.0000","1.0000","1.0000","0.0000","0.0000"
"100008327","BOAL00031","2.0000","1.0000","1.0000","0.0000","0.0000"
"100008328","BOAL01414-BOAL00204-BOAL00257-BOAL00235-BOAL00260","1.0000","0.0000","0.0000","1.0000","0.0000"
"100008328","BOAL00204","1.0000","0.0000","0.0000","0.0000","0.0000"
"100008328","BOAL00257","1.0000","0.0000","0.0000","0.0000","0.0000"
"100008328","BOAL00235","1.0000","0.0000","0.0000","0.0000","0.0000"
"100008328","BOAL00260","1.0000","0.0000","0.0000","0.0000","0.0000"
"100008329","BOAL01414-BOAL00204-BOAL00257-BOAL00235-BOAL00260","1.0000","1.0000","1.0000","0.0000","1.0000"
"100008329","BOAL00204","1.0000","1.0000","1.0000","0.0000","1.0000"
"100008329","BOAL00257","1.0000","1.0000","1.0000","0.0000","1.0000"
"100008329","BOAL00235","1.0000","1.0000","1.0000","0.0000","1.0000"
"100008329","BOAL00260","1.0000","1.0000","1.0000","0.0000","1.0000"
"100008330","LLW-1316N","1.0000","0.0000","0.0000","1.0000","0.0000"
"100008331","LLW-1316N","1.0000","0.0000","0.0000","1.0000","0.0000"
"100008332","BOVE00296","1.0000","1.0000","1.0000","0.0000","0.0000"
"100008333","LLW-1316N","1.0000","0.0000","0.0000","1.0000","0.0000"
"100008334","BOVE00373","1.0000","1.0000","1.0000","0.0000","0.0000"
"100008335","BOVE00386","2.0000","2.0000","2.0000","0.0000","0.0000"
"100008336","BGDSOL011-BGDSOL002-BGDSOL001-BGDSOL005","1.0000","1.0000","1.0000","0.0000","0.0000"
"100008337","BOAL00317","1.0000","1.0000","1.0000","0.0000","0.0000"
"100008338","BOAL00703","2.0000","2.0000","2.0000","0.0000","0.0000"
"100008339","BOVE00242","1.0000","1.0000","1.0000","0.0000","0.0000"
"100008340","BOAL00393","2.0000","2.0000","2.0000","0.0000","0.0000"
"100008340","BOAL00388","2.0000","2.0000","2.0000","0.0000","0.0000"
"100008340","BOAL00396","1.0000","1.0000","1.0000","0.0000","0.0000"
"100008341","BOAL00721","1.0000","1.0000","1.0000","0.0000","0.0000"
"100008342","BOVE00083","2.0000","2.0000","2.0000","0.0000","0.0000"
"100008343","LLRBOR0118","1.0000","0.0000","0.0000","1.0000","0.0000"
"100008344","LLRBOR0118","1.0000","0.0000","0.0000","1.0000","0.0000"
"100008345","LLRBOR0118","1.0000","0.0000","0.0000","1.0000","0.0000"
"100008346","LLRBOR0118","1.0000","0.0000","0.0000","1.0000","0.0000"
"100008347","LLRBOR0118","1.0000","1.0000","1.0000","0.0000","0.0000"
"100008348","LLRBEU0025","1.0000","0.0000","0.0000","1.0000","0.0000"
"100008349","LLRBEU0025","1.0000","0.0000","0.0000","1.0000","0.0000"
"100008349","LLRBOR0118","1.0000","0.0000","0.0000","1.0000","0.0000"
"100008350","BOVE00113","1.0000","1.0000","1.0000","0.0000","0.0000"
"100008351","BOVE00155","1.0000","1.0000","1.0000","0.0000","0.0000"
"100008352","BOVE00339","2.0000","2.0000","2.0000","0.0000","0.0000"
"100008353","FREV000989","3.0000","3.0000","3.0000","0.0000","0.0000"
"100008354","BOVE00469","1.0000","1.0000","1.0000","0.0000","0.0000"
"100008354","BOVE00468","1.0000","1.0000","1.0000","0.0000","0.0000"
"100008355","ME00C51","1.0000","1.0000","1.0000","0.0000","0.0000"
"100008356","BOVE00547","1.0000","1.0000","1.0000","0.0000","0.0000"
"100008356","BOVE00537","1.0000","1.0000","1.0000","0.0000","0.0000"
"100008357","BGDCAS012-48CAR-0052-48CAR-0052-BGDCAS001-BGDCAS006-BGDCAS009-BGDCAS007","1.0000","1.0000","1.0000","0.0000","0.0000"
"100008357","48CAR-0052","1.0000","1.0000","0.0000","0.0000","0.0000"
"100008357","BGDCAS001","2.0000","1.0000","0.0000","0.0000","0.0000"
"100008357","BGDCAS006","2.0000","1.0000","0.0000","0.0000","0.0000"
"100008357","BGDCAS009","2.0000","1.0000","0.0000","0.0000","0.0000"
"100008357","BGDCAS007","2.0000","1.0000","0.0000","0.0000","0.0000"
"100008357","ME00235","1.0000","1.0000","1.0000","0.0000","0.0000"
"100008358","BOVE00203","2.0000","2.0000","2.0000","0.0000","0.0000"
"100008358","BOVE00202","2.0000","2.0000","2.0000","0.0000","0.0000"
"100008358","CAR0030001","2.0000","2.0000","2.0000","0.0000","0.0000"
"100008359","BGDCOL035-BGDCOL030-BGDCOL032-BGDCOL029-BGDCOL031","1.0000","1.0000","1.0000","0.0000","0.0000"
"100008359","BGDCOL030","2.0000","1.0000","0.0000","0.0000","0.0000"
"100008359","BGDCOL032","2.0000","1.0000","0.0000","0.0000","0.0000"
"100008359","BGDCOL029","2.0000","1.0000","0.0000","0.0000","0.0000"
"100008359","BGDCOL031","2.0000","1.0000","0.0000","0.0000","0.0000"
"100008359","FREV001113","2.0000","2.0000","2.0000","0.0000","0.0000"
"100008360","BOVE00170","1.0000","1.0000","1.0000","0.0000","0.0000"
"100008361","BOVE00505","3.0000","3.0000","3.0000","0.0000","0.0000"
"100008362","BGDCOL042-BGDCOL037-BGDCOL039-BGDCOL036-BGDCOL038","1.0000","1.0000","1.0000","0.0000","0.0000"
"100008362","BGDCOL037","2.0000","1.0000","0.0000","0.0000","0.0000"
"100008362","BGDCOL039","2.0000","1.0000","0.0000","0.0000","0.0000"
"100008362","BGDCOL036","2.0000","1.0000","0.0000","0.0000","0.0000"
"100008362","BGDCOL038","2.0000","1.0000","0.0000","0.0000","0.0000"
"100008362","BOBB00086","1.0000","1.0000","1.0000","0.0000","0.0000"
"100008362","PROU48280-32","1.0000","1.0000","1.0000","0.0000","0.0000"
"100008363","LLRKUB0066","1.0000","1.0000","1.0000","0.0000","0.0000"
"100008364","CBR0050001","1.0000","1.0000","1.0000","0.0000","0.0000"
"100008365","BOVE00503","1.0000","1.0000","1.0000","0.0000","0.0000"
"100008366","PCIS18271-00","1.0000","1.0000","1.0000","0.0000","0.0000"
"100008366","BOCI00385","1.0000","1.0000","1.0000","0.0000","0.0000"
"100008366","BOCI00744","1.0000","1.0000","1.0000","0.0000","0.0000"
"100008366","BOCI00799","1.0000","1.0000","1.0000","0.0000","0.0000"
"100008366","BOAL00264","2.0000","2.0000","2.0000","0.0000","0.0000"
"100008366","BOAL00241","2.0000","2.0000","2.0000","0.0000","0.0000"
"100008366","BOAL00229","2.0000","2.0000","2.0000","0.0000","0.0000"
"100008367","BAM0030007-49MDF-0461-49MDF-0461-BAM0030001-BAM0030002-BAM0030003-BAM0030004","1.0000","1.0000","1.0000","0.0000","0.0000"
"100008367","49MDF-0461","1.0000","1.0000","0.0000","0.0000","0.0000"
"100008367","BAM0030001","2.0000","1.0000","0.0000","0.0000","0.0000"
"100008367","BAM0030002","2.0000","1.0000","0.0000","0.0000","0.0000"
"100008367","BAM0030003","2.0000","1.0000","0.0000","0.0000","0.0000"
"100008367","BAM0030004","2.0000","1.0000","0.0000","0.0000","0.0000"
"100008368","48CAR-0052","1.0000","1.0000","1.0000","0.0000","0.0000"
"100008369","FREV000989","3.0000","0.0000","0.0000","3.0000","0.0000"
"100008370","FREV002271","8.0000","8.0000","8.0000","0.0000","0.0000"
"100008371","CLB0010001","1.0000","1.0000","1.0000","0.0000","0.0000"
"100008371","BOVE00505","4.0000","4.0000","4.0000","0.0000","0.0000"
"100008372","PVER44940-34","1.0000","1.0000","1.0000","0.0000","0.0000"
"100008372","BOVE00589","1.0000","1.0000","1.0000","0.0000","0.0000"
"100008373","BOAL00656","2.0000","2.0000","2.0000","0.0000","0.0000"
"100008373","BOAL00661","2.0000","2.0000","2.0000","0.0000","0.0000"
"100008373","BOAL00660","2.0000","2.0000","2.0000","0.0000","0.0000"
"100008373","BOAL01502","2.0000","2.0000","2.0000","0.0000","0.0000"
"100008373","49MDF-0461","1.0000","1.0000","1.0000","0.0000","0.0000"
"100008373","PRAF41507-01","1.0000","1.0000","1.0000","0.0000","0.0000"
"100008374","BOVE00758","1.0000","0.0000","0.0000","1.0000","0.0000"
"100008375","BOVE00631","2.0000","2.0000","2.0000","0.0000","0.0000"
"100008376","CCS0010003","4.0000","4.0000","4.0000","0.0000","0.0000"
"100008377","49MDF-0461","1.0000","1.0000","1.0000","0.0000","0.0000"
"100008377","BAM0030007-BAM0030001-BAM0030002-BAM0030003-BAM0030004","1.0000","1.0000","1.0000","0.0000","0.0000"
"100008377","BAM0030001","2.0000","1.0000","1.0000","0.0000","0.0000"
"100008377","BAM0030002","2.0000","1.0000","1.0000","0.0000","0.0000"
"100008377","BAM0030003","2.0000","1.0000","1.0000","0.0000","0.0000"
"100008377","BAM0030004","2.0000","1.0000","1.0000","0.0000","0.0000"
"100008378","BOAL01391-49MDF-0461-BOAL00208-BOAL00264-BOAL00222-BOAL00241-49MDF-0461","1.0000","1.0000","1.0000","0.0000","0.0000"
"100008378","BOAL00208","2.0000","1.0000","0.0000","0.0000","0.0000"
"100008378","BOAL00264","2.0000","1.0000","0.0000","0.0000","0.0000"
"100008378","BOAL00222","2.0000","1.0000","0.0000","0.0000","0.0000"
"100008378","BOAL00241","2.0000","1.0000","0.0000","0.0000","0.0000"
"100008378","49MDF-0461","1.0000","1.0000","0.0000","0.0000","0.0000"
"100008379","ME00056","1.0000","1.0000","1.0000","0.0000","0.0000"
"100008379","ME00054","1.0000","1.0000","1.0000","0.0000","0.0000"
"100008380","ME00C127","1.0000","1.0000","1.0000","0.0000","0.0000"
"100008380","ME00C51","1.0000","1.0000","1.0000","0.0000","0.0000"
"100008381","PFLE47742-01","2.0000","2.0000","2.0000","0.0000","2.0000"
"100008382","CCS0010005","12.0000","12.0000","12.0000","0.0000","0.0000"
"100008383","BOVE00011","2.0000","2.0000","2.0000","0.0000","0.0000"
"100008384","BOVE00013","1.0000","1.0000","1.0000","0.0000","0.0000"
"100008385","BOVA00531","12.0000","12.0000","12.0000","0.0000","0.0000"
"100008385","BOVA00542","2.0000","2.0000","2.0000","0.0000","0.0000"
"100008385","BOAL00930","1.0000","1.0000","1.0000","0.0000","0.0000"
"100008385","PFOU41594-18","2.0000","2.0000","2.0000","0.0000","0.0000"
"100008385","PPIN48239-00","2.0000","2.0000","2.0000","0.0000","0.0000"
"100008386","BOAL01208-BOAL00379-BOAL00383-BOAL00385-BOAL00384","1.0000","1.0000","1.0000","0.0000","0.0000"
"100008386","BOAL00379","1.0000","1.0000","1.0000","0.0000","0.0000"
"100008386","BOAL00383","1.0000","1.0000","1.0000","0.0000","0.0000"
"100008386","BOAL00385","1.0000","1.0000","1.0000","0.0000","0.0000"
"100008386","BOAL00384","1.0000","1.0000","1.0000","0.0000","0.0000"
"100008386","BOAL00386","1.0000","1.0000","1.0000","0.0000","0.0000"
"100008386","BOCI00395","1.0000","1.0000","1.0000","0.0000","0.0000"
"100008387","BOVE00006","1.0000","1.0000","1.0000","0.0000","0.0000"
"100008387","CBR0030002","1.0000","1.0000","1.0000","0.0000","0.0000"
"100008387","BOVE00225","1.0000","1.0000","1.0000","0.0000","0.0000"
"100008387","CBREXE0001","1.0000","1.0000","1.0000","0.0000","0.0000"
"100008387","LLW-16N","1.0000","1.0000","1.0000","0.0000","0.0000"
"100008387","VOL00125","1.0000","1.0000","1.0000","0.0000","0.0000"
"100008388","BOVE00658","2.0000","2.0000","2.0000","0.0000","0.0000"
"100008389","PCUI41473-31","1.0000","1.0000","1.0000","0.0000","0.0000"
"100008390","BOCI00612","1.0000","1.0000","1.0000","0.0000","0.0000"
"100008391","BOVE00363","1.0000","1.0000","1.0000","0.0000","0.0000"
"100008392","48CAR-0052","1.0000","1.0000","1.0000","0.0000","0.0000"
"100008393","BOAL01391-BOAL00208-BOAL00264-BOAL00222-BOAL00241","1.0000","1.0000","1.0000","0.0000","0.0000"
"100008393","BOAL00208","2.0000","1.0000","0.0000","0.0000","0.0000"
"100008393","BOAL00264","2.0000","1.0000","0.0000","0.0000","0.0000"
"100008393","BOAL00222","2.0000","1.0000","0.0000","0.0000","0.0000"
"100008393","BOAL00241","2.0000","1.0000","0.0000","0.0000","0.0000"
"100008394","BA00039","1.0000","1.0000","1.0000","0.0000","0.0000"
"100008394","BA00029","1.0000","1.0000","1.0000","0.0000","0.0000"
"100008395","BOAL00113","2.0000","2.0000","2.0000","0.0000","0.0000"
"100008395","BOAL00107","1.0000","1.0000","1.0000","0.0000","0.0000"
"100008395","BOAL00116","1.0000","1.0000","1.0000","0.0000","0.0000"
"100008395","PCOU48280-34","1.0000","1.0000","1.0000","0.0000","0.0000"
"100008395","BOCI00301","1.0000","1.0000","1.0000","0.0000","0.0000"
"100008396","ME00C127","1.0000","1.0000","1.0000","0.0000","0.0000"
"100008397","ME00039","1.0000","1.0000","1.0000","0.0000","0.0000"
"100008397","BOAL00698","1.0000","1.0000","1.0000","0.0000","0.0000"
"100008397","BOVE00378","1.0000","1.0000","1.0000","0.0000","0.0000"
"100008397","BOVE00381","1.0000","1.0000","1.0000","0.0000","0.0000"
"100008398","PPABAR0002","1.0000","1.0000","1.0000","0.0000","0.0000"
"100008399","BOVE00559","2.0000","2.0000","2.0000","0.0000","0.0000"
"100008400","CBR0050001","1.0000","1.0000","1.0000","0.0000","0.0000"
"100008401","BOAL00025","1.0000","1.0000","1.0000","0.0000","0.0000"
"100008401","BOAL00028","1.0000","1.0000","1.0000","0.0000","0.0000"
"100008401","BOAL00024","1.0000","1.0000","1.0000","0.0000","0.0000"
"100008401","BOAL00027","1.0000","1.0000","1.0000","0.0000","0.0000"
"100008401","BOAL00030","1.0000","1.0000","1.0000","0.0000","0.0000"
"100008401","BOBB00091","1.0000","1.0000","1.0000","0.0000","0.0000"
"100008402","PCOF41498-02","1.0000","1.0000","1.0000","0.0000","0.0000"
"100008403","BOAL00762","1.0000","1.0000","1.0000","0.0000","0.0000"
"100008404","BOVE00503","1.0000","1.0000","1.0000","0.0000","0.0000"
"100008405","CCS0010012","12.0000","0.0000","0.0000","12.0000","0.0000"
"100008405","CCS0010002","12.0000","0.0000","0.0000","12.0000","0.0000"
"100008406","PFLE47742-01","2.0000","2.0000","2.0000","0.0000","0.0000"
"100008406","PPIN47642-30","1.0000","1.0000","1.0000","0.0000","0.0000"
"100008407","CCS0010011","3.0000","3.0000","3.0000","0.0000","0.0000"
"100008408","LLRJAC0045","2.0000","2.0000","2.0000","0.0000","0.0000"
"100008409","BOCI00758","6.0000","6.0000","6.0000","0.0000","0.0000"
"100008409","BOCI00754","10.0000","10.0000","10.0000","0.0000","0.0000"
"100008410","BOAL01243-24CAR-0381-BOAL00428-BOAL00433-BOAL00434-BOAL00436-24CAR-0381","1.0000","1.0000","1.0000","0.0000","0.0000"
"100008410","BOAL00428","1.0000","1.0000","0.0000","0.0000","0.0000"
"100008410","BOAL00433","1.0000","1.0000","0.0000","0.0000","0.0000"
"100008410","BOAL00434","1.0000","1.0000","0.0000","0.0000","0.0000"
"100008410","BOAL00436","1.0000","1.0000","0.0000","0.0000","0.0000"
"100008410","24CAR-0381","1.0000","1.0000","0.0000","0.0000","0.0000"
"100008411","BOCI00502","5.0000","5.0000","5.0000","0.0000","0.0000"
"100008412","CCS0010002","15.0000","15.0000","15.0000","0.0000","0.0000"
"100008413","BOCI00584","1.0000","1.0000","1.0000","0.0000","0.0000"
"100008414","BOAL00318","2.0000","2.0000","2.0000","0.0000","0.0000"
"100008414","BOAL00320","2.0000","2.0000","2.0000","0.0000","0.0000"
"100008415","PROU47034-52","1.0000","1.0000","1.0000","0.0000","0.0000"
"100008416","PFLE47742-47","3.0000","3.0000","3.0000","0.0000","0.0000"
"100008416","BOCI00621","1.0000","1.0000","1.0000","0.0000","0.0000"
"100008416","PAPP49844-01","1.0000","1.0000","1.0000","0.0000","0.0000"
"100008416","PFLE47742-39","1.0000","1.0000","1.0000","0.0000","0.0000"
"100008416","BOCI00675","1.0000","1.0000","1.0000","0.0000","0.0000"
"100008416","PCOU48280-05","1.0000","1.0000","1.0000","0.0000","0.0000"
"100008417","BOVE00458","1.0000","1.0000","1.0000","0.0000","0.0000"
"100008418","CAR0010002","1.0000","1.0000","1.0000","0.0000","0.0000"
"100008419","49MDF-0461","1.0000","0.0000","0.0000","1.0000","0.0000"
"100008420","BOVE00503","3.0000","3.0000","3.0000","0.0000","0.0000"
"100008421","BOAL01457-49MDF-0461-BOAL00656-BOAL00661-BOAL00662-BOAL00663-49MDF-0461","1.0000","1.0000","1.0000","0.0000","0.0000"
"100008421","BOAL00656","2.0000","1.0000","0.0000","0.0000","0.0000"
"100008421","BOAL00661","2.0000","1.0000","0.0000","0.0000","0.0000"
"100008421","BOAL00662","2.0000","1.0000","0.0000","0.0000","0.0000"
"100008421","BOAL00663","2.0000","1.0000","0.0000","0.0000","0.0000"
"100008421","49MDF-0461","1.0000","1.0000","0.0000","0.0000","0.0000"
"100008422","48CAR-0052","1.0000","0.0000","0.0000","1.0000","0.0000"
"100008423","48CAR-0052","1.0000","1.0000","1.0000","0.0000","0.0000"
"100008424","BOVE00513","1.0000","1.0000","1.0000","0.0000","0.0000"
"100008424","BOAL00183","1.0000","1.0000","1.0000","0.0000","0.0000"
"100008425","51MDF-5100","1.0000","1.0000","1.0000","0.0000","0.0000"
"100008426","LLRBOR0118","1.0000","1.0000","1.0000","0.0000","0.0000"
"100008427","LLRBAL0076","2.0000","2.0000","2.0000","0.0000","0.0000"
"100008428","PFLE47742-03","2.0000","2.0000","2.0000","0.0000","0.0000"
"100008429","BOVE00468","1.0000","1.0000","1.0000","0.0000","0.0000"
"100008430","BOVE00386","2.0000","2.0000","2.0000","0.0000","0.0000"
"100008431","BOAL00892","2.0000","2.0000","2.0000","0.0000","0.0000"
"100008431","BOAL00894","2.0000","2.0000","2.0000","0.0000","0.0000"
"100008432","BOAL01427-BOAL00205-BOAL00259-BOAL00218-BOAL00237","1.0000","1.0000","1.0000","0.0000","0.0000"
"100008432","BOAL00205","2.0000","1.0000","0.0000","0.0000","0.0000"
"100008432","BOAL00259","2.0000","1.0000","0.0000","0.0000","0.0000"
"100008432","BOAL00218","2.0000","1.0000","0.0000","0.0000","0.0000"
"100008432","BOAL00237","2.0000","1.0000","0.0000","0.0000","0.0000"
"100008433","BOAL01182-BOAL00327-BOAL00328-BOAL00329-BOAL00330","1.0000","1.0000","1.0000","0.0000","0.0000"
"100008433","BOAL00327","1.0000","1.0000","0.0000","0.0000","0.0000"
"100008433","BOAL00328","1.0000","1.0000","0.0000","0.0000","0.0000"
"100008433","BOAL00329","1.0000","1.0000","0.0000","0.0000","0.0000"
"100008433","BOAL00330","1.0000","1.0000","0.0000","0.0000","0.0000"
"100008434","PFLE47742-01","1.0000","1.0000","1.0000","0.0000","0.0000"
"100008435","LLRBEU0025","1.0000","1.0000","1.0000","0.0000","0.0000"
"100008436","BOVE00455","1.0000","1.0000","1.0000","0.0000","0.0000"
"100008437","CCS0010012","12.0000","12.0000","12.0000","0.0000","0.0000"
"100008437","CCS0010002","12.0000","12.0000","12.0000","0.0000","0.0000"
"100008438","BET0160003-49MDF-0461-49MDF-0461-BOAL00664-BOAL00665-BOAL00668-BOAL00666","1.0000","1.0000","1.0000","0.0000","0.0000"
"100008438","49MDF-0461","1.0000","1.0000","0.0000","0.0000","0.0000"
"100008438","BOAL00664","2.0000","1.0000","0.0000","0.0000","0.0000"
"100008438","BOAL00665","2.0000","1.0000","0.0000","0.0000","0.0000"
"100008438","BOAL00668","2.0000","1.0000","0.0000","0.0000","0.0000"
"100008438","BOAL00666","2.0000","1.0000","0.0000","0.0000","0.0000"
"100008439","BOVE00503","2.0000","2.0000","2.0000","0.0000","0.0000"
"100008440","PFLE47742-47","3.0000","3.0000","3.0000","0.0000","0.0000"
"100008441","BOVE00469","1.0000","1.0000","1.0000","0.0000","0.0000"
"100008442","BOAL01374-BOAL00206-BOAL00261-BOAL00238-BOAL00219","1.0000","0.0000","0.0000","1.0000","0.0000"
"100008442","BOAL00206","2.0000","0.0000","0.0000","0.0000","0.0000"
"100008442","BOAL00261","2.0000","0.0000","0.0000","0.0000","0.0000"
"100008442","BOAL00238","2.0000","0.0000","0.0000","0.0000","0.0000"
"100008442","BOAL00219","2.0000","0.0000","0.0000","0.0000","0.0000"
"100008443","BOVE00359","1.0000","1.0000","1.0000","0.0000","0.0000"
"100008444","BOAL01374-BOAL00206-BOAL00261-BOAL00238-BOAL00219","1.0000","0.0000","0.0000","1.0000","0.0000"
"100008444","BOAL00206","2.0000","0.0000","0.0000","0.0000","0.0000"
"100008444","BOAL00261","2.0000","0.0000","0.0000","0.0000","0.0000"
"100008444","BOAL00238","2.0000","0.0000","0.0000","0.0000","0.0000"
"100008444","BOAL00219","2.0000","0.0000","0.0000","0.0000","0.0000"
"100008445","48CAR-0052","1.0000","1.0000","1.0000","0.0000","0.0000"
"100008446","LLRGRA0051","1.0000","1.0000","1.0000","0.0000","0.0000"
"100008447","PFLE47742-03","1.0000","1.0000","1.0000","0.0000","0.0000"
"100008447","PFLE47742-47","1.0000","1.0000","1.0000","0.0000","0.0000"
"100008447","PFLE47742-04","1.0000","1.0000","1.0000","0.0000","0.0000"
"100008448","CCS0010003","6.0000","6.0000","6.0000","0.0000","0.0000"
"100008449","BOVE00542","1.0000","1.0000","1.0000","0.0000","0.0000"
"100008450","BOAL01495-BOAL01492-BOAL00422-BOAL00424-BOAL00426","2.0000","2.0000","2.0000","0.0000","0.0000"
"100008450","BOAL01492","4.0000","1.0000","1.0000","0.0000","0.0000"
"100008450","BOAL00422","4.0000","1.0000","1.0000","0.0000","0.0000"
"100008450","BOAL00424","4.0000","1.0000","1.0000","0.0000","0.0000"
"100008450","BOAL00426","4.0000","1.0000","1.0000","0.0000","0.0000"
"100008451","ME00C127","1.0000","1.0000","1.0000","0.0000","0.0000"
"100008452","CBR0040001","1.0000","1.0000","1.0000","0.0000","0.0000"
"100008453","BOVA01286","6.0000","6.0000","6.0000","0.0000","0.0000"
"100008454","BOVE00790","1.0000","1.0000","1.0000","0.0000","0.0000"
"100008454","BOVE00789","1.0000","1.0000","1.0000","0.0000","0.0000"
"100008455","BOVE00577","1.0000","1.0000","1.0000","0.0000","0.0000"
"100008455","ME00022","1.0000","1.0000","1.0000","0.0000","0.0000"
"100008455","CCS0010010","6.0000","6.0000","6.0000","0.0000","0.0000"
"100008455","CCS0010005","6.0000","6.0000","6.0000","0.0000","0.0000"
"100008455","BOVE00618","1.0000","1.0000","1.0000","0.0000","0.0000"
"100008456","BOVE00463","1.0000","1.0000","1.0000","0.0000","0.0000"
"100008457","BOVE00296","1.0000","1.0000","1.0000","0.0000","0.0000"
"100008458","LLRMIS0093","1.0000","1.0000","1.0000","0.0000","0.0000"
"100008459","PFLE47742-29","2.0000","2.0000","2.0000","0.0000","0.0000"
"100008460","PSPR41635-01","1.0000","1.0000","1.0000","0.0000","0.0000"
"100008461","51MDF-5100","1.0000","1.0000","1.0000","0.0000","0.0000"
"100008462","BOVE00778","1.0000","1.0000","1.0000","0.0000","0.0000"
"100008463","BOVE00448","1.0000","1.0000","1.0000","0.0000","0.0000"
"100008464","BOVE00341","1.0000","1.0000","1.0000","0.0000","0.0000"
"100008465","LLW-1316N","1.0000","0.0000","0.0000","1.0000","0.0000"
"300000075","LLW-1316N","1.0000","1.0000","1.0000","0.0000","1.0000"
"100008467","BOBB00038","1.0000","0.0000","0.0000","1.0000","0.0000"
"100008468","ME00C24","1.0000","1.0000","1.0000","0.0000","0.0000"
"100008469","PFLE47742-01","2.0000","2.0000","2.0000","0.0000","0.0000"
"100008470","BOVA00676","1.0000","1.0000","1.0000","0.0000","0.0000"
"100008471","ME00C51","1.0000","1.0000","1.0000","0.0000","0.0000"
"100008472","BOVE00757","2.0000","2.0000","2.0000","0.0000","0.0000"
"100008473","FFE0020001","1.0000","1.0000","1.0000","0.0000","0.0000"
"100008473","EMELUN0008","1.0000","1.0000","1.0000","0.0000","0.0000"
"100008473","BOVE00373","1.0000","1.0000","1.0000","0.0000","0.0000"
"100008474","48CAR-0052","1.0000","1.0000","1.0000","0.0000","0.0000"
"100008475","BOVE00497","1.0000","1.0000","1.0000","0.0000","0.0000"
"100008476","BOVE00800","1.0000","1.0000","1.0000","0.0000","0.0000"
"100008477","PPABAR0002","1.0000","1.0000","1.0000","0.0000","0.0000"
"100008478","BNN0010001","1.0000","0.0000","0.0000","1.0000","0.0000"
"100008479","BOAL00352","2.0000","2.0000","2.0000","0.0000","0.0000"
"100008479","BOAL00354","2.0000","2.0000","2.0000","0.0000","0.0000"
"100008479","24MDF-0456","1.0000","1.0000","1.0000","0.0000","0.0000"
"100008480","BOVE00290","1.0000","1.0000","1.0000","0.0000","0.0000"
"100008480","BOVE00389","1.0000","1.0000","1.0000","0.0000","0.0000"
"100008480","BOVE00157","1.0000","1.0000","1.0000","0.0000","0.0000"
"100008481","CCS0010002","8.0000","8.0000","8.0000","0.0000","0.0000"
"100008482","PCOU18237-26","1.0000","1.0000","1.0000","0.0000","0.0000"
"100008483","ME00C127","1.0000","1.0000","1.0000","0.0000","0.0000"
"100008484","BET0140003-49MDF-0461-49MDF-0461-BOAL00648-BOAL00651-BOAL00655-BOAL00652","1.0000","1.0000","1.0000","0.0000","0.0000"
"100008484","49MDF-0461","1.0000","1.0000","0.0000","0.0000","0.0000"
"100008484","BOAL00648","2.0000","1.0000","0.0000","0.0000","0.0000"
"100008484","BOAL00651","2.0000","1.0000","0.0000","0.0000","0.0000"
"100008484","BOAL00655","2.0000","1.0000","0.0000","0.0000","0.0000"
"100008484","BOAL00652","2.0000","1.0000","0.0000","0.0000","0.0000"
"100008485","PPABAR0004","1.0000","1.0000","1.0000","0.0000","0.0000"
"100008486","BOVE00296","1.0000","1.0000","1.0000","0.0000","0.0000"
"100008487","BOVA01203","1.0000","0.0000","0.0000","1.0000","0.0000"
"100008487","ME00217","1.0000","0.0000","0.0000","1.0000","0.0000"
"100008487","BOVA01217","1.0000","0.0000","0.0000","1.0000","0.0000"
"100008488","BOVA01203","1.0000","0.0000","0.0000","1.0000","0.0000"
"100008488","ME00217","1.0000","0.0000","0.0000","1.0000","0.0000"
"100008488","BOVA01217","1.0000","0.0000","0.0000","1.0000","0.0000"
"100008489","BOVA01203","1.0000","0.0000","0.0000","1.0000","0.0000"
"100008489","ME00217","1.0000","0.0000","0.0000","1.0000","0.0000"
"100008489","BOVA01217","1.0000","0.0000","0.0000","1.0000","0.0000"
"100008490","BOVA01203","1.0000","0.0000","0.0000","1.0000","0.0000"
"100008490","ME00217","1.0000","0.0000","0.0000","1.0000","0.0000"
"100008490","BOVA01217","1.0000","0.0000","0.0000","1.0000","0.0000"
"100008491","VOL00053","1.0000","1.0000","1.0000","0.0000","0.0000"
"100008492","BOVE00468","1.0000","0.0000","0.0000","1.0000","0.0000"
"100008493","BOVE00468","1.0000","0.0000","0.0000","1.0000","0.0000"
"100008494","BOVE00468","1.0000","1.0000","1.0000","0.0000","0.0000"
"100008495","BCO0010013-BCO0010004-BCO0010001-BCO0010002-BCO0010003","1.0000","1.0000","1.0000","0.0000","0.0000"
"100008495","BCO0010004","2.0000","1.0000","0.0000","0.0000","0.0000"
"100008495","BCO0010001","2.0000","1.0000","0.0000","0.0000","0.0000"
"100008495","BCO0010002","2.0000","1.0000","0.0000","0.0000","0.0000"
"100008495","BCO0010003","2.0000","1.0000","0.0000","0.0000","0.0000"
"100008496","BOVE00717","1.0000","1.0000","1.0000","0.0000","0.0000"
"100008497","PPIN48240-00","6.0000","6.0000","6.0000","0.0000","0.0000"
"100008498","BOVE00588","1.0000","1.0000","1.0000","0.0000","0.0000"
"100008498","BOVE00590","1.0000","1.0000","1.0000","0.0000","0.0000"
"100008499","BOVE00225","1.0000","1.0000","1.0000","0.0000","0.0000"
"100008500","49MDF-0461","1.0000","1.0000","1.0000","0.0000","0.0000"
"100008501","PFOU48280-17","20.0000","0.0000","0.0000","20.0000","0.0000"
"100008502","ME00C127","10.0000","10.0000","10.0000","0.0000","0.0000"
"100008503","PCOU48280-37","2.0000","2.0000","2.0000","0.0000","0.0000"
"100008504","CCS0010014","8.0000","8.0000","8.0000","0.0000","0.0000"
"100008504","CCS0010002","6.0000","6.0000","6.0000","0.0000","0.0000"
"100008504","CCS0010009","4.0000","4.0000","4.0000","0.0000","0.0000"
"100008505","BOAL00208","2.0000","2.0000","2.0000","0.0000","0.0000"
"100008506","BET0160003-49MDF-0461-49MDF-0461-BOAL00664-BOAL00665-BOAL00668-BOAL00666","1.0000","0.0000","0.0000","1.0000","0.0000"
"100008506","49MDF-0461","1.0000","0.0000","0.0000","0.0000","0.0000"
"100008506","BOAL00664","2.0000","0.0000","0.0000","0.0000","0.0000"
"100008506","BOAL00665","2.0000","0.0000","0.0000","0.0000","0.0000"
"100008506","BOAL00668","2.0000","0.0000","0.0000","0.0000","0.0000"
"100008506","BOAL00666","2.0000","0.0000","0.0000","0.0000","0.0000"
"100008507","BET0160003-49MDF-0461-49MDF-0461-BOAL00664-BOAL00665-BOAL00668-BOAL00666","1.0000","0.0000","0.0000","1.0000","0.0000"
"100008507","49MDF-0461","1.0000","0.0000","0.0000","0.0000","0.0000"
"100008507","BOAL00664","2.0000","0.0000","0.0000","0.0000","0.0000"
"100008507","BOAL00665","2.0000","0.0000","0.0000","0.0000","0.0000"
"100008507","BOAL00668","2.0000","0.0000","0.0000","0.0000","0.0000"
"100008507","BOAL00666","2.0000","0.0000","0.0000","0.0000","0.0000"
"100008508","BET0160003-49MDF-0461-49MDF-0461-BOAL00664-BOAL00665-BOAL00668-BOAL00666","1.0000","0.0000","0.0000","1.0000","0.0000"
"100008508","49MDF-0461","1.0000","0.0000","0.0000","0.0000","0.0000"
"100008508","BOAL00664","2.0000","0.0000","0.0000","0.0000","0.0000"
"100008508","BOAL00665","2.0000","0.0000","0.0000","0.0000","0.0000"
"100008508","BOAL00668","2.0000","0.0000","0.0000","0.0000","0.0000"
"100008508","BOAL00666","2.0000","0.0000","0.0000","0.0000","0.0000"
"100008509","BET0160003-49MDF-0461-49MDF-0461-BOAL00664-BOAL00665-BOAL00668-BOAL00666","1.0000","0.0000","0.0000","1.0000","0.0000"
"100008509","49MDF-0461","1.0000","0.0000","0.0000","0.0000","0.0000"
"100008509","BOAL00664","2.0000","0.0000","0.0000","0.0000","0.0000"
"100008509","BOAL00665","2.0000","0.0000","0.0000","0.0000","0.0000"
"100008509","BOAL00668","2.0000","0.0000","0.0000","0.0000","0.0000"
"100008509","BOAL00666","2.0000","0.0000","0.0000","0.0000","0.0000"
"100008510","BET0160003-49MDF-0461-49MDF-0461-BOAL00664-BOAL00665-BOAL00668-BOAL00666","1.0000","0.0000","0.0000","1.0000","0.0000"
"100008510","49MDF-0461","1.0000","0.0000","0.0000","0.0000","0.0000"
"100008510","BOAL00664","2.0000","0.0000","0.0000","0.0000","0.0000"
"100008510","BOAL00665","2.0000","0.0000","0.0000","0.0000","0.0000"
"100008510","BOAL00668","2.0000","0.0000","0.0000","0.0000","0.0000"
"100008510","BOAL00666","2.0000","0.0000","0.0000","0.0000","0.0000"
"100008511","BOVE00554","2.0000","2.0000","2.0000","0.0000","0.0000"
"100008512","PSHAK41479-00","1.0000","1.0000","1.0000","0.0000","0.0000"
"100008513","BOVE00626","1.0000","1.0000","1.0000","0.0000","0.0000"
"100008514","BET0160003-49MDF-0461-49MDF-0461-BOAL00664-BOAL00665-BOAL00668-BOAL00666","1.0000","0.0000","0.0000","1.0000","0.0000"
"100008514","49MDF-0461","1.0000","0.0000","0.0000","0.0000","0.0000"
"100008514","BOAL00664","2.0000","0.0000","0.0000","0.0000","0.0000"
"100008514","BOAL00665","2.0000","0.0000","0.0000","0.0000","0.0000"
"100008514","BOAL00668","2.0000","0.0000","0.0000","0.0000","0.0000"
"100008514","BOAL00666","2.0000","0.0000","0.0000","0.0000","0.0000"
"100008515","BET0160003-49MDF-0461-49MDF-0461-BOAL00664-BOAL00665-BOAL00668-BOAL00666","1.0000","1.0000","1.0000","0.0000","0.0000"
"100008515","49MDF-0461","1.0000","1.0000","0.0000","0.0000","0.0000"
"100008515","BOAL00664","2.0000","1.0000","0.0000","0.0000","0.0000"
"100008515","BOAL00665","2.0000","1.0000","0.0000","0.0000","0.0000"
"100008515","BOAL00668","2.0000","1.0000","0.0000","0.0000","0.0000"
"100008515","BOAL00666","2.0000","1.0000","0.0000","0.0000","0.0000"
"100008516","BOVE00468","1.0000","1.0000","1.0000","0.0000","0.0000"
"100008517","BOVE00636","1.0000","0.0000","0.0000","1.0000","0.0000"
"100008518","BOVE00636","1.0000","0.0000","0.0000","1.0000","0.0000"
"100008519","BOVE00636","1.0000","0.0000","0.0000","1.0000","0.0000"
"100008520","BOVE00636","1.0000","0.0000","0.0000","1.0000","0.0000"
"100008521","BOVE00636","1.0000","0.0000","0.0000","1.0000","0.0000"
"100008522","BOVE00021","1.0000","1.0000","1.0000","0.0000","0.0000"
"100008523","BOVE00636","1.0000","0.0000","0.0000","1.0000","0.0000"
"100008524","BOVE00113","1.0000","1.0000","1.0000","0.0000","0.0000"
"100008525","CCS0010014","3.0000","3.0000","3.0000","0.0000","0.0000"
"100008525","CCS0010010","3.0000","3.0000","3.0000","0.0000","0.0000"
"100008525","CCS0010002","3.0000","3.0000","3.0000","0.0000","0.0000"
"100008526","BOVE00485","1.0000","1.0000","1.0000","0.0000","0.0000"
"100008527","BOAL01244-BOAL00428-BOAL00433-BOAL00434-BOAL00436","1.0000","1.0000","1.0000","0.0000","0.0000"
"100008527","BOAL00428","2.0000","1.0000","0.0000","0.0000","0.0000"
"100008527","BOAL00433","2.0000","1.0000","0.0000","0.0000","0.0000"
"100008527","BOAL00434","2.0000","1.0000","0.0000","0.0000","0.0000"
"100008527","BOAL00436","2.0000","1.0000","0.0000","0.0000","0.0000"
"100008528","BOAL01174-48CAR-0052-BOAL00317-BOAL00321-BOAL00323-BOAL00325-48CAR-0052","1.0000","1.0000","1.0000","0.0000","0.0000"
"100008528","BOAL00317","2.0000","1.0000","0.0000","0.0000","0.0000"
"100008528","BOAL00321","2.0000","1.0000","0.0000","0.0000","0.0000"
"100008528","BOAL00323","2.0000","1.0000","0.0000","0.0000","0.0000"
"100008528","BOAL00325","2.0000","1.0000","0.0000","0.0000","0.0000"
"100008528","48CAR-0052","1.0000","1.0000","0.0000","0.0000","0.0000"
"100008529","BOBB00057","1.0000","1.0000","1.0000","0.0000","0.0000"
"100008530","BOVE00091","1.0000","1.0000","1.0000","0.0000","0.0000"
"100008531","49MDF-0461","2.0000","2.0000","2.0000","0.0000","0.0000"
"100008532","BBR0010002","2.0000","2.0000","2.0000","0.0000","0.0000"
"100008533","BOAL01243-24CAR-0381-BOAL00428-BOAL00433-BOAL00434-BOAL00436-24CAR-0381","1.0000","1.0000","1.0000","0.0000","0.0000"
"100008533","BOAL00428","1.0000","1.0000","0.0000","0.0000","0.0000"
"100008533","BOAL00433","1.0000","1.0000","0.0000","0.0000","0.0000"
"100008533","BOAL00434","1.0000","1.0000","0.0000","0.0000","0.0000"
"100008533","BOAL00436","1.0000","1.0000","0.0000","0.0000","0.0000"
"100008533","24CAR-0381","1.0000","1.0000","0.0000","0.0000","0.0000"
"100008534","BA00013","1.0000","1.0000","1.0000","0.0000","0.0000"
"100008535","BOVE00109","1.0000","1.0000","1.0000","0.0000","0.0000"
"100008535","CAR0010001","1.0000","1.0000","1.0000","0.0000","0.0000"
"100008536","PFLE47742-47","2.0000","0.0000","0.0000","2.0000","0.0000"
"100008537","SDO0028060","1.0000","1.0000","1.0000","0.0000","0.0000"
"100008537","SDO0011059","1.0000","1.0000","1.0000","0.0000","0.0000"
"100008537","BOBB00088","1.0000","1.0000","1.0000","0.0000","0.0000"
"100008537","PPABAR0004","1.0000","1.0000","1.0000","0.0000","0.0000"
"100008537","BOVE00543","1.0000","1.0000","1.0000","0.0000","0.0000"
"100008538","BOVE00284","1.0000","1.0000","1.0000","0.0000","0.0000"
"100008538","BOVE00285","1.0000","1.0000","1.0000","0.0000","0.0000"
"100008538","BOBB00033","1.0000","1.0000","1.0000","0.0000","0.0000"
"100008538","BOAL01391-49MDF-0461-BOAL00208-BOAL00264-BOAL00222-BOAL00241-49MDF-0461","1.0000","1.0000","1.0000","0.0000","0.0000"
"100008538","BOAL00208","2.0000","1.0000","0.0000","0.0000","0.0000"
"100008538","BOAL00264","2.0000","1.0000","0.0000","0.0000","0.0000"
"100008538","BOAL00222","2.0000","1.0000","0.0000","0.0000","0.0000"
"100008538","BOAL00241","2.0000","1.0000","0.0000","0.0000","0.0000"
"100008538","49MDF-0461","1.0000","1.0000","0.0000","0.0000","0.0000"
"100008539","LLRBOR0119","1.0000","1.0000","1.0000","0.0000","0.0000"
"100008540","ME00C127","1.0000","1.0000","1.0000","0.0000","1.0000"
"100008541","BET0150003-48CAR-0052-48CAR-0052-BOAL00636-BOAL00643-BOAL00645-BOAL00639","1.0000","0.0000","0.0000","1.0000","0.0000"
"100008541","48CAR-0052","1.0000","0.0000","0.0000","0.0000","0.0000"
"100008541","BOAL00636","2.0000","0.0000","0.0000","0.0000","0.0000"
"100008541","BOAL00643","2.0000","0.0000","0.0000","0.0000","0.0000"
"100008541","BOAL00645","2.0000","0.0000","0.0000","0.0000","0.0000"
"100008541","BOAL00639","2.0000","0.0000","0.0000","0.0000","0.0000"
"100008541","BET0140003-48CAR-0052-48CAR-0052-BOAL00648-BOAL00651-BOAL00655-BOAL00652","1.0000","0.0000","0.0000","1.0000","0.0000"
"100008541","48CAR-0052","1.0000","0.0000","0.0000","0.0000","0.0000"
"100008541","BOAL00648","2.0000","0.0000","0.0000","0.0000","0.0000"
"100008541","BOAL00651","2.0000","0.0000","0.0000","0.0000","0.0000"
"100008541","BOAL00655","2.0000","0.0000","0.0000","0.0000","0.0000"
"100008541","BOAL00652","2.0000","0.0000","0.0000","0.0000","0.0000"
"100008542","49MDF-0461","1.0000","1.0000","1.0000","0.0000","0.0000"
"100008543","BET0150003-48CAR-0052-48CAR-0052-BOAL00636-BOAL00643-BOAL00645-BOAL00639","1.0000","1.0000","1.0000","0.0000","0.0000"
"100008543","48CAR-0052","1.0000","1.0000","0.0000","0.0000","0.0000"
"100008543","BOAL00636","2.0000","1.0000","0.0000","0.0000","0.0000"
"100008543","BOAL00643","2.0000","1.0000","0.0000","0.0000","0.0000"
"100008543","BOAL00645","2.0000","1.0000","0.0000","0.0000","0.0000"
"100008543","BOAL00639","2.0000","1.0000","0.0000","0.0000","0.0000"
"100008543","BET0140003-48CAR-0052-48CAR-0052-BOAL00648-BOAL00651-BOAL00655-BOAL00652","1.0000","1.0000","1.0000","0.0000","0.0000"
"100008543","48CAR-0052","1.0000","1.0000","0.0000","0.0000","0.0000"
"100008543","BOAL00648","2.0000","1.0000","0.0000","0.0000","0.0000"
"100008543","BOAL00651","2.0000","1.0000","0.0000","0.0000","0.0000"
"100008543","BOAL00655","2.0000","1.0000","0.0000","0.0000","0.0000"
"100008543","BOAL00652","2.0000","1.0000","0.0000","0.0000","0.0000"
"100008544","BCO0070012-BCO0070001-BCO0070002-BCO0070003-BCO0070004","1.0000","1.0000","1.0000","0.0000","0.0000"
"100008544","BCO0070001","1.0000","1.0000","0.0000","0.0000","0.0000"
"100008544","BCO0070002","1.0000","1.0000","0.0000","0.0000","0.0000"
"100008544","BCO0070003","1.0000","1.0000","0.0000","0.0000","0.0000"
"100008544","BCO0070004","1.0000","1.0000","0.0000","0.0000","0.0000"
"100008544","ME00C24","1.0000","1.0000","1.0000","0.0000","0.0000"
"100008545","49MDF-0461","1.0000","1.0000","1.0000","0.0000","0.0000"
"100008546","PPELL41736-32","1.0000","0.0000","0.0000","1.0000","0.0000"
"100008547","BOVE00540","1.0000","1.0000","1.0000","0.0000","0.0000"
"100008547","CCS0010005","1.0000","1.0000","1.0000","0.0000","0.0000"
"100008548","BGDCOL070-BGDCOL065-BGDCOL067-BGDCOL064-BGDCOL066","1.0000","1.0000","1.0000","0.0000","0.0000"
"100008548","BGDCOL065","2.0000","1.0000","0.0000","0.0000","0.0000"
"100008548","BGDCOL067","2.0000","1.0000","0.0000","0.0000","0.0000"
"100008548","BGDCOL064","2.0000","1.0000","0.0000","0.0000","0.0000"
"100008548","BGDCOL066","2.0000","1.0000","0.0000","0.0000","0.0000"
"100008548","BOVE00639","2.0000","2.0000","2.0000","0.0000","0.0000"
"100008549","BOVE00591","1.0000","1.0000","1.0000","0.0000","0.0000"
"100008550","LLRABE0018","1.0000","0.0000","0.0000","1.0000","0.0000"
"100008550","LLRABE0009","1.0000","0.0000","0.0000","1.0000","0.0000"
"100008550","LLRABE0026-LLRBEU0025-LLRABE0024","1.0000","0.0000","0.0000","1.0000","0.0000"
"100008550","LLRBEU0025","1.0000","0.0000","0.0000","0.0000","0.0000"
"100008550","LLRABE0024","1.0000","0.0000","0.0000","0.0000","0.0000"
"100008551","LLRABE0018","1.0000","1.0000","1.0000","0.0000","0.0000"
"100008551","LLRABE0009","1.0000","1.0000","1.0000","0.0000","0.0000"
"100008551","LLRABE0026-LLRBEU0025-LLRABE0024","1.0000","1.0000","1.0000","0.0000","0.0000"
"100008551","LLRBEU0025","1.0000","1.0000","0.0000","0.0000","0.0000"
"100008551","LLRABE0024","1.0000","1.0000","0.0000","0.0000","0.0000"
"100008552","BOVE00573","2.0000","2.0000","2.0000","0.0000","0.0000"
"100008552","BOAL01506","2.0000","2.0000","2.0000","0.0000","0.0000"
"100008553","CCS0010014","1.0000","1.0000","1.0000","0.0000","0.0000"
"100008554","BOVE00470","1.0000","1.0000","1.0000","0.0000","0.0000"
"100008555","BOAL01226-49MDF-0461-BOAL00398-BOAL00403-BOAL00404-BOAL00406-49MDF-0461","1.0000","1.0000","1.0000","0.0000","0.0000"
"100008555","BOAL00398","2.0000","1.0000","0.0000","0.0000","0.0000"
"100008555","BOAL00403","2.0000","1.0000","0.0000","0.0000","0.0000"
"100008555","BOAL00404","2.0000","1.0000","0.0000","0.0000","0.0000"
"100008555","BOAL00406","2.0000","1.0000","0.0000","0.0000","0.0000"
"100008555","49MDF-0461","1.0000","1.0000","0.0000","0.0000","0.0000"
"100008556","ME00C127","1.0000","1.0000","1.0000","0.0000","0.0000"
"100008557","CCS0010002","12.0000","12.0000","12.0000","0.0000","0.0000"
"100008557","CCS0010013","12.0000","12.0000","12.0000","0.0000","0.0000"
"100008557","CCS0010005","12.0000","12.0000","12.0000","0.0000","0.0000"
"100008558","ME00C51","1.0000","1.0000","1.0000","0.0000","0.0000"
"100008559","ME00C51","1.0000","1.0000","1.0000","0.0000","0.0000"
"200000054","BOAL00710","46.0000","46.0000","46.0000","0.0000","0.0000"
"100008560","BOAL01183-48CAR-0052-48CAR-0052-BOAL00328-BOAL00327-BOAL00330-BOAL00329","1.0000","1.0000","1.0000","0.0000","0.0000"
"100008560","48CAR-0052","1.0000","1.0000","0.0000","0.0000","0.0000"
"100008560","BOAL00328","2.0000","1.0000","0.0000","0.0000","0.0000"
"100008560","BOAL00327","2.0000","1.0000","0.0000","0.0000","0.0000"
"100008560","BOAL00330","2.0000","1.0000","0.0000","0.0000","0.0000"
"100008560","BOAL00329","2.0000","1.0000","0.0000","0.0000","0.0000"
"100008561","BOVA01305","3.0000","3.0000","3.0000","0.0000","0.0000"
"100008562","BOAL01183-48CAR-0052-48CAR-0052-BOAL00328-BOAL00327-BOAL00330-BOAL00329","1.0000","0.0000","0.0000","1.0000","0.0000"
"100008562","48CAR-0052","1.0000","0.0000","0.0000","0.0000","0.0000"
"100008562","BOAL00328","2.0000","0.0000","0.0000","0.0000","0.0000"
"100008562","BOAL00327","2.0000","0.0000","0.0000","0.0000","0.0000"
"100008562","BOAL00330","2.0000","0.0000","0.0000","0.0000","0.0000"
"100008562","BOAL00329","2.0000","0.0000","0.0000","0.0000","0.0000"
"100008563","PFLE47742-47","2.0000","2.0000","2.0000","0.0000","0.0000"
"100008564","BOVE00513","1.0000","1.0000","1.0000","0.0000","0.0000"
"100008565","BOVE00547","1.0000","1.0000","1.0000","0.0000","0.0000"
"100008566","BOAL00432","1.0000","1.0000","1.0000","0.0000","0.0000"
"100008566","BOAL00429","1.0000","1.0000","1.0000","0.0000","0.0000"
"100008567","BOVE00547","1.0000","0.0000","0.0000","1.0000","0.0000"
"100008568","BOVE00547","1.0000","1.0000","1.0000","0.0000","0.0000"
"100008569","BOVE00283","1.0000","0.0000","0.0000","1.0000","0.0000"
"100008570","BOAL00763","1.0000","1.0000","1.0000","0.0000","0.0000"
"100008571","BOBB00271","1.0000","1.0000","1.0000","0.0000","0.0000"
"100008572","BOVE00040","1.0000","1.0000","1.0000","0.0000","0.0000"
"100008573","PSHAK41483-04","1.0000","1.0000","1.0000","0.0000","0.0000"
"100008574","BOVE00149","2.0000","2.0000","2.0000","0.0000","0.0000"
"100008575","BGDCOL042-BGDCOL037-BGDCOL039-BGDCOL036-BGDCOL038","1.0000","1.0000","1.0000","0.0000","0.0000"
"100008575","BGDCOL037","2.0000","1.0000","1.0000","0.0000","0.0000"
"100008575","BGDCOL039","2.0000","1.0000","1.0000","0.0000","0.0000"
"100008575","BGDCOL036","2.0000","1.0000","1.0000","0.0000","0.0000"
"100008575","BGDCOL038","2.0000","1.0000","1.0000","0.0000","0.0000"
"100008575","BOBB00187","1.0000","1.0000","1.0000","0.0000","0.0000"
"100008575","PMAR12915-25","1.0000","1.0000","1.0000","0.0000","0.0000"
"100008576","BOAL01226-BOAL00398-BOAL00403-BOAL00404-BOAL00406","1.0000","1.0000","1.0000","0.0000","0.0000"
"100008576","BOAL00398","2.0000","1.0000","0.0000","0.0000","0.0000"
"100008576","BOAL00403","2.0000","1.0000","0.0000","0.0000","0.0000"
"100008576","BOAL00404","2.0000","1.0000","0.0000","0.0000","0.0000"
"100008576","BOAL00406","2.0000","1.0000","0.0000","0.0000","0.0000"
"100008577","BOVE00547","2.0000","2.0000","2.0000","0.0000","0.0000"
"100008577","BOVE00681","1.0000","1.0000","1.0000","0.0000","0.0000"
"100008578","BOAL01185-BOAL00340-BOAL00343-BOAL00347-BOAL00349","1.0000","0.0000","0.0000","1.0000","0.0000"
"100008578","BOAL00340","1.0000","0.0000","0.0000","0.0000","0.0000"
"100008578","BOAL00343","1.0000","0.0000","0.0000","0.0000","0.0000"
"100008578","BOAL00347","1.0000","0.0000","0.0000","0.0000","0.0000"
"100008578","BOAL00349","1.0000","0.0000","0.0000","0.0000","0.0000"
"100008578","BOAL00348","1.0000","0.0000","0.0000","1.0000","0.0000"
"100008579","LLRLYO0043","2.0000","2.0000","2.0000","0.0000","0.0000"
"100008580","BOAL01185-BOAL00340-BOAL00343-BOAL00347-BOAL00349","1.0000","1.0000","1.0000","0.0000","0.0000"
"100008580","BOAL00340","1.0000","1.0000","0.0000","0.0000","0.0000"
"100008580","BOAL00343","1.0000","1.0000","0.0000","0.0000","0.0000"
"100008580","BOAL00347","1.0000","1.0000","0.0000","0.0000","0.0000"
"100008580","BOAL00349","1.0000","1.0000","0.0000","0.0000","0.0000"
"100008580","BOAL00348","1.0000","1.0000","1.0000","0.0000","0.0000"
"100008581","BOVE00141","1.0000","1.0000","1.0000","0.0000","0.0000"
"100008582","BOVE00547","1.0000","1.0000","1.0000","0.0000","0.0000"
"100008583","BOVE00117","1.0000","1.0000","1.0000","0.0000","0.0000"
"100008584","BOVE00505","3.0000","3.0000","3.0000","0.0000","0.0000"
"100008584","BAR0110012","1.0000","1.0000","1.0000","0.0000","0.0000"
"100008585","ME00C51","1.0000","1.0000","1.0000","0.0000","0.0000"
"100008586","BOAL01174-49MDF-0461-BOAL00317-BOAL00321-BOAL00323-BOAL00325-49MDF-0461","1.0000","1.0000","1.0000","0.0000","0.0000"
"100008586","BOAL00317","2.0000","1.0000","0.0000","0.0000","0.0000"
"100008586","BOAL00321","2.0000","1.0000","0.0000","0.0000","0.0000"
"100008586","BOAL00323","2.0000","1.0000","0.0000","0.0000","0.0000"
"100008586","BOAL00325","2.0000","1.0000","0.0000","0.0000","0.0000"
"100008586","49MDF-0461","1.0000","1.0000","0.0000","0.0000","0.0000"
"100008587","CCS0010009","4.0000","4.0000","4.0000","0.0000","0.0000"
"100008588","BOAL01208-BOAL00379-BOAL00383-BOAL00385-BOAL00384","2.0000","2.0000","2.0000","0.0000","0.0000"
"100008588","BOAL00379","2.0000","1.0000","0.0000","0.0000","0.0000"
"100008588","BOAL00383","2.0000","1.0000","0.0000","0.0000","0.0000"
"100008588","BOAL00385","2.0000","1.0000","0.0000","0.0000","0.0000"
"100008588","BOAL00384","2.0000","1.0000","0.0000","0.0000","0.0000"
"100008589","BOAL00326","4.0000","0.0000","0.0000","4.0000","0.0000"
"100008590","BOAL00326","4.0000","0.0000","0.0000","4.0000","0.0000"
"100008591","BOVE00119","2.0000","2.0000","2.0000","0.0000","0.0000"
"100008592","BOAL00031","1.0000","1.0000","1.0000","0.0000","0.0000"
"100008592","BOAL01002-48CAR-0052-48CAR-0052-BOAL00023-BOAL00026-BOAL00029-BOAL00031","1.0000","1.0000","1.0000","0.0000","0.0000"
"100008592","48CAR-0052","1.0000","1.0000","1.0000","0.0000","0.0000"
"100008592","BOAL00023","2.0000","1.0000","1.0000","0.0000","0.0000"
"100008592","BOAL00026","2.0000","1.0000","1.0000","0.0000","0.0000"
"100008592","BOAL00029","2.0000","1.0000","1.0000","0.0000","0.0000"
"100008592","BOAL00031","2.0000","1.0000","1.0000","0.0000","0.0000"
"100008593","ME00139","2.0000","2.0000","2.0000","0.0000","0.0000"
"100008593","ME00260","2.0000","2.0000","2.0000","0.0000","1.0000"
"100008593","BAM0030001","2.0000","2.0000","2.0000","0.0000","0.0000"
"100008593","BOAL00260","2.0000","2.0000","2.0000","0.0000","0.0000"
"100008593","BOAL00613","2.0000","2.0000","2.0000","0.0000","0.0000"
"100008594","CBR0010004","2.0000","0.0000","0.0000","2.0000","0.0000"
"100008595","CBR0010005","2.0000","0.0000","0.0000","2.0000","0.0000"
"100008595","CBR0010001","2.0000","0.0000","0.0000","2.0000","0.0000"
"100008595","CBR0010002","2.0000","0.0000","0.0000","2.0000","0.0000"
"100008596","BOAL00393","2.0000","2.0000","2.0000","0.0000","0.0000"
"100008596","BOAL00395","2.0000","2.0000","2.0000","0.0000","0.0000"
"100008597","BOVA00416","6.0000","6.0000","6.0000","0.0000","0.0000"
"100008598","BOAL01183-BOAL00328-BOAL00327-BOAL00330-BOAL00329","1.0000","1.0000","1.0000","0.0000","0.0000"
"100008598","BOAL00328","2.0000","1.0000","0.0000","0.0000","0.0000"
"100008598","BOAL00327","2.0000","1.0000","0.0000","0.0000","0.0000"
"100008598","BOAL00330","2.0000","1.0000","0.0000","0.0000","0.0000"
"100008598","BOAL00329","2.0000","1.0000","0.0000","0.0000","0.0000"
"100008599","LLRBUB0095","1.0000","1.0000","1.0000","0.0000","0.0000"
"100008600","BOVE00503","1.0000","1.0000","1.0000","0.0000","0.0000"
"100008601","PSAUP41607-00","1.0000","1.0000","1.0000","0.0000","0.0000"
"100008601","BOBB00121","1.0000","1.0000","1.0000","0.0000","0.0000"
"100008602","BOAL01002-BOAL00023-BOAL00026-BOAL00029-BOAL00031","1.0000","0.0000","0.0000","1.0000","0.0000"
"100008602","BOAL00023","2.0000","0.0000","0.0000","0.0000","0.0000"
"100008602","BOAL00026","2.0000","0.0000","0.0000","0.0000","0.0000"
"100008602","BOAL00029","2.0000","0.0000","0.0000","0.0000","0.0000"
"100008602","BOAL00031","2.0000","0.0000","0.0000","0.0000","0.0000"
"100008603","BGDCOL027-BGDCOL023-BGDCOL025-BGDCOL022-BGDCOL024","2.0000","2.0000","2.0000","0.0000","2.0000"
"100008603","BGDCOL023","2.0000","1.0000","0.0000","0.0000","2.0000"
"100008603","BGDCOL025","2.0000","1.0000","0.0000","0.0000","2.0000"
"100008603","BGDCOL022","2.0000","1.0000","0.0000","0.0000","2.0000"
"100008603","BGDCOL024","2.0000","1.0000","0.0000","0.0000","2.0000"
"100008604","48CAR-0052","1.0000","1.0000","1.0000","0.0000","0.0000"
"100008605","BOVE00687","1.0000","1.0000","1.0000","0.0000","0.0000"
"100008606","BOAL00720","1.0000","1.0000","1.0000","0.0000","0.0000"
"100008607","FREV001112","6.0000","6.0000","6.0000","0.0000","0.0000"
"100008607","FREV000953","12.0000","12.0000","12.0000","0.0000","0.0000"
"100008607","VOL00125","1.0000","1.0000","1.0000","0.0000","0.0000"
"100008608","BOAL01403-BOAL00208-BOAL00264-BOAL00222-BOAL00241-BOAL00190-BOAL00248-BOAL00231-BOAL00229-BOAL00198-BOAL00195-BOAL00252","1.0000","1.0000","1.0000","0.0000","0.0000"
"100008608","BOAL00208","2.0000","1.0000","0.0000","0.0000","0.0000"
"100008608","BOAL00264","2.0000","1.0000","0.0000","0.0000","0.0000"
"100008608","BOAL00222","2.0000","1.0000","0.0000","0.0000","0.0000"
"100008608","BOAL00241","2.0000","1.0000","0.0000","0.0000","0.0000"
"100008608","BOAL00190","2.0000","1.0000","0.0000","0.0000","0.0000"
"100008608","BOAL00248","2.0000","1.0000","0.0000","0.0000","0.0000"
"100008608","BOAL00231","2.0000","1.0000","0.0000","0.0000","0.0000"
"100008608","BOAL00229","2.0000","1.0000","0.0000","0.0000","0.0000"
"100008608","BOAL00198","2.0000","1.0000","0.0000","0.0000","0.0000"
"100008608","BOAL00195","2.0000","1.0000","0.0000","0.0000","0.0000"
"100008608","BOAL00252","2.0000","1.0000","0.0000","0.0000","0.0000"
"100008609","CCS0010002","6.0000","6.0000","6.0000","0.0000","0.0000"
"100008610","BOAL00711","15.0000","15.0000","15.0000","0.0000","0.0000"
"100008611","BOVE00170","1.0000","1.0000","1.0000","0.0000","0.0000"
"100008612","ME00C127","1.0000","1.0000","1.0000","0.0000","0.0000"
"100008613","BOAL00658","2.0000","2.0000","2.0000","0.0000","0.0000"
"100008613","BOAL00660","2.0000","2.0000","2.0000","0.0000","0.0000"
"100008613","BOAL01502","2.0000","2.0000","2.0000","0.0000","0.0000"
"100008613","PCUI48278-81","1.0000","1.0000","1.0000","0.0000","0.0000"
"100008613","24CAR-0381","1.0000","1.0000","1.0000","0.0000","0.0000"
"100008614","24MDF-0456","1.0000","1.0000","1.0000","0.0000","0.0000"
"100008615","BOAL01002-48CAR-0052-48CAR-0052-BOAL00023-BOAL00026-BOAL00029-BOAL00031","1.0000","1.0000","1.0000","0.0000","0.0000"
"100008615","48CAR-0052","1.0000","1.0000","1.0000","0.0000","0.0000"
"100008615","BOAL00023","2.0000","1.0000","1.0000","0.0000","0.0000"
"100008615","BOAL00026","2.0000","1.0000","1.0000","0.0000","0.0000"
"100008615","BOAL00029","2.0000","1.0000","1.0000","0.0000","0.0000"
"100008615","BOAL00031","2.0000","1.0000","1.0000","0.0000","0.0000"
"100008616","PBAR41510-05","1.0000","1.0000","1.0000","0.0000","0.0000"
"100008617","BOAL00612","2.0000","2.0000","2.0000","0.0000","0.0000"
"100008618","PCUI48280-30","1.0000","1.0000","1.0000","0.0000","0.0000"
"100008619","BOVA01391","16.0000","0.0000","0.0000","16.0000","0.0000"
"100008619","BOVA01389","8.0000","0.0000","0.0000","8.0000","0.0000"
"100008619","BOVA01392","8.0000","0.0000","0.0000","8.0000","0.0000"
"100008620","BOAL00799","1.0000","1.0000","1.0000","0.0000","0.0000"
"100008621","BOAL00219","2.0000","2.0000","2.0000","0.0000","0.0000"
"100008622","BET0160003-BOAL00664-BOAL00665-BOAL00668-BOAL00666","1.0000","1.0000","1.0000","0.0000","0.0000"
"100008622","BOAL00664","2.0000","1.0000","0.0000","0.0000","0.0000"
"100008622","BOAL00665","2.0000","1.0000","0.0000","0.0000","0.0000"
"100008622","BOAL00668","2.0000","1.0000","0.0000","0.0000","0.0000"
"100008622","BOAL00666","2.0000","1.0000","0.0000","0.0000","0.0000"
"100008623","BOAL01431-BOAL00209-BOAL00262-BOAL00220","2.0000","2.0000","2.0000","0.0000","0.0000"
"100008623","BOAL00209","2.0000","1.0000","0.0000","0.0000","0.0000"
"100008623","BOAL00262","2.0000","1.0000","0.0000","0.0000","0.0000"
"100008623","BOAL00220","2.0000","1.0000","0.0000","0.0000","0.0000"
"100008624","BGDCOL042-BGDCOL037-BGDCOL039-BGDCOL036-BGDCOL038","1.0000","1.0000","1.0000","0.0000","0.0000"
"100008624","BGDCOL037","2.0000","1.0000","0.0000","0.0000","0.0000"
"100008624","BGDCOL039","2.0000","1.0000","0.0000","0.0000","0.0000"
"100008624","BGDCOL036","2.0000","1.0000","0.0000","0.0000","0.0000"
"100008624","BGDCOL038","2.0000","1.0000","0.0000","0.0000","0.0000"
"100008625","BOVE00482","1.0000","1.0000","1.0000","0.0000","0.0000"
"100008626","BCO0030046-BCO0030033-BCO0030032-BCO0030034-BCO0030035","1.0000","1.0000","1.0000","0.0000","0.0000"
"100008626","BCO0030033","1.0000","1.0000","0.0000","0.0000","0.0000"
"100008626","BCO0030032","1.0000","1.0000","0.0000","0.0000","0.0000"
"100008626","BCO0030034","1.0000","1.0000","0.0000","0.0000","0.0000"
"100008626","BCO0030035","1.0000","1.0000","0.0000","0.0000","0.0000"
"100008626","BCO0030037","1.0000","1.0000","1.0000","0.0000","0.0000"
"100008626","BCO0030039","1.0000","1.0000","1.0000","0.0000","0.0000"
"100008627","BOVE00444","1.0000","1.0000","1.0000","0.0000","0.0000"
"100008628","BOVE00341","1.0000","1.0000","1.0000","0.0000","0.0000"
"100008628","BOVE00343","1.0000","1.0000","1.0000","0.0000","0.0000"
"100008629","49MDF-0461","1.0000","1.0000","1.0000","0.0000","0.0000"
"100008630","CBR0010002","2.0000","2.0000","2.0000","0.0000","0.0000"
"100008631","BOAL01183-BOAL00328-BOAL00327-BOAL00330-BOAL00329","1.0000","1.0000","1.0000","0.0000","0.0000"
"100008631","BOAL00328","2.0000","1.0000","0.0000","0.0000","0.0000"
"100008631","BOAL00327","2.0000","1.0000","0.0000","0.0000","0.0000"
"100008631","BOAL00330","2.0000","1.0000","0.0000","0.0000","0.0000"
"100008631","BOAL00329","2.0000","1.0000","0.0000","0.0000","0.0000"
"100008632","BOAL01457-BOAL00656-BOAL00661-BOAL00662-BOAL00663","1.0000","1.0000","1.0000","0.0000","0.0000"
"100008632","BOAL00656","2.0000","1.0000","0.0000","0.0000","0.0000"
"100008632","BOAL00661","2.0000","1.0000","0.0000","0.0000","0.0000"
"100008632","BOAL00662","2.0000","1.0000","0.0000","0.0000","0.0000"
"100008632","BOAL00663","2.0000","1.0000","0.0000","0.0000","0.0000"
"100008633","PPIZ11744-28","15.0000","15.0000","15.0000","0.0000","0.0000"
"100008634","BOCI00489","1.0000","1.0000","1.0000","0.0000","0.0000"
"100008635","BOVE00113","1.0000","1.0000","1.0000","0.0000","0.0000"
"100008636","BOVA00644","6.0000","6.0000","6.0000","0.0000","0.0000"
"100008636","BOVA00645","6.0000","6.0000","6.0000","0.0000","0.0000"
"100008636","FREV003260","1.0000","1.0000","1.0000","0.0000","0.0000"
"100008637","BOVE00307","1.0000","1.0000","1.0000","0.0000","0.0000"
"100008638","51MDF-5100","1.0000","1.0000","1.0000","0.0000","0.0000"
"100008639","BOAL00208","1.0000","1.0000","1.0000","0.0000","0.0000"
"100008640","BOAL00208","1.0000","0.0000","0.0000","1.0000","0.0000"
"100008641","BET0120003-BOAL00617-BOAL00623-BOAL00625-BOAL00619","1.0000","1.0000","1.0000","0.0000","0.0000"
"100008641","BOAL00617","2.0000","1.0000","0.0000","0.0000","0.0000"
"100008641","BOAL00623","2.0000","1.0000","0.0000","0.0000","0.0000"
"100008641","BOAL00625","2.0000","1.0000","0.0000","0.0000","0.0000"
"100008641","BOAL00619","2.0000","1.0000","0.0000","0.0000","0.0000"
"100008641","ME00C51","1.0000","1.0000","1.0000","0.0000","0.0000"
"100008642","BOVE00457","1.0000","1.0000","1.0000","0.0000","0.0000"
"100008642","BOVE00518","1.0000","1.0000","1.0000","0.0000","0.0000"
"100008643","CBR0010001","1.0000","1.0000","1.0000","0.0000","0.0000"
"100008644","CCS0010005","12.0000","12.0000","12.0000","0.0000","0.0000"
"100008645","ME00C127","1.0000","1.0000","1.0000","0.0000","0.0000"
"100008645","BOAL00405","2.0000","2.0000","2.0000","0.0000","0.0000"
"100008646","BET0150003-49MDF-0461-49MDF-0461-BOAL00636-BOAL00643-BOAL00645-BOAL00639","1.0000","1.0000","1.0000","0.0000","0.0000"
"100008646","49MDF-0461","1.0000","1.0000","0.0000","0.0000","0.0000"
"100008646","BOAL00636","2.0000","1.0000","0.0000","0.0000","0.0000"
"100008646","BOAL00643","2.0000","1.0000","0.0000","0.0000","0.0000"
"100008646","BOAL00645","2.0000","1.0000","0.0000","0.0000","0.0000"
"100008646","BOAL00639","2.0000","1.0000","0.0000","0.0000","0.0000"
"100008647","BOVE00296","1.0000","1.0000","1.0000","0.0000","0.0000"
"100008647","SDO0028077","1.0000","1.0000","1.0000","0.0000","0.0000"
"100008648","48CAR-0052","1.0000","1.0000","1.0000","0.0000","0.0000"
"100008649","BOVE00113","1.0000","1.0000","1.0000","0.0000","0.0000"
"100008650","BOVE00359","1.0000","0.0000","0.0000","1.0000","0.0000"
"100008651","CCS0010002","12.0000","12.0000","12.0000","0.0000","0.0000"
"100008651","CCS0010011","12.0000","12.0000","12.0000","0.0000","0.0000"
"100008652","FREV004189","2.0000","2.0000","2.0000","0.0000","0.0000"
"100008653","BOVE00518","1.0000","1.0000","1.0000","0.0000","0.0000"
"100008654","CCS0010002","8.0000","8.0000","8.0000","0.0000","0.0000"
"100008655","CNNPLA0024","1.0000","1.0000","1.0000","0.0000","0.0000"
"100008656","ME00C127","1.0000","1.0000","1.0000","0.0000","0.0000"
"100008657","BOVE00537","1.0000","1.0000","1.0000","0.0000","0.0000"
"100008657","BOBB00070","1.0000","1.0000","1.0000","0.0000","0.0000"
"100008657","BOBB00091","1.0000","1.0000","1.0000","0.0000","0.0000"
"100008657","BOVE00716","1.0000","1.0000","1.0000","0.0000","0.0000"
"100008658","BOVE00108","1.0000","1.0000","1.0000","0.0000","0.0000"
"100008659","BOVE00309","1.0000","1.0000","1.0000","0.0000","0.0000"
"100008659","PPABAR0002","1.0000","1.0000","1.0000","0.0000","0.0000"
"100008660","CBRYPS0003","2.0000","2.0000","2.0000","0.0000","0.0000"
"100008660","BOVE00679","2.0000","2.0000","2.0000","0.0000","0.0000"
"100008661","PFLE47742-33","2.0000","2.0000","2.0000","0.0000","0.0000"
"100008662","PDOU 47357-23","1.0000","1.0000","1.0000","0.0000","0.0000"
"100008663","ME00C127","1.0000","1.0000","1.0000","0.0000","0.0000"
"100008664","BOAL01076-BOAL00109-BOAL00111-BOAL00113-BOAL00116","1.0000","1.0000","1.0000","0.0000","0.0000"
"100008664","BOAL00109","1.0000","1.0000","0.0000","0.0000","0.0000"
"100008664","BOAL00111","1.0000","1.0000","0.0000","0.0000","0.0000"
"100008664","BOAL00113","1.0000","1.0000","0.0000","0.0000","0.0000"
"100008664","BOAL00116","1.0000","1.0000","0.0000","0.0000","0.0000"
"100008665","PFLE47742-01","1.0000","1.0000","1.0000","0.0000","0.0000"
"100008666","BOVE00296","1.0000","1.0000","1.0000","0.0000","0.0000"
"100008667","BOVE00513","1.0000","1.0000","1.0000","0.0000","0.0000"
"100008668","BOVE00503","1.0000","1.0000","1.0000","0.0000","0.0000"
"100008669","PGRIL41727-33","2.0000","2.0000","2.0000","0.0000","0.0000"
"100008670","BOVE00503","1.0000","1.0000","1.0000","0.0000","0.0000"
"100008671","BOVE00763U","12.0000","12.0000","12.0000","0.0000","12.0000"
"100008672","BOVA00922","1.0000","1.0000","1.0000","0.0000","0.0000"
"100008672","BOVA00921","1.0000","1.0000","1.0000","0.0000","0.0000"
"100008672","BOVA00920","1.0000","1.0000","1.0000","0.0000","0.0000"
"100008673","PTHE19701-00","1.0000","1.0000","1.0000","0.0000","0.0000"
"100008674","CCS0010010","6.0000","6.0000","6.0000","0.0000","0.0000"
"100008674","CCS0010015","6.0000","6.0000","6.0000","0.0000","0.0000"
"100008675","CCS0010002","12.0000","12.0000","12.0000","0.0000","0.0000"
"100008676","BOVE00113","2.0000","2.0000","2.0000","0.0000","0.0000"
"100008677","CCO0120013-49MDF-0461-49MDF-0461-CCO0120002-CCO0120001-CCO0120003-CCO0120004","2.0000","2.0000","2.0000","0.0000","0.0000"
"100008677","49MDF-0461","2.0000","1.0000","0.0000","0.0000","0.0000"
"100008677","CCO0120002","4.0000","1.0000","0.0000","0.0000","0.0000"
"100008677","CCO0120001","4.0000","1.0000","0.0000","0.0000","0.0000"
"100008677","CCO0120003","4.0000","1.0000","0.0000","0.0000","0.0000"
"100008677","CCO0120004","4.0000","1.0000","0.0000","0.0000","0.0000"
"100008678","BOVE00109","2.0000","2.0000","2.0000","0.0000","0.0000"
"100008678","BOVE00283","3.0000","3.0000","3.0000","0.0000","0.0000"
"100008679","BOVE00255","1.0000","1.0000","1.0000","0.0000","0.0000"
"100008680","ME00216","1.0000","1.0000","1.0000","0.0000","0.0000"
"100008680","CNNCOR0001","1.0000","1.0000","1.0000","0.0000","0.0000"
"100008680","BOVE00684","2.0000","2.0000","2.0000","0.0000","0.0000"
"100008681","BET0110002-BOAL00607-BOAL00613-BOAL00615-BOAL00609","2.0000","2.0000","2.0000","0.0000","0.0000"
"100008681","BOAL00607","2.0000","1.0000","0.0000","0.0000","0.0000"
"100008681","BOAL00613","2.0000","1.0000","0.0000","0.0000","0.0000"
"100008681","BOAL00615","2.0000","1.0000","0.0000","0.0000","0.0000"
"100008681","BOAL00609","2.0000","1.0000","0.0000","0.0000","0.0000"
"100008682","BOVA01286","12.0000","12.0000","12.0000","0.0000","0.0000"
"100008683","BOVE00224","1.0000","0.0000","0.0000","1.0000","0.0000"
"100008684","BGDCOL049-BGDCOL044-BGDCOL046-BGDCOL043-BGDCOL045","1.0000","1.0000","1.0000","0.0000","0.0000"
"100008684","BGDCOL044","2.0000","1.0000","0.0000","0.0000","0.0000"
"100008684","BGDCOL046","2.0000","1.0000","0.0000","0.0000","0.0000"
"100008684","BGDCOL043","2.0000","1.0000","0.0000","0.0000","0.0000"
"100008684","BGDCOL045","2.0000","1.0000","0.0000","0.0000","0.0000"
"100008685","BOVE00224","1.0000","1.0000","1.0000","0.0000","0.0000"
"100008686","BOVA00642","12.0000","12.0000","12.0000","0.0000","0.0000"
"100008687","BOVE00475","1.0000","1.0000","1.0000","0.0000","0.0000"
"100008687","BOVE00389IB","2.0000","2.0000","2.0000","0.0000","0.0000"
"100008687","PPRES41606-01","1.0000","1.0000","1.0000","0.0000","0.0000"
"100008687","PCUI41595-20","1.0000","1.0000","1.0000","0.0000","0.0000"
"100008687","PTAP44100-02","1.0000","1.0000","1.0000","0.0000","0.0000"
"100008688","BOVE00470","2.0000","2.0000","2.0000","0.0000","0.0000"
"100008689","BOVE00296","1.0000","1.0000","1.0000","0.0000","0.0000"
"100008689","BOVE00470","1.0000","1.0000","1.0000","0.0000","0.0000"
"100008690","BGDCOL035-BGDCOL030-BGDCOL032-BGDCOL029-BGDCOL031","1.0000","1.0000","1.0000","0.0000","0.0000"
"100008691","BOBB00053","1.0000","0.0000","0.0000","1.0000","0.0000"
"100008692","BOBB00053","1.0000","0.0000","0.0000","1.0000","0.0000"
"100008693","BOBB00053","1.0000","0.0000","0.0000","1.0000","0.0000"
"100008694","BOCI00502","10.0000","10.0000","10.0000","0.0000","0.0000"
"100008695","ME00C127","1.0000","1.0000","1.0000","0.0000","0.0000"
"100008696","BOVE00116","2.0000","2.0000","2.0000","0.0000","0.0000"
"100008696","BOVE00659","1.0000","1.0000","1.0000","0.0000","0.0000"
"100008697","CPEIBI0001","1.0000","1.0000","1.0000","0.0000","0.0000"
"100008698","BOVE00512","2.0000","2.0000","2.0000","0.0000","0.0000"
"100008699","49MDF-0461","1.0000","1.0000","1.0000","0.0000","0.0000"
"100008700","BOAL00710","150.0000","150.0000","150.0000","0.0000","0.0000"
"100008701","CCS0010014","5.0000","5.0000","5.0000","0.0000","0.0000"
"100008702","BOVE00270","1.0000","1.0000","1.0000","0.0000","0.0000"
"100008703","PCUI41473-31","1.0000","1.0000","1.0000","0.0000","0.0000"
"100008704","ME00C51","1.0000","1.0000","1.0000","0.0000","0.0000"
"100008705","BOAL01131-48CAR-0052-BOAL00167-BOAL00170-BOAL00175-BOAL00173-48CAR-0052","1.0000","0.0000","0.0000","1.0000","0.0000"
"100008705","BOAL00167","2.0000","0.0000","0.0000","0.0000","0.0000"
"100008705","BOAL00170","2.0000","0.0000","0.0000","0.0000","0.0000"
"100008705","BOAL00175","2.0000","0.0000","0.0000","0.0000","0.0000"
"100008705","BOAL00173","2.0000","0.0000","0.0000","0.0000","0.0000"
"100008705","48CAR-0052","1.0000","0.0000","0.0000","0.0000","0.0000"
"100008706","BOVE00007","1.0000","1.0000","1.0000","0.0000","0.0000"
"100008707","PPELL41735-29","1.0000","1.0000","1.0000","0.0000","0.0000"
"100008708","BOVE00513","1.0000","1.0000","1.0000","0.0000","0.0000"
"100008709","24MDF-0456","1.0000","1.0000","1.0000","0.0000","0.0000"
"100008710","BOVE00343","1.0000","1.0000","1.0000","0.0000","0.0000"
"100008711","BOVE00281","1.0000","1.0000","1.0000","0.0000","0.0000"
"100008712","LLRBUB002","1.0000","1.0000","1.0000","0.0000","0.0000"
"100008713","BOAL01131-48CAR-0052-BOAL00167-BOAL00170-BOAL00175-BOAL00173-48CAR-0052","1.0000","1.0000","1.0000","0.0000","0.0000"
"100008713","BOAL00167","2.0000","1.0000","0.0000","0.0000","0.0000"
"100008713","BOAL00170","2.0000","1.0000","0.0000","0.0000","0.0000"
"100008713","BOAL00175","2.0000","1.0000","0.0000","0.0000","0.0000"
"100008713","BOAL00173","2.0000","1.0000","0.0000","0.0000","0.0000"
"100008713","48CAR-0052","1.0000","1.0000","0.0000","0.0000","0.0000"
"100008714","ME00C127","1.0000","1.0000","1.0000","0.0000","0.0000"
"100008714","BOVE00513","1.0000","1.0000","1.0000","0.0000","0.0000"
"100008715","49MDF-0461","1.0000","1.0000","1.0000","0.0000","0.0000"
"100008715","24MDF-0456","1.0000","1.0000","1.0000","0.0000","0.0000"
"100008716","BOVE00012","1.0000","1.0000","1.0000","0.0000","0.0000"
"100008717","BOVE00389","2.0000","0.0000","0.0000","2.0000","0.0000"
"100008718","BOVE00389","2.0000","0.0000","0.0000","2.0000","0.0000"
"100008719","BOVE00389","2.0000","0.0000","0.0000","2.0000","0.0000"
"100008720","PFLE47742-01","2.0000","2.0000","2.0000","0.0000","0.0000"
"100008721","BOVA01268","2.0000","2.0000","2.0000","0.0000","0.0000"
"100008722","BOVE00389","2.0000","0.0000","0.0000","2.0000","0.0000"
"100008723","BOAL01235-BOAL00408-BOAL00412-BOAL00414-BOAL00416","1.0000","1.0000","1.0000","0.0000","0.0000"
"100008723","BOAL00408","2.0000","1.0000","0.0000","0.0000","0.0000"
"100008723","BOAL00412","2.0000","1.0000","0.0000","0.0000","0.0000"
"100008723","BOAL00414","2.0000","1.0000","0.0000","0.0000","0.0000"
"100008723","BOAL00416","2.0000","1.0000","0.0000","0.0000","0.0000"
"100008724","PFLE47742-47","1.0000","1.0000","1.0000","0.0000","0.0000"
"100008724","PFLE47742-42","1.0000","1.0000","1.0000","0.0000","0.0000"
"100008725","BOBB00300","1.0000","1.0000","1.0000","0.0000","0.0000"
"100008726","CPEIBI0001","1.0000","1.0000","1.0000","0.0000","0.0000"
"100008727","BOVE00250","2.0000","2.0000","2.0000","0.0000","0.0000"
"100008727","BOVE00771","2.0000","2.0000","2.0000","0.0000","0.0000"
"100008727","BOVE00772","2.0000","2.0000","2.0000","0.0000","0.0000"
"100008728","PTAP44100-02","1.0000","1.0000","1.0000","0.0000","0.0000"
"100008729","49MDF-0461","1.0000","1.0000","1.0000","0.0000","0.0000"
"100008730","BOAL01186-48CAR-0052-BOAL00340-BOAL00343-BOAL00347-BOAL00349-48CAR-0052","1.0000","1.0000","1.0000","0.0000","0.0000"
"100008730","BOAL00340","2.0000","1.0000","0.0000","0.0000","0.0000"
"100008730","BOAL00343","2.0000","1.0000","0.0000","0.0000","0.0000"
"100008730","BOAL00347","2.0000","1.0000","0.0000","0.0000","0.0000"
"100008730","BOAL00349","2.0000","1.0000","0.0000","0.0000","0.0000"
"100008730","48CAR-0052","1.0000","1.0000","0.0000","0.0000","0.0000"
"100008731","BOVE00084","2.0000","2.0000","2.0000","0.0000","0.0000"
"100008732","LLRFEU0146","1.0000","1.0000","1.0000","0.0000","0.0000"
"100008733","BOVE00447","1.0000","1.0000","1.0000","0.0000","0.0000"
"100008734","BOVE00376","1.0000","1.0000","1.0000","0.0000","1.0000"
"100008734","BOVE00375","1.0000","1.0000","1.0000","0.0000","1.0000"
"100008735","BGD0010010-BGD0010002-BOAL00373-BGD0010001-BGD0010006","1.0000","1.0000","1.0000","0.0000","0.0000"
"100008735","BGD0010002","2.0000","1.0000","0.0000","0.0000","0.0000"
"100008735","BOAL00373","2.0000","1.0000","0.0000","0.0000","0.0000"
"100008735","BGD0010001","2.0000","1.0000","0.0000","0.0000","0.0000"
"100008735","BGD0010006","2.0000","1.0000","0.0000","0.0000","0.0000"
"100008736","BOVE00547","1.0000","1.0000","1.0000","0.0000","0.0000"
"100008737","49MDF-0461","1.0000","1.0000","1.0000","0.0000","0.0000"
"100008738","BOAL01432-24CAR-0381-BOAL00209-BOAL00262-BOAL00220-BOAL00239-24CAR-0381","1.0000","0.0000","0.0000","1.0000","0.0000"
"100008738","BOAL00209","1.0000","0.0000","0.0000","0.0000","0.0000"
"100008738","BOAL00262","1.0000","0.0000","0.0000","0.0000","0.0000"
"100008738","BOAL00220","1.0000","0.0000","0.0000","0.0000","0.0000"
"100008738","BOAL00239","1.0000","0.0000","0.0000","0.0000","0.0000"
"100008738","24CAR-0381","1.0000","0.0000","0.0000","0.0000","0.0000"
"100008739","LLRVEN0088","1.0000","1.0000","1.0000","0.0000","0.0000"
"100008740","BOAL01457-51MDF-5100-BOAL00656-BOAL00661-BOAL00662-BOAL00663-51MDF-5100","1.0000","1.0000","1.0000","0.0000","0.0000"
"100008740","BOAL00656","2.0000","1.0000","0.0000","0.0000","0.0000"
"100008740","BOAL00661","2.0000","1.0000","0.0000","0.0000","0.0000"
"100008740","BOAL00662","2.0000","1.0000","0.0000","0.0000","0.0000"
"100008740","BOAL00663","2.0000","1.0000","0.0000","0.0000","0.0000"
"100008740","51MDF-5100","1.0000","1.0000","0.0000","0.0000","0.0000"
"100008740","BOAL00660","2.0000","2.0000","2.0000","0.0000","0.0000"
"100008740","BOAL00657","2.0000","2.0000","2.0000","0.0000","0.0000"
"100008741","BOAL01140-51MDF-5100-BOAL00177-BOAL00179-BOAL00183-BOAL00181-51MDF-5100","1.0000","1.0000","1.0000","0.0000","0.0000"
"100008741","BOAL00177","2.0000","1.0000","0.0000","0.0000","0.0000"
"100008741","BOAL00179","2.0000","1.0000","0.0000","0.0000","0.0000"
"100008741","BOAL00183","2.0000","1.0000","0.0000","0.0000","0.0000"
"100008741","BOAL00181","2.0000","1.0000","0.0000","0.0000","0.0000"
"100008741","51MDF-5100","1.0000","1.0000","0.0000","0.0000","0.0000"
"100008742","BOVE00468","2.0000","2.0000","2.0000","0.0000","0.0000"
"100008743","PBAR48032-60","1.0000","1.0000","1.0000","0.0000","0.0000"
"100008743","BOVE00558","1.0000","1.0000","1.0000","0.0000","0.0000"
"100008744","PFLE47742-01","3.0000","3.0000","3.0000","0.0000","0.0000"
"100008745","BGDCOL049-BGDCOL044-BGDCOL046-BGDCOL043-BGDCOL045","1.0000","1.0000","1.0000","0.0000","0.0000"
"100008745","BOAL00727","2.0000","2.0000","2.0000","0.0000","0.0000"
"100008746","ME00C51","1.0000","1.0000","1.0000","0.0000","0.0000"
"100008747","BOVA01305","3.0000","3.0000","3.0000","0.0000","0.0000"
"100008747","PCHA47841-03","1.0000","1.0000","1.0000","0.0000","0.0000"
"100008748","BOVE00556","1.0000","1.0000","1.0000","0.0000","0.0000"
"100008748","LLRHON0094","1.0000","1.0000","1.0000","0.0000","0.0000"
"100008748","LLRBUB0095","1.0000","1.0000","1.0000","0.0000","0.0000"
"100008749","BOVE00364","2.0000","2.0000","2.0000","0.0000","0.0000"
"100008749","BOVE00365","1.0000","1.0000","1.0000","0.0000","0.0000"
"100008749","BOVE00455","1.0000","1.0000","1.0000","0.0000","0.0000"
"100008750","BOVE00636","1.0000","1.0000","1.0000","0.0000","0.0000"
"100008751","BOVE00547","1.0000","1.0000","1.0000","0.0000","0.0000"
"100008751","BOVE00517","1.0000","1.0000","1.0000","0.0000","0.0000"
"100008752","BAM0030007-49MDF-0461-49MDF-0461-BAM0030001-BAM0030002-BAM0030003-BAM0030004","1.0000","1.0000","1.0000","0.0000","0.0000"
"100008752","49MDF-0461","1.0000","1.0000","0.0000","0.0000","0.0000"
"100008752","BAM0030001","2.0000","1.0000","0.0000","0.0000","0.0000"
"100008752","BAM0030002","2.0000","1.0000","0.0000","0.0000","0.0000"
"100008752","BAM0030003","2.0000","1.0000","0.0000","0.0000","0.0000"
"100008752","BAM0030004","2.0000","1.0000","0.0000","0.0000","0.0000"
"100008753","PPABAR0003","2.0000","2.0000","2.0000","0.0000","0.0000"
"100008754","LLRCOT0080","1.0000","1.0000","1.0000","0.0000","0.0000"
"100008754","LLRPER0061","1.0000","1.0000","1.0000","0.0000","0.0000"
"100008755","BOVE00281","1.0000","1.0000","1.0000","0.0000","0.0000"
"100008756","BOVE00537","2.0000","2.0000","2.0000","0.0000","0.0000"
"100008757","BOVE00116","2.0000","2.0000","2.0000","0.0000","0.0000"
"100008758","BOAL01433-BOAL00209-BOAL00262-BOAL00220-BOAL00239","1.0000","1.0000","1.0000","0.0000","0.0000"
"100008758","BOAL00209","2.0000","1.0000","0.0000","0.0000","0.0000"
"100008758","BOAL00262","2.0000","1.0000","0.0000","0.0000","0.0000"
"100008758","BOAL00220","2.0000","1.0000","0.0000","0.0000","0.0000"
"100008758","BOAL00239","2.0000","1.0000","0.0000","0.0000","0.0000"
"100008759","BOVE00109","1.0000","1.0000","1.0000","0.0000","0.0000"
"100008760","PPRE42565-00","2.0000","2.0000","2.0000","0.0000","0.0000"
"100008761","PCOF41498-01","1.0000","1.0000","1.0000","0.0000","0.0000"
"100008762","BOVE00468","1.0000","1.0000","1.0000","0.0000","0.0000"
"100008763","BOVE00508","2.0000","0.0000","0.0000","2.0000","0.0000"
"100008764","BOVE00508","2.0000","2.0000","2.0000","0.0000","0.0000"
"100008765","49MDF-0461","1.0000","1.0000","1.0000","0.0000","0.0000"
"100008766","BOVE00291","3.0000","3.0000","3.0000","0.0000","0.0000"
"100008767","BOVE00757","1.0000","1.0000","1.0000","0.0000","0.0000"
"100008768","BOAL01271-ME00C51-BOAL00478-BOAL00482-BOAL00484-BOAL00486-ME00C51","1.0000","1.0000","1.0000","0.0000","0.0000"
"100008768","BOAL00478","2.0000","1.0000","0.0000","0.0000","0.0000"
"100008768","BOAL00482","2.0000","1.0000","0.0000","0.0000","0.0000"
"100008768","BOAL00484","2.0000","1.0000","0.0000","0.0000","0.0000"
"100008768","BOAL00486","2.0000","1.0000","0.0000","0.0000","0.0000"
"100008768","ME00C51","1.0000","1.0000","0.0000","0.0000","0.0000"
"100008769","BOAL01186-BOAL00340-BOAL00343-BOAL00347-BOAL00349","1.0000","0.0000","0.0000","1.0000","0.0000"
"100008769","BOAL00340","2.0000","0.0000","0.0000","0.0000","0.0000"
"100008769","BOAL00343","2.0000","0.0000","0.0000","0.0000","0.0000"
"100008769","BOAL00347","2.0000","0.0000","0.0000","0.0000","0.0000"
"100008769","BOAL00349","2.0000","0.0000","0.0000","0.0000","0.0000"
"100008769","BOAL00222","2.0000","0.0000","0.0000","2.0000","0.0000"
"100008770","BOVA01351","1.0000","1.0000","1.0000","0.0000","0.0000"
"100008771","CCS0010010","6.0000","6.0000","6.0000","0.0000","0.0000"
"100008771","CCS0010011","6.0000","6.0000","6.0000","0.0000","0.0000"
"100008771","CCS0010002","6.0000","6.0000","6.0000","0.0000","0.0000"
"100008771","CCS0010012","6.0000","6.0000","6.0000","0.0000","0.0000"
"100008772","BOVE00517","1.0000","1.0000","1.0000","0.0000","0.0000"
"100008773","BOVE00100","1.0000","0.0000","0.0000","1.0000","0.0000"
"100008774","BOVE00520","1.0000","1.0000","1.0000","0.0000","0.0000"
"100008775","CBREXE0001","1.0000","1.0000","1.0000","0.0000","0.0000"
"100008775","BOVE00455","1.0000","1.0000","1.0000","0.0000","0.0000"
"100008776","PFLE47742-04","1.0000","1.0000","1.0000","0.0000","0.0000"
"100008777","BOVE00389","2.0000","0.0000","0.0000","2.0000","0.0000"
"100008778","BOVE00389","2.0000","0.0000","0.0000","2.0000","0.0000"
"100008779","BOVE00389","2.0000","2.0000","2.0000","0.0000","0.0000"
"100008780","BOVE00482","1.0000","1.0000","1.0000","0.0000","0.0000"
"100008780","BOVE00287","1.0000","1.0000","1.0000","0.0000","0.0000"
"100008781","BOVE00309","1.0000","1.0000","1.0000","0.0000","0.0000"
"100008782","CAR0070001","1.0000","1.0000","1.0000","0.0000","0.0000"
"100008782","BA00038","1.0000","1.0000","1.0000","0.0000","0.0000"
"100008782","BA00044","1.0000","1.0000","1.0000","0.0000","0.0000"
"100008783","BOVE00547","1.0000","1.0000","1.0000","0.0000","0.0000"
"100008784","BOVE00196","1.0000","1.0000","1.0000","0.0000","0.0000"
"100008784","BOVE00007","1.0000","1.0000","1.0000","0.0000","0.0000"
"100008784","BOCI00488","1.0000","1.0000","1.0000","0.0000","0.0000"
"100008784","PTAI48280-12","1.0000","1.0000","1.0000","0.0000","0.0000"
"100008784","PCUI48280-70","1.0000","1.0000","1.0000","0.0000","0.0000"
"100008784","PZES48280-92","1.0000","1.0000","1.0000","0.0000","0.0000"
"100008784","PFLE47742-13","1.0000","1.0000","1.0000","0.0000","0.0000"
"100008784","BOBB00073","1.0000","1.0000","1.0000","0.0000","0.0000"
"100008785","PFLE47742-01","3.0000","3.0000","3.0000","0.0000","0.0000"
"100008786","BOAL00189","2.0000","2.0000","2.0000","0.0000","0.0000"
"100008787","CCS0010014","4.0000","4.0000","4.0000","0.0000","0.0000"
"100008788","CCS0010002","11.0000","11.0000","11.0000","0.0000","0.0000"
"100008788","BOVA01324","1.0000","1.0000","1.0000","0.0000","0.0000"
"100008788","BOVA01323","2.0000","2.0000","2.0000","0.0000","0.0000"
"100008788","BOVA01322","5.0000","5.0000","5.0000","0.0000","0.0000"
"100008789","PBAR48032-45","2.0000","2.0000","2.0000","0.0000","0.0000"
"100008790","BOVE00170","1.0000","1.0000","1.0000","0.0000","0.0000"
"100008791","ME00480","2.0000","2.0000","2.0000","0.0000","0.0000"
"100008792","BOVA01203","1.0000","1.0000","1.0000","0.0000","0.0000"
"100008793","PAPP49844-01","1.0000","1.0000","1.0000","0.0000","0.0000"
"100008794","BOVE00132","2.0000","0.0000","0.0000","2.0000","0.0000"
"100008794","BOVE00129","2.0000","0.0000","0.0000","2.0000","0.0000"
"100008794","BOVE00133","2.0000","0.0000","0.0000","2.0000","0.0000"
"100008795","PPOT47606-02","4.0000","4.0000","4.0000","0.0000","0.0000"
"100008795","BOVE00524","1.0000","1.0000","1.0000","0.0000","0.0000"
"100008796","BOAL01183-49MDF-0461-49MDF-0461-BOAL00328-BOAL00327-BOAL00330-BOAL00329","1.0000","1.0000","1.0000","0.0000","0.0000"
"100008796","49MDF-0461","1.0000","1.0000","0.0000","0.0000","0.0000"
"100008796","BOAL00328","2.0000","1.0000","0.0000","0.0000","0.0000"
"100008796","BOAL00327","2.0000","1.0000","0.0000","0.0000","0.0000"
"100008796","BOAL00330","2.0000","1.0000","0.0000","0.0000","0.0000"
"100008796","BOAL00329","2.0000","1.0000","0.0000","0.0000","0.0000"
"100008797","BOVE00327","2.0000","2.0000","2.0000","0.0000","0.0000"
"100008798","PMESU41604-00","1.0000","1.0000","1.0000","0.0000","0.0000"
"100008799","BOVE00224","1.0000","1.0000","1.0000","0.0000","0.0000"
"100008800","BOVE00309","1.0000","1.0000","1.0000","0.0000","0.0000"
"100008801","BOAL00319","2.0000","2.0000","2.0000","0.0000","0.0000"
"100008801","BOAL00322","2.0000","2.0000","2.0000","0.0000","0.0000"
"100008802","48CAR-0052","1.0000","1.0000","1.0000","0.0000","0.0000"
"100008803","BOVE00343","1.0000","1.0000","1.0000","0.0000","0.0000"
"100008804","LLRARU0124","1.0000","1.0000","1.0000","0.0000","0.0000"
"100008804","LLRARU0100-LLRARU0100-1-LLRARU0100-2","1.0000","1.0000","1.0000","0.0000","0.0000"
"100008804","LLRARU0100-1","1.0000","1.0000","0.0000","0.0000","0.0000"
"100008804","LLRARU0100-2","1.0000","1.0000","0.0000","0.0000","0.0000"
"100008805","BOAL01226-BOAL00398-BOAL00403-BOAL00404-BOAL00406","1.0000","1.0000","1.0000","0.0000","0.0000"
"100008805","BOAL00398","2.0000","1.0000","0.0000","0.0000","0.0000"
"100008805","BOAL00403","2.0000","1.0000","0.0000","0.0000","0.0000"
"100008805","BOAL00404","2.0000","1.0000","0.0000","0.0000","0.0000"
"100008805","BOAL00406","2.0000","1.0000","0.0000","0.0000","0.0000"
"100008806","PSHAK41483-04","1.0000","1.0000","1.0000","0.0000","0.0000"
"100008807","PCUI48278-15","1.0000","1.0000","1.0000","0.0000","0.0000"
"100008808","BOAL00321","2.0000","2.0000","2.0000","0.0000","0.0000"
"100008808","BOAL00325","2.0000","2.0000","2.0000","0.0000","0.0000"
"100008808","ME00C127","1.0000","1.0000","1.0000","0.0000","0.0000"
"100008809","BOAL01183-51MDF-5100-51MDF-5100-BOAL00328-BOAL00327-BOAL00330-BOAL00329","1.0000","1.0000","1.0000","0.0000","0.0000"
"100008809","51MDF-5100","1.0000","1.0000","0.0000","0.0000","0.0000"
"100008809","BOAL00328","2.0000","1.0000","0.0000","0.0000","0.0000"
"100008809","BOAL00327","2.0000","1.0000","0.0000","0.0000","0.0000"
"100008809","BOAL00330","2.0000","1.0000","0.0000","0.0000","0.0000"
"100008809","BOAL00329","2.0000","1.0000","0.0000","0.0000","0.0000"
"100008810","BOVE00524","1.0000","1.0000","1.0000","0.0000","0.0000"
"100008811","LLRLON0116","1.0000","1.0000","1.0000","0.0000","0.0000"
"100008812","BOBB00112","1.0000","1.0000","1.0000","0.0000","0.0000"
"100008813","BOVE00255","1.0000","1.0000","1.0000","0.0000","0.0000"
"100008814","BOAL01226-BOAL00398-BOAL00403-BOAL00404-BOAL00406","1.0000","1.0000","1.0000","0.0000","0.0000"
"100008814","BOAL00398","2.0000","1.0000","0.0000","0.0000","0.0000"
"100008814","BOAL00403","2.0000","1.0000","0.0000","0.0000","0.0000"
"100008814","BOAL00404","2.0000","1.0000","0.0000","0.0000","0.0000"
"100008814","BOAL00406","2.0000","1.0000","0.0000","0.0000","0.0000"
"100008814","49MDF-0461","1.0000","1.0000","1.0000","0.0000","0.0000"
"100008815","BOVE00391IB","1.0000","1.0000","1.0000","0.0000","0.0000"
"100008816","BOVE00720","7.0000","7.0000","7.0000","0.0000","0.0000"
"100008816","CARPIC0003","4.0000","4.0000","4.0000","0.0000","0.0000"
"100008817","BOAL01076-BOAL00109-BOAL00111-BOAL00113-BOAL00116","1.0000","1.0000","1.0000","0.0000","0.0000"
"100008817","BOAL00109","1.0000","1.0000","0.0000","0.0000","0.0000"
"100008817","BOAL00111","1.0000","1.0000","0.0000","0.0000","0.0000"
"100008817","BOAL00113","1.0000","1.0000","0.0000","0.0000","0.0000"
"100008817","BOAL00116","1.0000","1.0000","0.0000","0.0000","0.0000"
"100008818","BOVE00503","1.0000","1.0000","1.0000","0.0000","0.0000"
"100008819","PFLE47742-29","1.0000","1.0000","1.0000","0.0000","0.0000"
"100008820","BOVE00547","1.0000","1.0000","1.0000","0.0000","0.0000"
"100008821","48CAR-0052","2.0000","2.0000","2.0000","0.0000","0.0000"
"100008822","CCS0010011","15.0000","15.0000","15.0000","0.0000","0.0000"
"100008823","ME00C51","1.0000","1.0000","1.0000","0.0000","0.0000"
"100008824","BOVE00588","1.0000","1.0000","1.0000","0.0000","0.0000"
"100008824","BOVE00586","1.0000","1.0000","1.0000","0.0000","0.0000"
"100008824","BOVE00587","1.0000","1.0000","1.0000","0.0000","0.0000"
"100008824","BOVE00590","1.0000","1.0000","1.0000","0.0000","0.0000"
"100008824","PCOU48280-38","1.0000","1.0000","1.0000","0.0000","0.0000"
"100008825","BOVE00547","1.0000","1.0000","1.0000","0.0000","0.0000"
"100008826","49MDF-0461","1.0000","1.0000","1.0000","0.0000","0.0000"
"100008827","48CAR-0052","1.0000","1.0000","1.0000","0.0000","0.0000"
"100008828","BOCI00290","1.0000","1.0000","1.0000","0.0000","0.0000"
"100008829","BGDCOL027-BGDCOL023-BGDCOL025-BGDCOL022-BGDCOL024","1.0000","1.0000","1.0000","0.0000","0.0000"
"100008829","BGDCOL023","1.0000","1.0000","0.0000","0.0000","0.0000"
"100008829","BGDCOL025","1.0000","1.0000","0.0000","0.0000","0.0000"
"100008829","BGDCOL022","1.0000","1.0000","0.0000","0.0000","0.0000"
"100008829","BGDCOL024","1.0000","1.0000","0.0000","0.0000","0.0000"
"100008829","LLW-1316B","1.0000","1.0000","1.0000","0.0000","0.0000"
"100008829","BOCI00480","1.0000","1.0000","1.0000","0.0000","0.0000"
"100008830","BGDCOL033-BGDCOL030-BGDCOL032-BGDCOL031","1.0000","1.0000","1.0000","0.0000","0.0000"
"100008830","BGDCOL030","1.0000","1.0000","0.0000","0.0000","0.0000"
"100008830","BGDCOL032","1.0000","1.0000","0.0000","0.0000","0.0000"
"100008830","BGDCOL031","1.0000","1.0000","0.0000","0.0000","0.0000"
"100008831","BOVA01182","4.0000","4.0000","4.0000","0.0000","0.0000"
"100008832","BOVE00469","2.0000","2.0000","2.0000","0.0000","0.0000"
"100008833","LLRRIN0147-LLRRIN0147-1-LLRRIN0147-2","1.0000","1.0000","1.0000","0.0000","0.0000"
"100008833","LLRRIN0147-1","1.0000","1.0000","0.0000","0.0000","0.0000"
"100008833","LLRRIN0147-2","1.0000","1.0000","0.0000","0.0000","0.0000"
"100008834","BCO0030038","2.0000","2.0000","2.0000","0.0000","0.0000"
"100008835","BOVA00006","8.0000","8.0000","8.0000","0.0000","0.0000"
"100008836","LLRBOR0119","1.0000","1.0000","1.0000","0.0000","0.0000"
"100008837","BBR0010002","1.0000","1.0000","1.0000","0.0000","0.0000"
"100008838","BOVE00311","1.0000","1.0000","1.0000","0.0000","0.0000"
"100008838","BOVE00446","1.0000","1.0000","1.0000","0.0000","0.0000"
"100008839","BOBB00121","1.0000","1.0000","1.0000","0.0000","0.0000"
"100008839","PMESU41604-00","1.0000","1.0000","1.0000","0.0000","0.0000"
"100008840","BOVE00393","1.0000","1.0000","1.0000","0.0000","0.0000"
"100008841","ME00C51","1.0000","1.0000","1.0000","0.0000","0.0000"
"300000076","BOVE00478","1.0000","1.0000","1.0000","0.0000","0.0000"
"100008842","BCO0040055-51MDF-5100-51MDF-5100-BCO0040049-BCO0040050-BCO0040051-BCO0040052","1.0000","1.0000","1.0000","0.0000","0.0000"
"100008842","51MDF-5100","1.0000","1.0000","0.0000","0.0000","0.0000"
"100008842","BCO0040049","2.0000","1.0000","0.0000","0.0000","0.0000"
"100008842","BCO0040050","2.0000","1.0000","0.0000","0.0000","0.0000"
"100008842","BCO0040051","2.0000","1.0000","0.0000","0.0000","0.0000"
"100008842","BCO0040052","2.0000","1.0000","0.0000","0.0000","0.0000"
"100008843","BOAL01245-BOAL00428-BOAL00433-BOAL00434-BOAL00436-BOAL00430-BOAL00431-BOAL00435","1.0000","0.0000","0.0000","1.0000","0.0000"
"100008843","BOAL00428","1.0000","0.0000","0.0000","0.0000","0.0000"
"100008843","BOAL00433","1.0000","0.0000","0.0000","0.0000","0.0000"
"100008843","BOAL00434","1.0000","0.0000","0.0000","0.0000","0.0000"
"100008843","BOAL00436","1.0000","0.0000","0.0000","0.0000","0.0000"
"100008843","BOAL00430","1.0000","0.0000","0.0000","0.0000","0.0000"
"100008843","BOAL00431","1.0000","0.0000","0.0000","0.0000","0.0000"
"100008843","BOAL00435","1.0000","0.0000","0.0000","0.0000","0.0000"
"100008844","BOAL01245-BOAL00428-BOAL00433-BOAL00434-BOAL00436-BOAL00430-BOAL00431-BOAL00435","1.0000","0.0000","0.0000","1.0000","0.0000"
"100008844","BOAL00428","1.0000","0.0000","0.0000","0.0000","0.0000"
"100008844","BOAL00433","1.0000","0.0000","0.0000","0.0000","0.0000"
"100008844","BOAL00434","1.0000","0.0000","0.0000","0.0000","0.0000"
"100008844","BOAL00436","1.0000","0.0000","0.0000","0.0000","0.0000"
"100008844","BOAL00430","1.0000","0.0000","0.0000","0.0000","0.0000"
"100008844","BOAL00431","1.0000","0.0000","0.0000","0.0000","0.0000"
"100008844","BOAL00435","1.0000","0.0000","0.0000","0.0000","0.0000"
"100008845","BOAL01245-BOAL00428-BOAL00433-BOAL00434-BOAL00436-BOAL00430-BOAL00431-BOAL00435","1.0000","0.0000","0.0000","1.0000","0.0000"
"100008845","BOAL00428","1.0000","0.0000","0.0000","0.0000","0.0000"
"100008845","BOAL00433","1.0000","0.0000","0.0000","0.0000","0.0000"
"100008845","BOAL00434","1.0000","0.0000","0.0000","0.0000","0.0000"
"100008845","BOAL00436","1.0000","0.0000","0.0000","0.0000","0.0000"
"100008845","BOAL00430","1.0000","0.0000","0.0000","0.0000","0.0000"
"100008845","BOAL00431","1.0000","0.0000","0.0000","0.0000","0.0000"
"100008845","BOAL00435","1.0000","0.0000","0.0000","0.0000","0.0000"
"100008846","BOAL01245-BOAL00428-BOAL00433-BOAL00434-BOAL00436-BOAL00430-BOAL00431-BOAL00435","1.0000","0.0000","0.0000","1.0000","0.0000"
"100008846","BOAL00428","1.0000","0.0000","0.0000","0.0000","0.0000"
"100008846","BOAL00433","1.0000","0.0000","0.0000","0.0000","0.0000"
"100008846","BOAL00434","1.0000","0.0000","0.0000","0.0000","0.0000"
"100008846","BOAL00436","1.0000","0.0000","0.0000","0.0000","0.0000"
"100008846","BOAL00430","1.0000","0.0000","0.0000","0.0000","0.0000"
"100008846","BOAL00431","1.0000","0.0000","0.0000","0.0000","0.0000"
"100008846","BOAL00435","1.0000","0.0000","0.0000","0.0000","0.0000"
"100008847","BOAL01245-BOAL00428-BOAL00433-BOAL00434-BOAL00436-BOAL00430-BOAL00431-BOAL00435","1.0000","0.0000","0.0000","1.0000","0.0000"
"100008847","BOAL00428","1.0000","0.0000","0.0000","0.0000","0.0000"
"100008847","BOAL00433","1.0000","0.0000","0.0000","0.0000","0.0000"
"100008847","BOAL00434","1.0000","0.0000","0.0000","0.0000","0.0000"
"100008847","BOAL00436","1.0000","0.0000","0.0000","0.0000","0.0000"
"100008847","BOAL00430","1.0000","0.0000","0.0000","0.0000","0.0000"
"100008847","BOAL00431","1.0000","0.0000","0.0000","0.0000","0.0000"
"100008847","BOAL00435","1.0000","0.0000","0.0000","0.0000","0.0000"
"100008848","BOAL01245-BOAL00428-BOAL00433-BOAL00434-BOAL00436-BOAL00430-BOAL00431-BOAL00435","1.0000","0.0000","0.0000","1.0000","0.0000"
"100008848","BOAL00428","1.0000","0.0000","0.0000","0.0000","0.0000"
"100008848","BOAL00433","1.0000","0.0000","0.0000","0.0000","0.0000"
"100008848","BOAL00434","1.0000","0.0000","0.0000","0.0000","0.0000"
"100008848","BOAL00436","1.0000","0.0000","0.0000","0.0000","0.0000"
"100008848","BOAL00430","1.0000","0.0000","0.0000","0.0000","0.0000"
"100008848","BOAL00431","1.0000","0.0000","0.0000","0.0000","0.0000"
"100008848","BOAL00435","1.0000","0.0000","0.0000","0.0000","0.0000"
"100008849","BOAL01245-BOAL00428-BOAL00433-BOAL00434-BOAL00436-BOAL00430-BOAL00431-BOAL00435","1.0000","0.0000","0.0000","1.0000","0.0000"
"100008849","BOAL00428","1.0000","0.0000","0.0000","0.0000","0.0000"
"100008849","BOAL00433","1.0000","0.0000","0.0000","0.0000","0.0000"
"100008849","BOAL00434","1.0000","0.0000","0.0000","0.0000","0.0000"
"100008849","BOAL00436","1.0000","0.0000","0.0000","0.0000","0.0000"
"100008849","BOAL00430","1.0000","0.0000","0.0000","0.0000","0.0000"
"100008849","BOAL00431","1.0000","0.0000","0.0000","0.0000","0.0000"
"100008849","BOAL00435","1.0000","0.0000","0.0000","0.0000","0.0000"
"100008850","BOAL01245-BOAL00428-BOAL00433-BOAL00434-BOAL00436-BOAL00430-BOAL00431-BOAL00435","1.0000","0.0000","0.0000","1.0000","0.0000"
"100008850","BOAL00428","1.0000","0.0000","0.0000","0.0000","0.0000"
"100008850","BOAL00433","1.0000","0.0000","0.0000","0.0000","0.0000"
"100008850","BOAL00434","1.0000","0.0000","0.0000","0.0000","0.0000"
"100008850","BOAL00436","1.0000","0.0000","0.0000","0.0000","0.0000"
"100008850","BOAL00430","1.0000","0.0000","0.0000","0.0000","0.0000"
"100008850","BOAL00431","1.0000","0.0000","0.0000","0.0000","0.0000"
"100008850","BOAL00435","1.0000","0.0000","0.0000","0.0000","0.0000"
"100008851","BOAL01245-BOAL00428-BOAL00433-BOAL00434-BOAL00436-BOAL00430-BOAL00431-BOAL00435","1.0000","0.0000","0.0000","1.0000","0.0000"
"100008851","BOAL00428","1.0000","0.0000","0.0000","0.0000","0.0000"
"100008851","BOAL00433","1.0000","0.0000","0.0000","0.0000","0.0000"
"100008851","BOAL00434","1.0000","0.0000","0.0000","0.0000","0.0000"
"100008851","BOAL00436","1.0000","0.0000","0.0000","0.0000","0.0000"
"100008851","BOAL00430","1.0000","0.0000","0.0000","0.0000","0.0000"
"100008851","BOAL00431","1.0000","0.0000","0.0000","0.0000","0.0000"
"100008851","BOAL00435","1.0000","0.0000","0.0000","0.0000","0.0000"
"100008852","BOAL01245-BOAL00428-BOAL00433-BOAL00434-BOAL00436-BOAL00430-BOAL00431-BOAL00435","1.0000","0.0000","0.0000","1.0000","0.0000"
"100008852","BOAL00428","1.0000","0.0000","0.0000","0.0000","0.0000"
"100008852","BOAL00433","1.0000","0.0000","0.0000","0.0000","0.0000"
"100008852","BOAL00434","1.0000","0.0000","0.0000","0.0000","0.0000"
"100008852","BOAL00436","1.0000","0.0000","0.0000","0.0000","0.0000"
"100008852","BOAL00430","1.0000","0.0000","0.0000","0.0000","0.0000"
"100008852","BOAL00431","1.0000","0.0000","0.0000","0.0000","0.0000"
"100008852","BOAL00435","1.0000","0.0000","0.0000","0.0000","0.0000"
"100008853","BOAL01245-BOAL00428-BOAL00433-BOAL00434-BOAL00436-BOAL00430-BOAL00431-BOAL00435","1.0000","0.0000","0.0000","1.0000","0.0000"
"100008853","BOAL00428","1.0000","0.0000","0.0000","0.0000","0.0000"
"100008853","BOAL00433","1.0000","0.0000","0.0000","0.0000","0.0000"
"100008853","BOAL00434","1.0000","0.0000","0.0000","0.0000","0.0000"
"100008853","BOAL00436","1.0000","0.0000","0.0000","0.0000","0.0000"
"100008853","BOAL00430","1.0000","0.0000","0.0000","0.0000","0.0000"
"100008853","BOAL00431","1.0000","0.0000","0.0000","0.0000","0.0000"
"100008853","BOAL00435","1.0000","0.0000","0.0000","0.0000","0.0000"
"100008854","BOAL01245-BOAL00428-BOAL00433-BOAL00434-BOAL00436-BOAL00430-BOAL00431-BOAL00435","1.0000","0.0000","0.0000","1.0000","0.0000"
"100008854","BOAL00428","1.0000","0.0000","0.0000","0.0000","0.0000"
"100008854","BOAL00433","1.0000","0.0000","0.0000","0.0000","0.0000"
"100008854","BOAL00434","1.0000","0.0000","0.0000","0.0000","0.0000"
"100008854","BOAL00436","1.0000","0.0000","0.0000","0.0000","0.0000"
"100008854","BOAL00430","1.0000","0.0000","0.0000","0.0000","0.0000"
"100008854","BOAL00431","1.0000","0.0000","0.0000","0.0000","0.0000"
"100008854","BOAL00435","1.0000","0.0000","0.0000","0.0000","0.0000"
"100008855","BOAL01245-BOAL00428-BOAL00433-BOAL00434-BOAL00436-BOAL00430-BOAL00431-BOAL00435","1.0000","0.0000","0.0000","1.0000","0.0000"
"100008855","BOAL00428","1.0000","0.0000","0.0000","0.0000","0.0000"
"100008855","BOAL00433","1.0000","0.0000","0.0000","0.0000","0.0000"
"100008855","BOAL00434","1.0000","0.0000","0.0000","0.0000","0.0000"
"100008855","BOAL00436","1.0000","0.0000","0.0000","0.0000","0.0000"
"100008855","BOAL00430","1.0000","0.0000","0.0000","0.0000","0.0000"
"100008855","BOAL00431","1.0000","0.0000","0.0000","0.0000","0.0000"
"100008855","BOAL00435","1.0000","0.0000","0.0000","0.0000","0.0000"
"100008856","BOAL01245-BOAL00428-BOAL00433-BOAL00434-BOAL00436-BOAL00430-BOAL00431-BOAL00435","1.0000","0.0000","0.0000","1.0000","0.0000"
"100008856","BOAL00428","1.0000","0.0000","0.0000","0.0000","0.0000"
"100008856","BOAL00433","1.0000","0.0000","0.0000","0.0000","0.0000"
"100008856","BOAL00434","1.0000","0.0000","0.0000","0.0000","0.0000"
"100008856","BOAL00436","1.0000","0.0000","0.0000","0.0000","0.0000"
"100008856","BOAL00430","1.0000","0.0000","0.0000","0.0000","0.0000"
"100008856","BOAL00431","1.0000","0.0000","0.0000","0.0000","0.0000"
"100008856","BOAL00435","1.0000","0.0000","0.0000","0.0000","0.0000"
"100008857","49MDF-0461","1.0000","1.0000","1.0000","0.0000","0.0000"
"100008858","LLRCOT0079","2.0000","2.0000","2.0000","0.0000","0.0000"
"100008859","BOVE00547","2.0000","2.0000","2.0000","0.0000","0.0000"
"100008860","BOVE00394","2.0000","2.0000","2.0000","0.0000","0.0000"
"100008861","48CAR-0052","2.0000","2.0000","2.0000","0.0000","2.0000"
"100008861","ME00C24","1.0000","1.0000","1.0000","0.0000","1.0000"
"100008862","BOAL01245-BOAL00428-BOAL00433-BOAL00434-BOAL00436-BOAL00430-BOAL00431-BOAL00435","1.0000","1.0000","1.0000","0.0000","0.0000"
"100008862","BOAL00428","1.0000","1.0000","0.0000","0.0000","0.0000"
"100008862","BOAL00433","1.0000","1.0000","0.0000","0.0000","0.0000"
"100008862","BOAL00434","1.0000","1.0000","0.0000","0.0000","0.0000"
"100008862","BOAL00436","1.0000","1.0000","0.0000","0.0000","0.0000"
"100008862","BOAL00430","1.0000","1.0000","0.0000","0.0000","0.0000"
"100008862","BOAL00431","1.0000","1.0000","0.0000","0.0000","0.0000"
"100008862","BOAL00435","1.0000","1.0000","0.0000","0.0000","0.0000"
"100008863","BOAL01002-BOAL00023-BOAL00026-BOAL00029-BOAL00031","1.0000","1.0000","1.0000","0.0000","0.0000"
"100008863","BOAL00023","2.0000","1.0000","0.0000","0.0000","0.0000"
"100008863","BOAL00026","2.0000","1.0000","0.0000","0.0000","0.0000"
"100008863","BOAL00029","2.0000","1.0000","0.0000","0.0000","0.0000"
"100008863","BOAL00031","2.0000","1.0000","0.0000","0.0000","0.0000"
"100008863","51MDF-5100","1.0000","1.0000","1.0000","0.0000","0.0000"
"100008864","ME00C127","1.0000","1.0000","1.0000","0.0000","1.0000"
"100008865","BOAL01183-48CAR-0052-48CAR-0052-BOAL00328-BOAL00327-BOAL00330-BOAL00329","1.0000","1.0000","1.0000","0.0000","0.0000"
"100008865","48CAR-0052","1.0000","1.0000","0.0000","0.0000","0.0000"
"100008865","BOAL00328","2.0000","1.0000","0.0000","0.0000","0.0000"
"100008865","BOAL00327","2.0000","1.0000","0.0000","0.0000","0.0000"
"100008865","BOAL00330","2.0000","1.0000","0.0000","0.0000","0.0000"
"100008865","BOAL00329","2.0000","1.0000","0.0000","0.0000","0.0000"
"100008866","BOVE00540","1.0000","1.0000","1.0000","0.0000","0.0000"
"100008867","BOAL01503","4.0000","4.0000","4.0000","0.0000","0.0000"
"100008867","BOVE00224","2.0000","2.0000","2.0000","0.0000","0.0000"
"100008867","BOVE00468","1.0000","1.0000","1.0000","0.0000","0.0000"
"100008868","BGDCOL066","1.0000","1.0000","1.0000","0.0000","0.0000"
"100008868","BOVA01369","1.0000","1.0000","1.0000","0.0000","0.0000"
"100008868","BFBTAS001-BOVA01428-BOVA01408","1.0000","1.0000","1.0000","0.0000","0.0000"
"100008868","BOVA01428","6.0000","1.0000","0.0000","0.0000","0.0000"
"100008868","BOVA01408","6.0000","1.0000","0.0000","0.0000","0.0000"
"100008868","BOVE00659","1.0000","1.0000","1.0000","0.0000","0.0000"
"100008869","BOVE00513","1.0000","1.0000","1.0000","0.0000","0.0000"
"100008870","ME00C51","1.0000","1.0000","1.0000","0.0000","0.0000"
"100008871","BOVE00174","2.0000","2.0000","2.0000","0.0000","0.0000"
"100008871","BOVE00172","2.0000","2.0000","2.0000","0.0000","0.0000"
"100008871","BOVE00173","2.0000","2.0000","2.0000","0.0000","0.0000"
"100008872","BOVE00307","4.0000","4.0000","4.0000","0.0000","0.0000"
"100008872","PFLE47742-47","1.0000","1.0000","1.0000","0.0000","0.0000"
"100008872","PFLE47742-37","1.0000","1.0000","1.0000","0.0000","0.0000"
"100008873","BET0110002-BOAL00607-BOAL00613-BOAL00615-BOAL00609","1.0000","0.0000","0.0000","1.0000","0.0000"
"100008873","BOAL00607","1.0000","0.0000","0.0000","0.0000","0.0000"
"100008873","BOAL00613","1.0000","0.0000","0.0000","0.0000","0.0000"
"100008873","BOAL00615","1.0000","0.0000","0.0000","0.0000","0.0000"
"100008873","BOAL00609","1.0000","0.0000","0.0000","0.0000","0.0000"
"100008874","BET0110002-BOAL00607-BOAL00613-BOAL00615-BOAL00609","1.0000","1.0000","1.0000","0.0000","0.0000"
"100008874","BOAL00607","1.0000","1.0000","0.0000","0.0000","0.0000"
"100008874","BOAL00613","1.0000","1.0000","0.0000","0.0000","0.0000"
"100008874","BOAL00615","1.0000","1.0000","0.0000","0.0000","0.0000"
"100008874","BOAL00609","1.0000","1.0000","0.0000","0.0000","0.0000"
"100008875","PPIQ41594-12","2.0000","2.0000","2.0000","0.0000","0.0000"
"100008875","BOAL00744","2.0000","2.0000","2.0000","0.0000","0.0000"
"100008876","CCS0010002","6.0000","6.0000","6.0000","0.0000","0.0000"
"100008877","BOVE00503","1.0000","1.0000","1.0000","0.0000","0.0000"
"100008877","BOVE00283","1.0000","1.0000","1.0000","0.0000","0.0000"
"100008877","BOVE00284","1.0000","1.0000","1.0000","0.0000","0.0000"
"100008877","BOBB00032","1.0000","1.0000","1.0000","0.0000","0.0000"
"100008878","BOVE00117","1.0000","1.0000","1.0000","0.0000","0.0000"
"100008879","FREV000977","8.0000","8.0000","8.0000","0.0000","0.0000"
"100008880","BOBB00038","1.0000","1.0000","1.0000","0.0000","0.0000"
"100008881","PMESU41604-00","2.0000","2.0000","2.0000","0.0000","0.0000"
"100008881","BOVE00501","2.0000","2.0000","2.0000","0.0000","0.0000"
"100008882","BOVE00603","1.0000","1.0000","1.0000","0.0000","0.0000"
"100008883","FFE0060009","1.0000","1.0000","1.0000","0.0000","0.0000"
"100008884","BET0140003-48CAR-0052-48CAR-0052-BOAL00648-BOAL00651-BOAL00655-BOAL00652","1.0000","1.0000","1.0000","0.0000","0.0000"
"100008884","48CAR-0052","1.0000","1.0000","0.0000","0.0000","0.0000"
"100008884","BOAL00648","2.0000","1.0000","0.0000","0.0000","0.0000"
"100008884","BOAL00651","2.0000","1.0000","0.0000","0.0000","0.0000"
"100008884","BOAL00655","2.0000","1.0000","0.0000","0.0000","0.0000"
"100008884","BOAL00652","2.0000","1.0000","0.0000","0.0000","0.0000"
"100008885","24MDF-0456","1.0000","1.0000","1.0000","0.0000","0.0000"
"100008886","BOAL01270-24CAR-0381-BOAL00478-BOAL00482-BOAL00484-BOAL00486-24CAR-0381","1.0000","1.0000","1.0000","0.0000","0.0000"
"100008886","BOAL00478","1.0000","1.0000","0.0000","0.0000","0.0000"
"100008886","BOAL00482","1.0000","1.0000","0.0000","0.0000","0.0000"
"100008886","BOAL00484","1.0000","1.0000","0.0000","0.0000","0.0000"
"100008886","BOAL00486","1.0000","1.0000","0.0000","0.0000","0.0000"
"100008886","24CAR-0381","1.0000","1.0000","0.0000","0.0000","0.0000"
"100008887","BOVE00447","1.0000","0.0000","0.0000","1.0000","0.0000"
"100008888","BOVE00447","1.0000","0.0000","0.0000","1.0000","0.0000"
"100008889","BOVE00358","1.0000","1.0000","1.0000","0.0000","0.0000"
"100008889","BOVE00539","1.0000","1.0000","1.0000","0.0000","0.0000"
"100008890","BOVE00447","1.0000","0.0000","0.0000","1.0000","0.0000"
"100008891","BOVE00447","1.0000","0.0000","0.0000","1.0000","0.0000"
"100008892","BOAL01217-BOAL00388-BOAL00393-BOAL00394-BOAL00396","2.0000","2.0000","2.0000","0.0000","0.0000"
"100008892","BOAL00388","2.0000","1.0000","0.0000","0.0000","0.0000"
"100008892","BOAL00393","2.0000","1.0000","0.0000","0.0000","0.0000"
"100008892","BOAL00394","2.0000","1.0000","0.0000","0.0000","0.0000"
"100008892","BOAL00396","2.0000","1.0000","0.0000","0.0000","0.0000"
"100008892","48CAR-0052","1.0000","1.0000","1.0000","0.0000","0.0000"
"100008893","ME00003","1.0000","1.0000","1.0000","0.0000","0.0000"
"100008893","PBOU41608-08","1.0000","1.0000","1.0000","0.0000","0.0000"
"100008894","BET0120003-BOAL00617-BOAL00623-BOAL00625-BOAL00619","1.0000","0.0000","0.0000","1.0000","0.0000"
"100008894","BOAL00617","2.0000","0.0000","0.0000","0.0000","0.0000"
"100008894","BOAL00623","2.0000","0.0000","0.0000","0.0000","0.0000"
"100008894","BOAL00625","2.0000","0.0000","0.0000","0.0000","0.0000"
"100008894","BOAL00619","2.0000","0.0000","0.0000","0.0000","0.0000"
"100008894","BOAL00721","1.0000","0.0000","0.0000","1.0000","0.0000"
"100008895","BET0120003-BOAL00617-BOAL00623-BOAL00625-BOAL00619","1.0000","1.0000","1.0000","0.0000","0.0000"
"100008895","BOAL00617","2.0000","1.0000","0.0000","0.0000","0.0000"
"100008895","BOAL00623","2.0000","1.0000","0.0000","0.0000","0.0000"
"100008895","BOAL00625","2.0000","1.0000","0.0000","0.0000","0.0000"
"100008895","BOAL00619","2.0000","1.0000","0.0000","0.0000","0.0000"
"100008895","BOAL00721","1.0000","1.0000","1.0000","0.0000","0.0000"
"100008896","CCS0010014","3.0000","3.0000","3.0000","0.0000","3.0000"
"100008897","PVASQ44946-02","1.0000","1.0000","1.0000","0.0000","0.0000"
"100008898","PPLAN42522-00","1.0000","1.0000","1.0000","0.0000","0.0000"
"300000077","CCS0010002","8.0000","8.0000","8.0000","0.0000","0.0000"
"100008899","BOVE00559","3.0000","3.0000","3.0000","0.0000","0.0000"
"100008900","LLRABE0019","2.0000","2.0000","2.0000","0.0000","0.0000"
"100008901","CAR0010002","1.0000","1.0000","1.0000","0.0000","0.0000"
"100008902","PFLE47742-01","2.0000","2.0000","2.0000","0.0000","0.0000"
"100008903","BOVE00485","4.0000","4.0000","4.0000","0.0000","0.0000"
"100008904","LLRABE0010","2.0000","2.0000","2.0000","0.0000","0.0000"
"100008904","BOVE00395","1.0000","1.0000","1.0000","0.0000","0.0000"
"100008905","BOVE00447","1.0000","1.0000","1.0000","0.0000","0.0000"
"100008906","BOVE00597","1.0000","0.0000","0.0000","1.0000","0.0000"
"100008907","BOAL01174-BOAL00317-BOAL00321-BOAL00323-BOAL00325","1.0000","1.0000","1.0000","0.0000","1.0000"
"100008907","BOAL00317","2.0000","1.0000","0.0000","0.0000","2.0000"
"100008907","BOAL00321","2.0000","1.0000","0.0000","0.0000","2.0000"
"100008907","BOAL00323","2.0000","1.0000","0.0000","0.0000","2.0000"
"100008907","BOAL00325","2.0000","1.0000","0.0000","0.0000","2.0000"
"100008908","PPOCH47119-35","2.0000","0.0000","0.0000","2.0000","0.0000"
"100008909","BOVA01080","12.0000","12.0000","12.0000","0.0000","0.0000"
"100008909","BOVA01081","12.0000","12.0000","12.0000","0.0000","0.0000"
"100008909","CCO0120013-CCO0120002-CCO0120001-CCO0120003-CCO0120004","1.0000","1.0000","1.0000","0.0000","0.0000"
"100008909","CCO0120002","2.0000","1.0000","0.0000","0.0000","0.0000"
"100008909","CCO0120001","2.0000","1.0000","0.0000","0.0000","0.0000"
"100008909","CCO0120003","2.0000","1.0000","0.0000","0.0000","0.0000"
"100008909","CCO0120004","2.0000","1.0000","0.0000","0.0000","0.0000"
"100008910","LLRARU0100-LLRARU0100-1-LLRARU0100-2","1.0000","1.0000","1.0000","0.0000","0.0000"
"100008910","LLRARU0100-1","1.0000","1.0000","0.0000","0.0000","0.0000"
"100008910","LLRARU0100-2","1.0000","1.0000","0.0000","0.0000","0.0000"
"100008911","48CAR-0052","2.0000","2.0000","2.0000","0.0000","0.0000"
"100008912","BBR0010001","1.0000","1.0000","1.0000","0.0000","0.0000"
"100008913","BCO0010010","1.0000","1.0000","1.0000","0.0000","0.0000"
"100008913","BCO0010009","1.0000","1.0000","1.0000","0.0000","0.0000"
"100008913","BCO0010011-BCO0010004-BCO0010001-BCO0010002-BCO0010003","1.0000","1.0000","1.0000","0.0000","0.0000"
"100008913","BCO0010004","1.0000","1.0000","1.0000","0.0000","0.0000"
"100008913","BCO0010001","1.0000","1.0000","1.0000","0.0000","0.0000"
"100008913","BCO0010002","1.0000","1.0000","1.0000","0.0000","0.0000"
"100008913","BCO0010003","1.0000","1.0000","1.0000","0.0000","0.0000"
"100008913","51MDF-5100","1.0000","1.0000","1.0000","0.0000","0.0000"
"100008914","BOVE00503","1.0000","1.0000","1.0000","0.0000","0.0000"
"100008915","BOVE00503","1.0000","0.0000","0.0000","1.0000","0.0000"
"100008916","CCS0010002","6.0000","6.0000","6.0000","0.0000","0.0000"
"100008917","BOVE00615","1.0000","1.0000","1.0000","0.0000","0.0000"
"100008918","BOVE00313","1.0000","1.0000","1.0000","0.0000","0.0000"
"100008919","PCOF41498-01","1.0000","1.0000","1.0000","0.0000","0.0000"
"100008920","BET0110003-48CAR-0052-48CAR-0052-BOAL00607-BOAL00613-BOAL00615-BOAL00609","1.0000","1.0000","1.0000","0.0000","0.0000"
"100008920","48CAR-0052","1.0000","1.0000","0.0000","0.0000","0.0000"
"100008920","BOAL00607","2.0000","1.0000","0.0000","0.0000","0.0000"
"100008920","BOAL00613","2.0000","1.0000","0.0000","0.0000","0.0000"
"100008920","BOAL00615","2.0000","1.0000","0.0000","0.0000","0.0000"
"100008920","BOAL00609","2.0000","1.0000","0.0000","0.0000","0.0000"
"100008921","BOVE00021","3.0000","3.0000","3.0000","0.0000","0.0000"
"100008922","BOVE00068","1.0000","1.0000","1.0000","0.0000","1.0000"
"100008923","CAR0010002","1.0000","1.0000","1.0000","0.0000","0.0000"
"100008924","CBR0010001","2.0000","2.0000","2.0000","0.0000","0.0000"
"100008925","BOVE00281","1.0000","1.0000","1.0000","0.0000","0.0000"
"100008926","BOVE00454","1.0000","1.0000","1.0000","0.0000","0.0000"
"100008927","BOAL01186-BOAL00340-BOAL00343-BOAL00347-BOAL00349","1.0000","1.0000","1.0000","0.0000","0.0000"
"100008927","BOAL00340","2.0000","1.0000","0.0000","0.0000","0.0000"
"100008927","BOAL00343","2.0000","1.0000","0.0000","0.0000","0.0000"
"100008927","BOAL00347","2.0000","1.0000","0.0000","0.0000","0.0000"
"100008927","BOAL00349","2.0000","1.0000","0.0000","0.0000","0.0000"
"100008927","BOAL00347","2.0000","2.0000","2.0000","0.0000","0.0000"
"100008928","BOVE00447","1.0000","1.0000","1.0000","0.0000","0.0000"
"100008928","PTIR41699-10","1.0000","1.0000","1.0000","0.0000","0.0000"
"100008929","BOAL01183-48CAR-0052-48CAR-0052-BOAL00328-BOAL00327-BOAL00330-BOAL00329","1.0000","1.0000","1.0000","0.0000","0.0000"
"100008929","48CAR-0052","1.0000","1.0000","0.0000","0.0000","0.0000"
"100008929","BOAL00328","2.0000","1.0000","0.0000","0.0000","0.0000"
"100008929","BOAL00327","2.0000","1.0000","0.0000","0.0000","0.0000"
"100008929","BOAL00330","2.0000","1.0000","0.0000","0.0000","0.0000"
"100008929","BOAL00329","2.0000","1.0000","0.0000","0.0000","0.0000"
"100008930","LLRPER0057","1.0000","1.0000","1.0000","0.0000","0.0000"
"100008930","LLRPER0058","1.0000","1.0000","1.0000","0.0000","0.0000"
"100008931","49MDF-0461","1.0000","1.0000","1.0000","0.0000","0.0000"
"100008932","BOCI00543","1.0000","0.0000","0.0000","1.0000","0.0000"
"100008933","51MDF-5100","1.0000","1.0000","1.0000","0.0000","0.0000"
"100008934","CCS0010008","6.0000","6.0000","6.0000","0.0000","0.0000"
"100008935","PPOT47606-05","1.0000","1.0000","1.0000","0.0000","0.0000"
"100008936","BGDCAS012-BGDCAS001-BGDCAS006-BGDCAS009-BGDCAS007","1.0000","1.0000","1.0000","0.0000","0.0000"
"100008936","BGDCAS001","2.0000","1.0000","0.0000","0.0000","0.0000"
"100008936","BGDCAS006","2.0000","1.0000","0.0000","0.0000","0.0000"
"100008936","BGDCAS009","2.0000","1.0000","0.0000","0.0000","0.0000"
"100008936","BGDCAS007","2.0000","1.0000","0.0000","0.0000","0.0000"
"100008937","LLRPER0063","1.0000","1.0000","1.0000","0.0000","0.0000"
"100008937","LLRPER0060","1.0000","1.0000","1.0000","0.0000","0.0000"
"100008938","BOVE00547","1.0000","1.0000","1.0000","0.0000","0.0000"
"100008939","BOVE00631","1.0000","1.0000","1.0000","0.0000","0.0000"
"100008940","BOAL01456-24CAR-0381-BOAL00656-BOAL00661-BOAL00662-BOAL00663-24CAR-0381","1.0000","1.0000","1.0000","0.0000","0.0000"
"100008940","BOAL00656","1.0000","1.0000","0.0000","0.0000","0.0000"
"100008940","BOAL00661","1.0000","1.0000","0.0000","0.0000","0.0000"
"100008940","BOAL00662","1.0000","1.0000","0.0000","0.0000","0.0000"
"100008940","BOAL00663","1.0000","1.0000","0.0000","0.0000","0.0000"
"100008940","24CAR-0381","1.0000","1.0000","0.0000","0.0000","0.0000"
"100008941","LLRECA0074","1.0000","1.0000","1.0000","0.0000","0.0000"
"100008942","BOVE00599","3.0000","3.0000","3.0000","0.0000","0.0000"
"100008943","BOVE00389IB","2.0000","2.0000","2.0000","0.0000","0.0000"
"100008944","ME00C51","1.0000","0.0000","0.0000","1.0000","0.0000"
"100008945","ME00C51","1.0000","1.0000","1.0000","0.0000","0.0000"
"100008946","BOVE00391","1.0000","1.0000","1.0000","0.0000","0.0000"
"100008947","BOAL00894","2.0000","2.0000","2.0000","0.0000","0.0000"
"100008948","EME0010004","2.0000","0.0000","0.0000","2.0000","0.0000"
"100008949","BOVE00359","1.0000","1.0000","1.0000","0.0000","0.0000"
"100008950","BOVE00503","1.0000","1.0000","1.0000","0.0000","0.0000"
"100008951","BOVE00148","1.0000","1.0000","1.0000","0.0000","0.0000"
"100008952","BOVE00210","2.0000","2.0000","2.0000","0.0000","0.0000"
"100008953","FREV001840","1.0000","1.0000","1.0000","0.0000","0.0000"
"100008953","FREV001907","1.0000","1.0000","1.0000","0.0000","0.0000"
"100008953","FREV001906","1.0000","1.0000","1.0000","0.0000","0.0000"
"100008953","BOVA02041","1.0000","1.0000","1.0000","0.0000","0.0000"
"100008954","GDSOL013-49MDF-0461-49MDF-0461-BGDSOL002-BGDSOL001-BGDSOL003-BGDSOL005","1.0000","1.0000","1.0000","0.0000","0.0000"
"100008954","49MDF-0461","1.0000","1.0000","0.0000","0.0000","0.0000"
"100008954","BGDSOL002","2.0000","1.0000","0.0000","0.0000","0.0000"
"100008954","BGDSOL001","2.0000","1.0000","0.0000","0.0000","0.0000"
"100008954","BGDSOL003","2.0000","1.0000","0.0000","0.0000","0.0000"
"100008954","BGDSOL005","2.0000","1.0000","0.0000","0.0000","0.0000"
"100008955","SDO0011047","1.0000","1.0000","1.0000","0.0000","0.0000"
"100008955","BOVE00749","1.0000","1.0000","1.0000","0.0000","0.0000"
"100008955","BOVE00658","1.0000","1.0000","1.0000","0.0000","0.0000"
"100008956","BCO0040054-BCO0040049-BCO0040050-BCO0040051-BCO0040052","1.0000","1.0000","1.0000","0.0000","0.0000"
"100008956","BCO0040049","1.0000","1.0000","0.0000","0.0000","0.0000"
"100008956","BCO0040050","1.0000","1.0000","0.0000","0.0000","0.0000"
"100008956","BCO0040051","1.0000","1.0000","0.0000","0.0000","0.0000"
"100008956","BCO0040052","1.0000","1.0000","0.0000","0.0000","0.0000"
"100008957","BCO0010013-51MDF-5100-51MDF-5100-BCO0010001-BCO0010002-BCO0010003-BCO0010004","1.0000","1.0000","1.0000","0.0000","1.0000"
"100008957","51MDF-5100","1.0000","1.0000","0.0000","0.0000","1.0000"
"100008957","BCO0010001","2.0000","1.0000","0.0000","0.0000","2.0000"
"100008957","BCO0010002","2.0000","1.0000","0.0000","0.0000","2.0000"
"100008957","BCO0010003","2.0000","1.0000","0.0000","0.0000","2.0000"
"100008957","BCO0010004","2.0000","1.0000","0.0000","0.0000","2.0000"
"100008958","BOVE00512","1.0000","1.0000","1.0000","0.0000","0.0000"
"100008959","BOVE00117","1.0000","1.0000","1.0000","0.0000","0.0000"
"100008959","ME00238","1.0000","1.0000","1.0000","0.0000","0.0000"
"100008960","LLRVEN0089","1.0000","1.0000","1.0000","0.0000","0.0000"
"100008961","BOVE00351","1.0000","1.0000","1.0000","0.0000","0.0000"
"100008961","BOVE00350","1.0000","1.0000","1.0000","0.0000","0.0000"
"100008962","PPIN48240-00","1.0000","1.0000","1.0000","0.0000","0.0000"
"100008963","BOVE00113","1.0000","1.0000","1.0000","0.0000","0.0000"
"100008964","BOBB00018","4.0000","4.0000","4.0000","0.0000","0.0000"
"100008965","BOCI00730","6.0000","6.0000","6.0000","0.0000","0.0000"
"100008965","BOCI00758","6.0000","6.0000","6.0000","0.0000","0.0000"
"100008965","BOCI00301","2.0000","2.0000","2.0000","0.0000","0.0000"
"100008966","LLRCAR0139","1.0000","1.0000","1.0000","0.0000","0.0000"
"100008967","BET0160003-49MDF-0461-49MDF-0461-BOAL00664-BOAL00665-BOAL00668-BOAL00666","1.0000","1.0000","1.0000","0.0000","0.0000"
"100008967","49MDF-0461","1.0000","1.0000","0.0000","0.0000","0.0000"
"100008967","BOAL00664","2.0000","1.0000","0.0000","0.0000","0.0000"
"100008967","BOAL00665","2.0000","1.0000","0.0000","0.0000","0.0000"
"100008967","BOAL00668","2.0000","1.0000","0.0000","0.0000","0.0000"
"100008967","BOAL00666","2.0000","1.0000","0.0000","0.0000","0.0000"
"100008968","51MDF-5100","1.0000","1.0000","1.0000","0.0000","0.0000"
"100008969","BOVE00468","1.0000","1.0000","1.0000","0.0000","0.0000"
"100008970","PFLE47742-47","1.0000","1.0000","1.0000","0.0000","0.0000"
"100008970","PROU18325-01","1.0000","1.0000","1.0000","0.0000","0.0000"
"100008971","BOVE00555","2.0000","2.0000","2.0000","0.0000","0.0000"
"100008972","BOVE00468","1.0000","1.0000","1.0000","0.0000","0.0000"
"100008973","BOVE00113","1.0000","0.0000","0.0000","1.0000","0.0000"
"100008974","BOVE00113","1.0000","0.0000","0.0000","1.0000","0.0000"
"100008975","BOAL00318","2.0000","2.0000","2.0000","0.0000","0.0000"
"100008975","BOAL00320","2.0000","2.0000","2.0000","0.0000","0.0000"
"100008976","CCS0010010","12.0000","12.0000","12.0000","0.0000","0.0000"
"100008976","CCS0010005","12.0000","12.0000","12.0000","0.0000","0.0000"
"100008976","CBR0010005","1.0000","1.0000","1.0000","0.0000","0.0000"
"100008976","CBR0010003","1.0000","1.0000","1.0000","0.0000","0.0000"
"100008976","CBR0010001","1.0000","1.0000","1.0000","0.0000","0.0000"
"100008977","47742-06","2.0000","0.0000","0.0000","2.0000","0.0000"
"100008978","47742-06","2.0000","2.0000","2.0000","0.0000","0.0000"
"100008979","PCHO44940-08","1.0000","1.0000","1.0000","0.0000","1.0000"
"100008979","BOBB00128","1.0000","1.0000","1.0000","0.0000","0.0000"
"100008979","LLRKUB0066","1.0000","1.0000","1.0000","0.0000","0.0000"
"100008980","CCS0010003","6.0000","6.0000","6.0000","0.0000","0.0000"
"100008981","BOVE00659","1.0000","1.0000","1.0000","0.0000","0.0000"
"100008982","BGDCAS011-BGDCAS001-BGDCAS006-BGDCAS009-BGDCAS007","1.0000","1.0000","1.0000","0.0000","0.0000"
"100008982","BGDCAS001","1.0000","1.0000","0.0000","0.0000","0.0000"
"100008982","BGDCAS006","1.0000","1.0000","0.0000","0.0000","0.0000"
"100008982","BGDCAS009","1.0000","1.0000","0.0000","0.0000","0.0000"
"100008982","BGDCAS007","1.0000","1.0000","0.0000","0.0000","0.0000"
"100008983","ME00C51","1.0000","1.0000","1.0000","0.0000","0.0000"
"100008984","48CAR-0052","1.0000","1.0000","1.0000","0.0000","0.0000"
"100008985","LLRARU0100-1","1.0000","1.0000","1.0000","0.0000","0.0000"
"100008986","BOVE00445","3.0000","3.0000","3.0000","0.0000","0.0000"
"100008987","BOBB00116","1.0000","1.0000","1.0000","0.0000","0.0000"
"100008988","49MDF-0461","1.0000","1.0000","1.0000","0.0000","0.0000"
"100008989","BOVE00615","1.0000","1.0000","1.0000","0.0000","0.0000"
"100008990","ME00C127","1.0000","1.0000","1.0000","0.0000","0.0000"
"100008991","LLRCOT0080","2.0000","0.0000","0.0000","2.0000","0.0000"
"100008991","LLRCOT0079","1.0000","0.0000","0.0000","1.0000","0.0000"
"100008992","BOAL01510","2.0000","2.0000","2.0000","0.0000","0.0000"
"100008992","BOAL01523-BOAL01510-BOAL01508-BOAL01507-BOAL01509","1.0000","1.0000","1.0000","0.0000","0.0000"
"100008992","BOAL01510","1.0000","1.0000","0.0000","0.0000","0.0000"
"100008992","BOAL01508","1.0000","1.0000","0.0000","0.0000","0.0000"
"100008992","BOAL01507","1.0000","1.0000","0.0000","0.0000","0.0000"
"100008992","BOAL01509","1.0000","1.0000","0.0000","0.0000","0.0000"
"100008993","BOAL01131-48CAR-0052-BOAL00167-BOAL00170-BOAL00175-BOAL00173-48CAR-0052","1.0000","1.0000","1.0000","0.0000","0.0000"
"100008993","BOAL00167","2.0000","1.0000","0.0000","0.0000","0.0000"
"100008993","BOAL00170","2.0000","1.0000","0.0000","0.0000","0.0000"
"100008993","BOAL00175","2.0000","1.0000","0.0000","0.0000","0.0000"
"100008993","BOAL00173","2.0000","1.0000","0.0000","0.0000","0.0000"
"100008993","48CAR-0052","1.0000","1.0000","0.0000","0.0000","0.0000"
"100008994","BOVE00554","1.0000","1.0000","1.0000","0.0000","0.0000"
"100008994","BOVE00556","1.0000","1.0000","1.0000","0.0000","0.0000"
"100008994","BOVE00574","1.0000","1.0000","1.0000","0.0000","0.0000"
"100008995","BOVE00389","1.0000","1.0000","1.0000","0.0000","0.0000"
"100008996","BOVE00296","1.0000","1.0000","1.0000","0.0000","0.0000"
"100008997","BOVE00468","1.0000","0.0000","0.0000","1.0000","0.0000"
"100008998","BOVE00225","2.0000","2.0000","2.0000","0.0000","0.0000"
"100008999","BOCI00583","1.0000","0.0000","0.0000","1.0000","0.0000"
"100008999","PTAP47689-53","1.0000","0.0000","0.0000","1.0000","0.0000"
"100009000","BOVE00606","1.0000","1.0000","1.0000","0.0000","0.0000"
"100009001","GDSOL013-49MDF-0461-49MDF-0461-BGDSOL002-BGDSOL001-BGDSOL003-BGDSOL005","1.0000","1.0000","1.0000","0.0000","0.0000"
"100009001","49MDF-0461","1.0000","1.0000","0.0000","0.0000","0.0000"
"100009001","BGDSOL002","2.0000","1.0000","0.0000","0.0000","0.0000"
"100009001","BGDSOL001","2.0000","1.0000","0.0000","0.0000","0.0000"
"100009001","BGDSOL003","2.0000","1.0000","0.0000","0.0000","0.0000"
"100009001","BGDSOL005","2.0000","1.0000","0.0000","0.0000","0.0000"
"100009002","BOVE00313","2.0000","2.0000","2.0000","0.0000","0.0000"
"100009003","BOVE00270","1.0000","1.0000","1.0000","0.0000","0.0000"
"100009003","BOVE00272","1.0000","1.0000","1.0000","0.0000","0.0000"
"100009004","BOVE00341","1.0000","1.0000","1.0000","0.0000","0.0000"
"100009005","BET0160003-BOAL00664-BOAL00665-BOAL00668-BOAL00666","1.0000","1.0000","1.0000","0.0000","0.0000"
"100009005","BOAL00664","2.0000","1.0000","0.0000","0.0000","0.0000"
"100009005","BOAL00665","2.0000","1.0000","0.0000","0.0000","0.0000"
"100009005","BOAL00668","2.0000","1.0000","0.0000","0.0000","0.0000"
"100009005","BOAL00666","2.0000","1.0000","0.0000","0.0000","0.0000"
"100009006","CCS0010010","8.0000","8.0000","8.0000","0.0000","0.0000"
"100009007","BOAL01516","1.0000","1.0000","1.0000","0.0000","0.0000"
"100009007","BOAL01515","1.0000","1.0000","1.0000","0.0000","0.0000"
"100009008","ME00282-ME00281","1.0000","1.0000","1.0000","0.0000","0.0000"
"100009008","ME00281","6.0000","1.0000","0.0000","0.0000","0.0000"
"100009009","24MDF-0456","1.0000","1.0000","1.0000","0.0000","0.0000"
"100009010","BOVE00359","1.0000","1.0000","1.0000","0.0000","0.0000"
"100009010","BOVE00358","1.0000","1.0000","1.0000","0.0000","0.0000"
"100009011","BOAL01139-24MDF-0456-BOAL00177-BOAL00179-BOAL00183-BOAL00181-24MDF-0456","1.0000","1.0000","1.0000","0.0000","0.0000"
"100009011","BOAL00177","1.0000","1.0000","0.0000","0.0000","0.0000"
"100009011","BOAL00179","1.0000","1.0000","0.0000","0.0000","0.0000"
"100009011","BOAL00183","1.0000","1.0000","0.0000","0.0000","0.0000"
"100009011","BOAL00181","1.0000","1.0000","0.0000","0.0000","0.0000"
"100009011","24MDF-0456","1.0000","1.0000","0.0000","0.0000","0.0000"
"100009012","CPEPRE0002","1.0000","1.0000","1.0000","0.0000","0.0000"
"100009012","BOVE00475","1.0000","1.0000","1.0000","0.0000","0.0000"
"100009013","PFLE47742-47","1.0000","1.0000","1.0000","0.0000","0.0000"
"100009013","LLRBUB0095","1.0000","1.0000","1.0000","0.0000","0.0000"
"100009013","PCUI48280-24","1.0000","1.0000","1.0000","0.0000","0.0000"
"100009014","CCO0110010-CCO0110002-CCO0110001-CCO0110003-CCO0110004","1.0000","1.0000","1.0000","0.0000","0.0000"
"100009014","CCO0110002","2.0000","1.0000","0.0000","0.0000","0.0000"
"100009014","CCO0110001","2.0000","1.0000","0.0000","0.0000","0.0000"
"100009014","CCO0110003","2.0000","1.0000","0.0000","0.0000","0.0000"
"100009014","CCO0110004","2.0000","1.0000","0.0000","0.0000","0.0000"
"100009015","CCS0010003","6.0000","0.0000","0.0000","6.0000","0.0000"
"100009016","CCS0010003","6.0000","6.0000","6.0000","0.0000","0.0000"
"100009017","BOVE00275","1.0000","0.0000","0.0000","1.0000","0.0000"
"100009017","BOVE00359","1.0000","0.0000","0.0000","1.0000","0.0000"
"100009017","BOVE00458","1.0000","0.0000","0.0000","1.0000","0.0000"
"100009018","BOBB00035","1.0000","1.0000","1.0000","0.0000","0.0000"
"100009018","SDO0028077","1.0000","1.0000","1.0000","0.0000","0.0000"
"100009019","BOVE00275","1.0000","1.0000","1.0000","0.0000","0.0000"
"100009019","BOVE00359","1.0000","1.0000","1.0000","0.0000","0.0000"
"100009019","BOVE00458","1.0000","1.0000","1.0000","0.0000","0.0000"
"100009020","PFLE47742-47","1.0000","1.0000","1.0000","0.0000","0.0000"
"100009020","PFLE47742-29","1.0000","1.0000","1.0000","0.0000","0.0000"
"100009020","PFLE47742-01","1.0000","1.0000","1.0000","0.0000","0.0000"
"100009021","BOVE00443","1.0000","1.0000","1.0000","0.0000","0.0000"
"100009022","BOVE00570","3.0000","3.0000","3.0000","0.0000","0.0000"
"100009022","BOVE00577","2.0000","2.0000","2.0000","0.0000","0.0000"
"100009023","PFLE47742-34","1.0000","1.0000","1.0000","0.0000","0.0000"
"100009024","EMELUN0002","1.0000","1.0000","1.0000","0.0000","0.0000"
"100009025","PCUI41675-00","1.0000","1.0000","1.0000","0.0000","0.0000"
"100009026","BOVE00722","2.0000","2.0000","2.0000","0.0000","0.0000"
"100009027","48CAR-0052","1.0000","1.0000","1.0000","0.0000","0.0000"
"100009028","BOCI00583","1.0000","1.0000","1.0000","0.0000","0.0000"
"100009028","PTAP47680-40","2.0000","2.0000","2.0000","0.0000","0.0000"
"100009029","BOVE00547","1.0000","1.0000","1.0000","0.0000","0.0000"
"100009030","BOVE00501","1.0000","1.0000","1.0000","0.0000","0.0000"
"100009031","PPANI41624-00","2.0000","0.0000","0.0000","2.0000","0.0000"
"100009032","BOVE00343","1.0000","0.0000","0.0000","1.0000","0.0000"
"100009033","BOVE00343","1.0000","0.0000","0.0000","1.0000","0.0000"
"100009034","BOVE00343","1.0000","1.0000","1.0000","0.0000","0.0000"
"100009035","BOVE00335","2.0000","2.0000","2.0000","0.0000","0.0000"
"100009036","CCS0010010","12.0000","12.0000","12.0000","0.0000","0.0000"
"100009036","CCS0010015","3.0000","3.0000","3.0000","0.0000","0.0000"
"100009036","BOVE00038","2.0000","2.0000","2.0000","0.0000","0.0000"
"100009037","PCUI41473-39","1.0000","1.0000","1.0000","0.0000","0.0000"
"100009038","BOVE00758","4.0000","4.0000","4.0000","0.0000","0.0000"
"100009039","BOCI00611","1.0000","1.0000","1.0000","0.0000","0.0000"
"100009040","LLRSAT0145","1.0000","1.0000","1.0000","0.0000","0.0000"
"100009041","BOVE00636","2.0000","2.0000","2.0000","0.0000","0.0000"
"100009042","BGDCOL042-BGDCOL037-BGDCOL039-BGDCOL036-BGDCOL038","1.0000","1.0000","1.0000","0.0000","0.0000"
"100009042","BGDCOL037","2.0000","1.0000","0.0000","0.0000","0.0000"
"100009042","BGDCOL039","2.0000","1.0000","0.0000","0.0000","0.0000"
"100009042","BGDCOL036","2.0000","1.0000","0.0000","0.0000","0.0000"
"100009042","BGDCOL038","2.0000","1.0000","0.0000","0.0000","0.0000"
"100009042","SDO0028010","1.0000","1.0000","1.0000","0.0000","0.0000"
"100009042","SDO0028077","1.0000","1.0000","1.0000","0.0000","0.0000"
"100009043","48CAR-0052","2.0000","0.0000","0.0000","2.0000","0.0000"
"100009044","48CAR-0052","2.0000","2.0000","2.0000","0.0000","0.0000"
"100009045","BOVE00469","2.0000","2.0000","2.0000","0.0000","0.0000"
"100009046","BOVE00547","1.0000","1.0000","1.0000","0.0000","0.0000"
"100009047","BOAL01482","1.0000","1.0000","1.0000","0.0000","0.0000"
"100009048","ME00C127","1.0000","1.0000","1.0000","0.0000","0.0000"
"100009049","BOAL01235-BOAL00408-BOAL00412-BOAL00414-BOAL00416","1.0000","1.0000","1.0000","0.0000","0.0000"
"100009049","BOAL00408","2.0000","1.0000","0.0000","0.0000","0.0000"
"100009049","BOAL00412","2.0000","1.0000","0.0000","0.0000","0.0000"
"100009049","BOAL00414","2.0000","1.0000","0.0000","0.0000","0.0000"
"100009049","BOAL00416","2.0000","1.0000","0.0000","0.0000","0.0000"
"100009050","ME00271","1.0000","1.0000","1.0000","0.0000","0.0000"
"100009050","ME00261","1.0000","1.0000","1.0000","0.0000","0.0000"
"100009051","BOVE00111","20.0000","20.0000","20.0000","0.0000","0.0000"
"100009052","BOAL01183-49MDF-0461-49MDF-0461-BOAL00328-BOAL00327-BOAL00330-BOAL00329","1.0000","1.0000","1.0000","0.0000","0.0000"
"100009052","49MDF-0461","1.0000","1.0000","0.0000","0.0000","0.0000"
"100009052","BOAL00328","2.0000","1.0000","0.0000","0.0000","0.0000"
"100009052","BOAL00327","2.0000","1.0000","0.0000","0.0000","0.0000"
"100009052","BOAL00330","2.0000","1.0000","0.0000","0.0000","0.0000"
"100009052","BOAL00329","2.0000","1.0000","0.0000","0.0000","0.0000"
"100009053","BOVE00113","8.0000","8.0000","8.0000","0.0000","0.0000"
"100009053","BOVE00485","1.0000","1.0000","1.0000","0.0000","0.0000"
"100009054","PFLE47742-01","2.0000","2.0000","2.0000","0.0000","0.0000"
"100009055","BOVE00278","2.0000","2.0000","2.0000","0.0000","0.0000"
"100009056","BOVE00468","1.0000","1.0000","1.0000","0.0000","0.0000"
"100009057","BOCI00503","5.0000","5.0000","5.0000","0.0000","0.0000"
"100009058","LLRBOR0119","1.0000","1.0000","1.0000","0.0000","0.0000"
"100009059","LLRBUB0095","1.0000","1.0000","1.0000","0.0000","0.0000"
"100009059","BOVE00615","1.0000","1.0000","1.0000","0.0000","0.0000"
"100009060","BGDCAS012-48CAR-0052-48CAR-0052-BGDCAS001-BGDCAS006-BGDCAS009-BGDCAS007","1.0000","1.0000","1.0000","0.0000","0.0000"
"100009060","48CAR-0052","1.0000","1.0000","0.0000","0.0000","0.0000"
"100009060","BGDCAS001","2.0000","1.0000","0.0000","0.0000","0.0000"
"100009060","BGDCAS006","2.0000","1.0000","0.0000","0.0000","0.0000"
"100009060","BGDCAS009","2.0000","1.0000","0.0000","0.0000","0.0000"
"100009060","BGDCAS007","2.0000","1.0000","0.0000","0.0000","0.0000"
"100009061","BOVE00513","1.0000","1.0000","1.0000","0.0000","0.0000"
"100009062","48CAR-0052","1.0000","1.0000","1.0000","0.0000","0.0000"
"100009063","FREV004189","2.0000","2.0000","2.0000","0.0000","0.0000"
"100009063","FREV004191","2.0000","2.0000","2.0000","0.0000","0.0000"
"100009063","FREV002273","2.0000","2.0000","2.0000","0.0000","0.0000"
"100009064","BOVE00526","3.0000","3.0000","3.0000","0.0000","0.0000"
"100009065","CBR0040001","1.0000","1.0000","1.0000","0.0000","0.0000"
"100009066","BOAL01511","2.0000","2.0000","2.0000","0.0000","0.0000"
"100009067","BOVE00389IB","2.0000","2.0000","2.0000","0.0000","0.0000"
"100009068","ME00234","1.0000","1.0000","1.0000","0.0000","0.0000"
"100009068","ME00236","1.0000","1.0000","1.0000","0.0000","0.0000"
"100009069","BOVE00478","2.0000","2.0000","2.0000","0.0000","0.0000"
"100009070","PFLE47742-01","2.0000","2.0000","2.0000","0.0000","0.0000"
"100009071","BOAL00725","1.0000","1.0000","1.0000","0.0000","0.0000"
"100009072","BOAL01457-49MDF-0461-BOAL00656-BOAL00661-BOAL00662-BOAL00663-49MDF-0461","1.0000","1.0000","1.0000","0.0000","0.0000"
"100009072","BOAL00656","2.0000","1.0000","0.0000","0.0000","0.0000"
"100009072","BOAL00661","2.0000","1.0000","0.0000","0.0000","0.0000"
"100009072","BOAL00662","2.0000","1.0000","0.0000","0.0000","0.0000"
"100009072","BOAL00663","2.0000","1.0000","0.0000","0.0000","0.0000"
"100009072","49MDF-0461","1.0000","1.0000","0.0000","0.0000","0.0000"
"100009072","BOAL00657","2.0000","2.0000","2.0000","0.0000","0.0000"
"100009073","BBR0010001","1.0000","1.0000","1.0000","0.0000","0.0000"
"100009074","BOCI00583","1.0000","1.0000","1.0000","0.0000","0.0000"
"100009075","BOVE00099","1.0000","1.0000","1.0000","0.0000","0.0000"
"100009076","BAR0110012","2.0000","2.0000","2.0000","0.0000","0.0000"
"100009077","LLRCHA0110","2.0000","2.0000","2.0000","0.0000","0.0000"
"100009078","LLW-1316N","1.0000","1.0000","1.0000","0.0000","1.0000"
"100009079","LLW-1316N","1.0000","0.0000","0.0000","1.0000","0.0000"
"100009080","BOVE00210","1.0000","0.0000","0.0000","1.0000","0.0000"
"100009081","BOCI00589","1.0000","1.0000","1.0000","0.0000","0.0000"
"100009082","PFLE47742-01","1.0000","0.0000","0.0000","1.0000","0.0000"
"100009083","49MDF-0461","1.0000","1.0000","1.0000","0.0000","0.0000"
"100009084","48CAR-0052","1.0000","1.0000","1.0000","0.0000","0.0000"
"100009085","BOVE00556","1.0000","1.0000","1.0000","0.0000","0.0000"
"100009085","BOVE00564","1.0000","1.0000","1.0000","0.0000","0.0000"
"100009085","BOVE00565","2.0000","2.0000","2.0000","0.0000","0.0000"
"100009085","BOVE00567","1.0000","1.0000","1.0000","0.0000","0.0000"
"100009085","BOVE00569","2.0000","2.0000","2.0000","0.0000","0.0000"
"100009086","BOVE00359","2.0000","2.0000","2.0000","0.0000","0.0000"
"100009087","BOVE00286","1.0000","1.0000","1.0000","0.0000","0.0000"
"100009088","BOVE00618","1.0000","1.0000","1.0000","0.0000","0.0000"
"100009089","BOVE00113","1.0000","1.0000","1.0000","0.0000","0.0000"
"100009090","49MDF-0461","1.0000","0.0000","0.0000","1.0000","0.0000"
"100009091","49MDF-0461","1.0000","0.0000","0.0000","1.0000","0.0000"
"100009092","49MDF-0461","1.0000","1.0000","1.0000","0.0000","0.0000"
"100009093","BOVE00468","1.0000","1.0000","1.0000","0.0000","0.0000"
"100009094","BOAL00238","2.0000","0.0000","0.0000","2.0000","0.0000"
"100009094","BOAL00261","2.0000","0.0000","0.0000","2.0000","0.0000"
"100009094","BOAL00226","2.0000","0.0000","0.0000","2.0000","0.0000"
"100009094","BOAL00206","2.0000","0.0000","0.0000","2.0000","0.0000"
"100009095","BOVE00155","1.0000","1.0000","1.0000","0.0000","0.0000"
"100009096","BOAL00238","2.0000","2.0000","2.0000","0.0000","0.0000"
"100009096","BOAL00261","2.0000","2.0000","2.0000","0.0000","0.0000"
"100009096","BOAL00226","2.0000","2.0000","2.0000","0.0000","0.0000"
"100009096","BOAL00206","2.0000","2.0000","2.0000","0.0000","0.0000"
"100009097","BOVE00068","1.0000","1.0000","1.0000","0.0000","0.0000"
"100009098","24CAR-0381","1.0000","1.0000","1.0000","0.0000","0.0000"
"100009098","48CAR-0052","1.0000","1.0000","1.0000","0.0000","0.0000"
"100009099","BOVA00060","6.0000","6.0000","6.0000","0.0000","0.0000"
"100009100","BOVE00659","1.0000","1.0000","1.0000","0.0000","0.0000"
"100009101","BOBB00116","1.0000","1.0000","1.0000","0.0000","0.0000"
"100009102","ME00C127","1.0000","1.0000","1.0000","0.0000","0.0000"
"100009103","BOVE00513","1.0000","1.0000","1.0000","0.0000","0.0000"
"100009104","PCOF41498-01","1.0000","1.0000","1.0000","0.0000","0.0000"
"100009104","PCOF41498-02","1.0000","1.0000","1.0000","0.0000","0.0000"
"100009105","PFLE47742-01","2.0000","2.0000","2.0000","0.0000","0.0000"
"100009106","BOAL00763","1.0000","1.0000","1.0000","0.0000","0.0000"
"300000078","BOAL00454","1.0000","0.0000","0.0000","1.0000","0.0000"
"300000079","BOAL00454","1.0000","1.0000","1.0000","0.0000","0.0000"
"100009107","SDO0028079","1.0000","1.0000","1.0000","0.0000","0.0000"
"100009108","BOVE00083","2.0000","2.0000","2.0000","0.0000","0.0000"
"100009109","BOVE00283","1.0000","0.0000","0.0000","1.0000","0.0000"
"100009110","49MDF-0461","1.0000","1.0000","1.0000","0.0000","0.0000"
"100009111","BGDCAS012-49MDF-0461-49MDF-0461-BGDCAS001-BGDCAS006-BGDCAS009-BGDCAS007","1.0000","1.0000","1.0000","0.0000","0.0000"
"100009111","49MDF-0461","1.0000","1.0000","0.0000","0.0000","0.0000"
"100009111","BGDCAS001","2.0000","1.0000","0.0000","0.0000","0.0000"
"100009111","BGDCAS006","2.0000","1.0000","0.0000","0.0000","0.0000"
"100009111","BGDCAS009","2.0000","1.0000","0.0000","0.0000","0.0000"
"100009111","BGDCAS007","2.0000","1.0000","0.0000","0.0000","0.0000"
"100009111","BOVE00076","1.0000","1.0000","1.0000","0.0000","0.0000"
"100009112","PCIS18263-00","1.0000","1.0000","1.0000","0.0000","0.0000"
"100009113","BOVE00547","1.0000","1.0000","1.0000","0.0000","0.0000"
"100009114","BOVE00518","1.0000","0.0000","0.0000","1.0000","0.0000"
"100009115","BOVE00518","1.0000","0.0000","0.0000","1.0000","0.0000"
"100009116","PRAP48280-06","1.0000","1.0000","1.0000","0.0000","0.0000"
"100009117","LLRCOT0080","1.0000","1.0000","1.0000","0.0000","0.0000"
"100009117","LLRCOT0079","1.0000","1.0000","1.0000","0.0000","0.0000"
"100009118","LLRCOT0080","1.0000","1.0000","1.0000","0.0000","0.0000"
"100009119","BOAL00172","2.0000","2.0000","2.0000","0.0000","0.0000"
"100009120","BGDCAS011-24CAR-0381-24CAR-0381-BGDCAS001-BGDCAS006-BGDCAS009-BGDCAS007","1.0000","1.0000","1.0000","0.0000","0.0000"
"100009120","24CAR-0381","1.0000","1.0000","0.0000","0.0000","0.0000"
"100009120","BGDCAS001","1.0000","1.0000","0.0000","0.0000","0.0000"
"100009120","BGDCAS006","1.0000","1.0000","0.0000","0.0000","0.0000"
"100009120","BGDCAS009","1.0000","1.0000","0.0000","0.0000","0.0000"
"100009120","BGDCAS007","1.0000","1.0000","0.0000","0.0000","0.0000"
"100009121","CCS0010002","6.0000","6.0000","6.0000","0.0000","0.0000"
"100009122","CCS0010014","3.0000","3.0000","3.0000","0.0000","0.0000"
"100009123","CAR0010002","1.0000","1.0000","1.0000","0.0000","0.0000"
"100009124","BBR0010002","1.0000","1.0000","1.0000","0.0000","0.0000"
"100009125","BOAL01002-48CAR-0052-48CAR-0052-BOAL00023-BOAL00026-BOAL00029-BOAL00031","1.0000","1.0000","1.0000","0.0000","0.0000"
"100009125","48CAR-0052","1.0000","1.0000","0.0000","0.0000","0.0000"
"100009125","BOAL00023","2.0000","1.0000","0.0000","0.0000","0.0000"
"100009125","BOAL00026","2.0000","1.0000","0.0000","0.0000","0.0000"
"100009125","BOAL00029","2.0000","1.0000","0.0000","0.0000","0.0000"
"100009125","BOAL00031","2.0000","1.0000","0.0000","0.0000","0.0000"
"100009126","PCUI52550C30","1.0000","1.0000","1.0000","0.0000","0.0000"
"100009127","BOVE00616","2.0000","2.0000","2.0000","0.0000","0.0000"
"100009128","BOVE00469","1.0000","1.0000","1.0000","0.0000","0.0000"
"100009129","BOVE00511","1.0000","1.0000","1.0000","0.0000","0.0000"
"100009130","BOVE00547","1.0000","1.0000","1.0000","0.0000","0.0000"
"100009130","BOVE00387","1.0000","1.0000","1.0000","0.0000","0.0000"
"100009131","PFLE47742-29","2.0000","2.0000","2.0000","0.0000","0.0000"
"100009132","BGD0010010-BGD0010002-BOAL00373-BGD0010001-BGD0010006","1.0000","1.0000","1.0000","0.0000","0.0000"
"100009132","BGD0010002","2.0000","1.0000","0.0000","0.0000","0.0000"
"100009132","BOAL00373","2.0000","1.0000","0.0000","0.0000","0.0000"
"100009132","BGD0010001","2.0000","1.0000","0.0000","0.0000","0.0000"
"100009132","BGD0010006","2.0000","1.0000","0.0000","0.0000","0.0000"
"100009133","ME00255","1.0000","1.0000","1.0000","0.0000","0.0000"
"100009133","ME00139","1.0000","1.0000","1.0000","0.0000","0.0000"
"100009133","ME00266","1.0000","1.0000","1.0000","0.0000","0.0000"
"100009134","BGDCOL049-BGDCOL044-BGDCOL046-BGDCOL043-BGDCOL045","1.0000","1.0000","1.0000","0.0000","0.0000"
"100009134","BGDCOL044","2.0000","1.0000","0.0000","0.0000","0.0000"
"100009134","BGDCOL046","2.0000","1.0000","0.0000","0.0000","0.0000"
"100009134","BGDCOL043","2.0000","1.0000","0.0000","0.0000","0.0000"
"100009134","BGDCOL045","2.0000","1.0000","0.0000","0.0000","0.0000"
"100009135","BET0160003-BOAL00664-BOAL00665-BOAL00668-BOAL00666","1.0000","1.0000","1.0000","0.0000","0.0000"
"100009135","BOAL00664","2.0000","1.0000","0.0000","0.0000","0.0000"
"100009135","BOAL00665","2.0000","1.0000","0.0000","0.0000","0.0000"
"100009135","BOAL00668","2.0000","1.0000","0.0000","0.0000","0.0000"
"100009135","BOAL00666","2.0000","1.0000","0.0000","0.0000","0.0000"
"100009136","BOAL01380-49MDF-0461-BOAL00210-BOAL00263-BOAL00221-BOAL00240-49MDF-0461","1.0000","1.0000","1.0000","0.0000","0.0000"
"100009136","BOAL00210","2.0000","1.0000","0.0000","0.0000","0.0000"
"100009136","BOAL00263","2.0000","1.0000","0.0000","0.0000","0.0000"
"100009136","BOAL00221","2.0000","1.0000","0.0000","0.0000","0.0000"
"100009136","BOAL00240","2.0000","1.0000","0.0000","0.0000","0.0000"
"100009136","49MDF-0461","1.0000","1.0000","0.0000","0.0000","0.0000"
"100009137","BOCI00578","1.0000","1.0000","1.0000","0.0000","0.0000"
"100009138","BOAL00714","1.0000","0.0000","0.0000","1.0000","0.0000"
"100009139","FREV003261","1.0000","1.0000","1.0000","0.0000","0.0000"
"100009140","CCS0010016","10.0000","10.0000","10.0000","0.0000","0.0000"
"100009141","LLRVOL0125","4.0000","4.0000","4.0000","0.0000","0.0000"
"100009142","COL-ERR","1.0000","1.0000","1.0000","0.0000","0.0000"
"100009143","PFLE47742-12","1.0000","0.0000","0.0000","1.0000","0.0000"
"100009143","PFLE47742-04","1.0000","0.0000","0.0000","1.0000","0.0000"
"100009143","BOCI00733","4.0000","0.0000","0.0000","4.0000","0.0000"
"100009143","PFLE47742-60","1.0000","0.0000","0.0000","1.0000","0.0000"
"100009143","PFLE47742-21","1.0000","0.0000","0.0000","1.0000","0.0000"
"100009144","LLRFLE0120","1.0000","1.0000","1.0000","0.0000","0.0000"
"100009145","CCS0010005","12.0000","12.0000","12.0000","0.0000","0.0000"
"100009146","BOVE00309","1.0000","1.0000","1.0000","0.0000","0.0000"
"100009147","CBR0050001","1.0000","1.0000","1.0000","0.0000","0.0000"
"100009148","49MDF-0461","1.0000","1.0000","1.0000","0.0000","0.0000"
"100009148","BOAL00745","1.0000","1.0000","1.0000","0.0000","0.0000"
"100009149","BOVA01526","4.0000","4.0000","4.0000","0.0000","0.0000"
"100009150","PFLE47742-12","1.0000","1.0000","1.0000","0.0000","0.0000"
"100009150","PFLE47742-04","1.0000","1.0000","1.0000","0.0000","0.0000"
"100009150","PFLE47742-60","1.0000","1.0000","1.0000","0.0000","0.0000"
"100009150","PFLE47742-21","1.0000","1.0000","1.0000","0.0000","0.0000"
"100009151","BOVE00309","1.0000","1.0000","1.0000","0.0000","0.0000"
"100009152","BOVE00556","1.0000","1.0000","1.0000","0.0000","0.0000"
"100009152","BOVE00559","1.0000","1.0000","1.0000","0.0000","0.0000"
"100009152","BOVE00562","1.0000","1.0000","1.0000","0.0000","0.0000"
"100009153","BOVE00199","2.0000","2.0000","2.0000","0.0000","0.0000"
"100009154","PFLE47742-07","2.0000","2.0000","2.0000","0.0000","0.0000"
"100009155","BOVE00469","2.0000","2.0000","2.0000","0.0000","0.0000"
"100009156","FREV004190","3.0000","3.0000","3.0000","0.0000","0.0000"
"100009156","FREV004191","3.0000","3.0000","3.0000","0.0000","0.0000"
"100009157","BET0110002-24CAR-0381-24CAR-0381-BOAL00607-BOAL00613-BOAL00615-BOAL00609","2.0000","2.0000","2.0000","0.0000","0.0000"
"100009157","24CAR-0381","2.0000","1.0000","0.0000","0.0000","0.0000"
"100009157","BOAL00607","2.0000","1.0000","0.0000","0.0000","0.0000"
"100009157","BOAL00613","2.0000","1.0000","0.0000","0.0000","0.0000"
"100009157","BOAL00615","2.0000","1.0000","0.0000","0.0000","0.0000"
"100009157","BOAL00609","2.0000","1.0000","0.0000","0.0000","0.0000"
"100009157","ME00C51","1.0000","1.0000","1.0000","0.0000","0.0000"
"100009158","BOAL01392-BOAL00211-BOAL00264-BOAL00222-BOAL00241","1.0000","1.0000","1.0000","0.0000","1.0000"
"100009158","BOAL00211","2.0000","1.0000","0.0000","0.0000","2.0000"
"100009158","BOAL00264","2.0000","1.0000","0.0000","0.0000","2.0000"
"100009158","BOAL00222","2.0000","1.0000","0.0000","0.0000","2.0000"
"100009158","BOAL00241","2.0000","1.0000","0.0000","0.0000","2.0000"
"100009159","PMAR12916-33","1.0000","1.0000","1.0000","0.0000","0.0000"
"100009160","CPR0010005","1.0000","1.0000","1.0000","0.0000","0.0000"
"100009161","LLRVEN0089","1.0000","1.0000","1.0000","0.0000","0.0000"
"100009162","BOVA00902","12.0000","12.0000","12.0000","0.0000","0.0000"
"100009163","BOVE00523","1.0000","0.0000","0.0000","1.0000","0.0000"
"100009163","BOVE00547","1.0000","0.0000","0.0000","1.0000","0.0000"
"100009163","BOVE00522","1.0000","0.0000","0.0000","1.0000","0.0000"
"100009163","BOVE00100","1.0000","0.0000","0.0000","1.0000","0.0000"
"100009163","BOVE00540","1.0000","0.0000","0.0000","1.0000","0.0000"
"100009163","BOVE00537","1.0000","0.0000","0.0000","1.0000","0.0000"
"100009163","CDU0010001","1.0000","0.0000","0.0000","1.0000","0.0000"
"100009164","BOVE00523","1.0000","1.0000","1.0000","0.0000","0.0000"
"100009164","BOVE00547","1.0000","1.0000","1.0000","0.0000","0.0000"
"100009164","BOVE00522","1.0000","1.0000","1.0000","0.0000","0.0000"
"100009164","BOVE00100","1.0000","1.0000","1.0000","0.0000","0.0000"
"100009164","BOVE00540","1.0000","1.0000","1.0000","0.0000","0.0000"
"100009164","BOVE00537","1.0000","1.0000","1.0000","0.0000","0.0000"
"100009164","CDU0010001","1.0000","1.0000","1.0000","0.0000","0.0000"
"100009165","CCS0010003","4.0000","4.0000","4.0000","0.0000","0.0000"
"100009166","BOVE00272","1.0000","1.0000","1.0000","0.0000","0.0000"
"100009167","BOVE00761","1.0000","1.0000","1.0000","0.0000","0.0000"
"100009168","BGDCAS012-51MDF-5100-51MDF-5100-BGDCAS001-BGDCAS006-BGDCAS009-BGDCAS007","1.0000","1.0000","1.0000","0.0000","0.0000"
"100009168","51MDF-5100","1.0000","1.0000","0.0000","0.0000","0.0000"
"100009168","BGDCAS001","2.0000","1.0000","0.0000","0.0000","0.0000"
"100009168","BGDCAS006","2.0000","1.0000","0.0000","0.0000","0.0000"
"100009168","BGDCAS009","2.0000","1.0000","0.0000","0.0000","0.0000"
"100009168","BGDCAS007","2.0000","1.0000","0.0000","0.0000","0.0000"
"300000080","CAR0080002","1.0000","0.0000","0.0000","1.0000","0.0000"
"100009169","BOAL01242-BOAL00433-BOAL00428-BOAL00434","1.0000","1.0000","1.0000","0.0000","0.0000"
"100009169","BOAL00433","1.0000","1.0000","0.0000","0.0000","0.0000"
"100009169","BOAL00428","1.0000","1.0000","0.0000","0.0000","0.0000"
"100009169","BOAL00434","1.0000","1.0000","0.0000","0.0000","0.0000"
"100009169","BOBB00121","1.0000","1.0000","1.0000","0.0000","0.0000"
"100009169","PSPA48278-86","1.0000","1.0000","1.0000","0.0000","0.0000"
"100009170","51MDF-5100","1.0000","1.0000","1.0000","0.0000","0.0000"
"100009171","BOVE00100","1.0000","1.0000","1.0000","0.0000","0.0000"
"100009171","BOVE00270","1.0000","1.0000","1.0000","0.0000","0.0000"
"100009171","BOVE00272","1.0000","1.0000","1.0000","0.0000","0.0000"
"100009172","PFLE47742-01","3.0000","3.0000","3.0000","0.0000","0.0000"
"100009173","CCS0010002","6.0000","6.0000","6.0000","0.0000","0.0000"
"100009174","BOVE00070","1.0000","1.0000","1.0000","0.0000","0.0000"
"100009175","CBR0050001","1.0000","1.0000","1.0000","0.0000","0.0000"
"100009176","BOVA00695","1.0000","0.0000","0.0000","1.0000","0.0000"
"100009176","BOVA00694","1.0000","0.0000","0.0000","1.0000","0.0000"
"100009177","BOVA00695","1.0000","0.0000","0.0000","1.0000","0.0000"
"100009177","BOVA00694","1.0000","0.0000","0.0000","1.0000","0.0000"
"100009178","BGDCAS008","1.0000","1.0000","1.0000","0.0000","1.0000"
"100009178","BGDCAS003","2.0000","2.0000","2.0000","0.0000","2.0000"
"100009178","BGDCAS007","1.0000","1.0000","1.0000","0.0000","0.0000"
"100009179","CBRVIV0001","1.0000","1.0000","1.0000","0.0000","0.0000"
"100009180","BBR0010002","1.0000","1.0000","1.0000","0.0000","0.0000"
"100009181","BOVE00277","1.0000","1.0000","1.0000","0.0000","0.0000"
"100009181","BBR0010001","1.0000","1.0000","1.0000","0.0000","0.0000"
"100009182","BOAL01524-BOAL01507-BOAL01508-BOAL01509-BOAL01510","1.0000","1.0000","1.0000","0.0000","0.0000"
"100009182","BOAL01507","2.0000","1.0000","0.0000","0.0000","0.0000"
"100009182","BOAL01508","2.0000","1.0000","0.0000","0.0000","0.0000"
"100009182","BOAL01509","2.0000","1.0000","0.0000","0.0000","0.0000"
"100009182","BOAL01510","2.0000","1.0000","0.0000","0.0000","0.0000"
"100009183","BOVE00770","2.0000","2.0000","2.0000","0.0000","0.0000"
"100009184","BOVE00007","1.0000","1.0000","1.0000","0.0000","0.0000"
"100009185","51MDF-5100","1.0000","1.0000","1.0000","0.0000","0.0000"
"100009186","BOAL00394","2.0000","2.0000","2.0000","0.0000","0.0000"
"100009187","FREV006660","1.0000","1.0000","1.0000","0.0000","0.0000"
"100009187","FREV001086","1.0000","1.0000","1.0000","0.0000","0.0000"
"100009187","FREV000944","1.0000","1.0000","1.0000","0.0000","0.0000"
"100009187","FREV000945","1.0000","1.0000","1.0000","0.0000","0.0000"
"100009188","ME00C127","1.0000","1.0000","1.0000","0.0000","0.0000"
"100009189","BOVA00694","1.0000","0.0000","0.0000","1.0000","0.0000"
"100009189","BOVA00695","1.0000","0.0000","0.0000","1.0000","0.0000"
"100009190","BOVA00694","1.0000","1.0000","1.0000","0.0000","0.0000"
"100009190","BOVA00695","1.0000","1.0000","1.0000","0.0000","0.0000"
"100009191","CAR0010002","2.0000","2.0000","2.0000","0.0000","0.0000"
"100009192","CAR0010002","1.0000","1.0000","1.0000","0.0000","0.0000"
"100009192","BOVE00101","1.0000","1.0000","1.0000","0.0000","0.0000"
"100009192","BOVE00102","1.0000","1.0000","1.0000","0.0000","0.0000"
"100009193","BOVE00255","1.0000","1.0000","1.0000","0.0000","0.0000"
"100009194","BOVE00089","1.0000","1.0000","1.0000","0.0000","0.0000"
"100009195","PCOF41498-02","1.0000","1.0000","1.0000","0.0000","0.0000"
"100009196","BOVE00599","1.0000","1.0000","1.0000","0.0000","0.0000"
"100009196","LLRBOR0119","1.0000","1.0000","1.0000","0.0000","0.0000"
"100009197","BOBB00042","2.0000","2.0000","2.0000","0.0000","0.0000"
"100009197","PPABAR0003","1.0000","1.0000","1.0000","0.0000","0.0000"
"100009197","VOL00018","5.0000","5.0000","5.0000","0.0000","0.0000"
"100009198","VOL00109","7.0000","7.0000","7.0000","0.0000","0.0000"
"100009199","CCS0010003","2.0000","2.0000","2.0000","0.0000","0.0000"
"100009200","49MDF-0461","1.0000","0.0000","0.0000","1.0000","0.0000"
"100009200","BOAL01174-BOAL00317-BOAL00321-BOAL00323-BOAL00325","1.0000","0.0000","0.0000","1.0000","0.0000"
"100009200","BOAL00317","2.0000","0.0000","0.0000","0.0000","0.0000"
"100009200","BOAL00321","2.0000","0.0000","0.0000","0.0000","0.0000"
"100009200","BOAL00323","2.0000","0.0000","0.0000","0.0000","0.0000"
"100009200","BOAL00325","2.0000","0.0000","0.0000","0.0000","0.0000"
"100009201","ME00C127","1.0000","1.0000","1.0000","0.0000","0.0000"
"100009202","BOVA01460","1.0000","1.0000","1.0000","0.0000","0.0000"
"100009203","BOVE00547","1.0000","1.0000","1.0000","0.0000","0.0000"
"100009204","BOVE00626","2.0000","2.0000","2.0000","0.0000","0.0000"
"100009205","49MDF-0461","1.0000","1.0000","1.0000","0.0000","0.0000"
"100009206","BOVE00541","1.0000","1.0000","1.0000","0.0000","0.0000"
"100009206","BOVE00355","1.0000","1.0000","1.0000","0.0000","0.0000"
"100009207","BOVE00359","1.0000","1.0000","1.0000","0.0000","0.0000"
"100009208","BOVE00547","1.0000","1.0000","1.0000","0.0000","0.0000"
"100009209","BOVE00505","4.0000","0.0000","0.0000","4.0000","0.0000"
"100009210","49MDF-0461","1.0000","1.0000","1.0000","0.0000","1.0000"
"100009211","BOVE00503","1.0000","1.0000","1.0000","0.0000","0.0000"
"100009212","48CAR-0052","1.0000","1.0000","1.0000","0.0000","0.0000"
"100009213","BOVE00012","1.0000","1.0000","1.0000","0.0000","0.0000"
"100009213","BOVE00010","1.0000","1.0000","1.0000","0.0000","0.0000"
"100009214","BOCI00612","1.0000","0.0000","0.0000","1.0000","0.0000"
"100009214","BOCI00316","1.0000","0.0000","0.0000","1.0000","0.0000"
"100009214","PPIN47642-40","1.0000","0.0000","0.0000","1.0000","0.0000"
"100009215","BOCI00612","1.0000","1.0000","1.0000","0.0000","0.0000"
"100009215","BOCI00316","1.0000","1.0000","1.0000","0.0000","0.0000"
"100009215","PPIN47642-40","1.0000","1.0000","1.0000","0.0000","0.0000"
"100009216","BOVA00939","7.0000","7.0000","7.0000","0.0000","0.0000"
"100009216","BOVE00797-BOVE00796-BOVE00795-BOVE00794","7.0000","7.0000","7.0000","0.0000","0.0000"
"100009216","BOVE00796","7.0000","1.0000","0.0000","0.0000","0.0000"
"100009216","BOVE00795","7.0000","1.0000","0.0000","0.0000","0.0000"
"100009216","BOVE00794","7.0000","1.0000","0.0000","0.0000","0.0000"
"100009217","BOVE00111","1.0000","1.0000","1.0000","0.0000","0.0000"
"100009218","BOVE00540","1.0000","1.0000","1.0000","0.0000","0.0000"
"100009219","CCS0010015","6.0000","6.0000","6.0000","0.0000","0.0000"
"100009219","CCS0010005","6.0000","6.0000","6.0000","0.0000","0.0000"
"100009219","CCS0010002","18.0000","18.0000","18.0000","0.0000","0.0000"
"100009220","PTHE19709-00","1.0000","1.0000","1.0000","0.0000","0.0000"
"100009221","BOAL00612","1.0000","1.0000","1.0000","0.0000","0.0000"
"100009221","BOAL00606","1.0000","1.0000","1.0000","0.0000","0.0000"
"100009221","BOAL00929","1.0000","1.0000","1.0000","0.0000","0.0000"
"100009222","BOBB00121","1.0000","1.0000","1.0000","0.0000","0.0000"
"100009223","BOAL01524-48CAR-0052-BOAL01507-BOAL01508-BOAL01509-BOAL01510-48CAR-0052","1.0000","1.0000","1.0000","0.0000","0.0000"
"100009223","BOAL01507","2.0000","1.0000","0.0000","0.0000","0.0000"
"100009223","BOAL01508","2.0000","1.0000","0.0000","0.0000","0.0000"
"100009223","BOAL01509","2.0000","1.0000","0.0000","0.0000","0.0000"
"100009223","BOAL01510","2.0000","1.0000","0.0000","0.0000","0.0000"
"100009223","48CAR-0052","1.0000","1.0000","0.0000","0.0000","0.0000"
"100009224","PCUI41605-00","1.0000","1.0000","1.0000","0.0000","0.0000"
"100009225","CCS0010002","8.0000","8.0000","8.0000","0.0000","0.0000"
"100009226","BOAL01243-24CAR-0381-BOAL00428-BOAL00433-BOAL00434-BOAL00436-24CAR-0381","1.0000","1.0000","1.0000","0.0000","0.0000"
"100009226","BOAL00428","1.0000","1.0000","0.0000","0.0000","0.0000"
"100009226","BOAL00433","1.0000","1.0000","0.0000","0.0000","0.0000"
"100009226","BOAL00434","1.0000","1.0000","0.0000","0.0000","0.0000"
"100009226","BOAL00436","1.0000","1.0000","0.0000","0.0000","0.0000"
"100009226","24CAR-0381","1.0000","1.0000","0.0000","0.0000","0.0000"
"100009227","BOVE00309","1.0000","1.0000","1.0000","0.0000","0.0000"
"100009228","BOVE00394","2.0000","2.0000","2.0000","0.0000","0.0000"
"100009228","BOVE00395","2.0000","2.0000","2.0000","0.0000","0.0000"
"100009229","CCS0010008","4.0000","0.0000","0.0000","4.0000","0.0000"
"100009229","SDO0011047","1.0000","0.0000","0.0000","1.0000","0.0000"
"100009229","SDO0011059","1.0000","0.0000","0.0000","1.0000","0.0000"
"100009229","SDO0011020","1.0000","0.0000","0.0000","1.0000","0.0000"
"100009230","CCS0010008","4.0000","4.0000","4.0000","0.0000","0.0000"
"100009230","SDO0011047","1.0000","1.0000","1.0000","0.0000","0.0000"
"100009230","SDO0011059","1.0000","1.0000","1.0000","0.0000","0.0000"
"100009230","SDO0011020","1.0000","1.0000","1.0000","0.0000","0.0000"
"100009231","CCS0010003","6.0000","6.0000","6.0000","0.0000","0.0000"
"100009232","BOVE00512","2.0000","2.0000","2.0000","0.0000","0.0000"
"100009233","BOAL01507","2.0000","2.0000","2.0000","0.0000","0.0000"
"100009234","BOVE00631","2.0000","2.0000","2.0000","0.0000","0.0000"
"100009234","BOVE00343","2.0000","2.0000","2.0000","0.0000","0.0000"
"100009235","LLRFLE0120","1.0000","1.0000","1.0000","0.0000","0.0000"
"100009236","PPLAN42537-50","1.0000","1.0000","1.0000","0.0000","0.0000"
"100009237","LLRSOL0028","1.0000","1.0000","1.0000","0.0000","0.0000"
"100009238","BGDCAS011-BGDCAS001-BGDCAS006-BGDCAS009-BGDCAS007","2.0000","2.0000","2.0000","0.0000","0.0000"
"100009238","BGDCAS001","2.0000","1.0000","0.0000","0.0000","0.0000"
"100009238","BGDCAS006","2.0000","1.0000","0.0000","0.0000","0.0000"
"100009238","BGDCAS009","2.0000","1.0000","0.0000","0.0000","0.0000"
"100009238","BGDCAS007","2.0000","1.0000","0.0000","0.0000","0.0000"
"100009239","BNNPOS0008","1.0000","1.0000","1.0000","0.0000","0.0000"
"100009240","BOAL01183-BOAL00328-BOAL00327-BOAL00330-BOAL00329","1.0000","1.0000","1.0000","0.0000","0.0000"
"100009240","BOAL00328","2.0000","1.0000","0.0000","0.0000","0.0000"
"100009240","BOAL00327","2.0000","1.0000","0.0000","0.0000","0.0000"
"100009240","BOAL00330","2.0000","1.0000","0.0000","0.0000","0.0000"
"100009240","BOAL00329","2.0000","1.0000","0.0000","0.0000","0.0000"
"100009241","BBR0010002","1.0000","1.0000","1.0000","0.0000","0.0000"
"100009242","BOVE00512","2.0000","2.0000","2.0000","0.0000","0.0000"
"100009243","BOVE00363","2.0000","2.0000","2.0000","0.0000","0.0000"
"100009244","BOVE00359","1.0000","1.0000","1.0000","0.0000","0.0000"
"100009245","LLRVEG0104","2.0000","2.0000","2.0000","0.0000","0.0000"
"100009246","PCUI48280-28","1.0000","1.0000","1.0000","0.0000","0.0000"
"100009247","PPOT47606-05","40.0000","40.0000","40.0000","0.0000","0.0000"
"100009248","CPR0010009","2.0000","2.0000","2.0000","0.0000","0.0000"
"100009249","CCS0010014","5.0000","5.0000","5.0000","0.0000","0.0000"
"100009250","BOVA01081","12.0000","12.0000","12.0000","0.0000","0.0000"
"100009250","BCO0040055-BCO0040049-BCO0040050-BCO0040051-BCO0040052","1.0000","1.0000","1.0000","0.0000","0.0000"
"100009250","BCO0040049","2.0000","1.0000","1.0000","0.0000","0.0000"
"100009250","BCO0040050","2.0000","1.0000","1.0000","0.0000","0.0000"
"100009250","BCO0040051","2.0000","1.0000","1.0000","0.0000","0.0000"
"100009250","BCO0040052","2.0000","1.0000","1.0000","0.0000","0.0000"
"100009250","BOVE00203","2.0000","2.0000","2.0000","0.0000","0.0000"
"100009250","BOVE00202","2.0000","2.0000","2.0000","0.0000","0.0000"
"100009251","BOVE00790","1.0000","1.0000","1.0000","0.0000","0.0000"
"100009252","BOVE00513","1.0000","1.0000","1.0000","0.0000","0.0000"
"100009253","49MDF-0461","1.0000","1.0000","1.0000","0.0000","0.0000"
"100009254","BOVE00547","1.0000","0.0000","0.0000","1.0000","0.0000"
"100009255","BOAL01174-49MDF-0461-BOAL00317-BOAL00321-BOAL00323-BOAL00325-49MDF-0461","1.0000","1.0000","1.0000","0.0000","0.0000"
"100009255","BOAL00317","2.0000","1.0000","0.0000","0.0000","0.0000"
"100009255","BOAL00321","2.0000","1.0000","0.0000","0.0000","0.0000"
"100009255","BOAL00323","2.0000","1.0000","0.0000","0.0000","0.0000"
"100009255","BOAL00325","2.0000","1.0000","0.0000","0.0000","0.0000"
"100009255","49MDF-0461","1.0000","1.0000","0.0000","0.0000","0.0000"
"100009256","BOVE00470","1.0000","0.0000","0.0000","1.0000","0.0000"
"100009257","BOVE00470","1.0000","0.0000","0.0000","1.0000","0.0000"
"100009258","BOVE00470","1.0000","0.0000","0.0000","1.0000","0.0000"
"100009259","BOVE00283","3.0000","3.0000","3.0000","0.0000","0.0000"
"100009259","BOCI00411","1.0000","1.0000","1.0000","0.0000","0.0000"
"100009259","PRAC48621-02","1.0000","1.0000","1.0000","0.0000","0.0000"
"100009259","PPLAN42521-24","1.0000","1.0000","1.0000","0.0000","0.0000"
"100009260","BOVE00470","1.0000","0.0000","0.0000","1.0000","0.0000"
"100009261","BOVE00470","1.0000","0.0000","0.0000","1.0000","0.0000"
"100009262","BOVE00470","1.0000","0.0000","0.0000","1.0000","0.0000"
"100009263","BOVE00470","1.0000","0.0000","0.0000","1.0000","0.0000"
"100009264","BOVE00444","1.0000","1.0000","1.0000","0.0000","0.0000"
"100009265","BOVE00559","1.0000","1.0000","1.0000","0.0000","0.0000"
"100009266","BOVE00443","1.0000","1.0000","1.0000","0.0000","0.0000"
"100009267","BOVE00470","1.0000","0.0000","0.0000","1.0000","0.0000"
"100009268","BOVE00470","1.0000","0.0000","0.0000","1.0000","0.0000"
"100009269","BOVE00394","1.0000","1.0000","1.0000","0.0000","0.0000"
"100009270","CCS0010005","4.0000","4.0000","4.0000","0.0000","0.0000"
"100009271","BOBB00028","1.0000","1.0000","1.0000","0.0000","0.0000"
"100009272","BOBB00019","2.0000","2.0000","2.0000","0.0000","0.0000"
"100009273","BOVE00312","2.0000","2.0000","2.0000","0.0000","0.0000"
"100009274","BOAL01183-BOAL00328-BOAL00327-BOAL00330-BOAL00329","1.0000","1.0000","1.0000","0.0000","0.0000"
"100009274","BOAL00328","2.0000","1.0000","0.0000","0.0000","0.0000"
"100009274","BOAL00327","2.0000","1.0000","0.0000","0.0000","0.0000"
"100009274","BOAL00330","2.0000","1.0000","0.0000","0.0000","0.0000"
"100009274","BOAL00329","2.0000","1.0000","0.0000","0.0000","0.0000"
"100009275","BOVE00359","1.0000","1.0000","1.0000","0.0000","0.0000"
"100009276","BOVE00349","1.0000","1.0000","1.0000","0.0000","0.0000"
"100009277","BOAL01182-BOAL00327-BOAL00328-BOAL00329-BOAL00330","1.0000","1.0000","1.0000","0.0000","0.0000"
"100009277","BOAL00327","1.0000","1.0000","0.0000","0.0000","0.0000"
"100009277","BOAL00328","1.0000","1.0000","0.0000","0.0000","0.0000"
"100009277","BOAL00329","1.0000","1.0000","0.0000","0.0000","0.0000"
"100009277","BOAL00330","1.0000","1.0000","0.0000","0.0000","0.0000"
"100009278","BOAL00702","1.0000","1.0000","1.0000","0.0000","0.0000"
"100009279","BOVE00547","1.0000","1.0000","1.0000","0.0000","0.0000"
"100009279","PPABAR0002","1.0000","1.0000","1.0000","0.0000","0.0000"
"100009280","CCS0010014","6.0000","6.0000","6.0000","0.0000","0.0000"
"100009281","PFLE47742-01","2.0000","2.0000","2.0000","0.0000","0.0000"
"100009282","BCO0080012-24CAR-0381-24CAR-0381-BCO0080001-BCO0080002-BCO0080003-BCO0080004","1.0000","1.0000","1.0000","0.0000","0.0000"
"100009282","24CAR-0381","1.0000","1.0000","1.0000","0.0000","0.0000"
"100009282","BCO0080001","1.0000","1.0000","1.0000","0.0000","0.0000"
"100009282","BCO0080002","1.0000","1.0000","1.0000","0.0000","0.0000"
"100009282","BCO0080003","1.0000","1.0000","1.0000","0.0000","0.0000"
"100009282","BCO0080004","1.0000","1.0000","1.0000","0.0000","0.0000"
"100009283","BOVE00196","2.0000","2.0000","2.0000","0.0000","0.0000"
"100009284","BOVE00790","1.0000","1.0000","1.0000","0.0000","0.0000"
"100009285","BOVE00281","1.0000","0.0000","0.0000","1.0000","0.0000"
"100009286","BOVE00281","1.0000","1.0000","1.0000","0.0000","0.0000"
"100009287","51MDF-5100","1.0000","1.0000","1.0000","0.0000","0.0000"
"100009288","BOAL00342","1.0000","1.0000","1.0000","0.0000","0.0000"
"100009288","BOAL00344","1.0000","1.0000","1.0000","0.0000","0.0000"
"100009288","BOAL00349","1.0000","1.0000","1.0000","0.0000","0.0000"
"100009289","CBR0010002","1.0000","1.0000","1.0000","0.0000","0.0000"
"100009289","BOVE00569","1.0000","1.0000","1.0000","0.0000","0.0000"
"100009289","BOVE00570","1.0000","1.0000","1.0000","0.0000","0.0000"
"100009290","BOVE00372","2.0000","2.0000","2.0000","0.0000","0.0000"
"100009291","LLRMIS0092","1.0000","1.0000","1.0000","0.0000","0.0000"
"100009291","LLRMIS0093","2.0000","2.0000","2.0000","0.0000","0.0000"
"100009292","PSHAK41481-03","1.0000","1.0000","1.0000","0.0000","0.0000"
"100009293","LLRRIN0147-LLRRIN0147-1-LLRRIN0147-2","1.0000","1.0000","1.0000","0.0000","0.0000"
"100009293","LLRRIN0147-1","1.0000","1.0000","0.0000","0.0000","0.0000"
"100009293","LLRRIN0147-2","1.0000","1.0000","0.0000","0.0000","0.0000"
"100009294","BOAL00317","2.0000","2.0000","2.0000","0.0000","0.0000"
"100009294","BOAL00321","2.0000","2.0000","2.0000","0.0000","0.0000"
"100009294","BOAL00325","2.0000","2.0000","2.0000","0.0000","0.0000"
"100009294","BOAL00324","2.0000","2.0000","2.0000","0.0000","0.0000"
"100009295","BCO0080013-51MDF-5100-51MDF-5100-BCO0080001-BCO0080002-BCO0080003-BCO0080004","1.0000","1.0000","1.0000","0.0000","0.0000"
"100009295","51MDF-5100","1.0000","1.0000","0.0000","0.0000","0.0000"
"100009295","BCO0080001","2.0000","1.0000","0.0000","0.0000","0.0000"
"100009295","BCO0080002","2.0000","1.0000","0.0000","0.0000","0.0000"
"100009295","BCO0080003","2.0000","1.0000","0.0000","0.0000","0.0000"
"100009295","BCO0080004","2.0000","1.0000","0.0000","0.0000","0.0000"
"100009296","LLRGRA0051","1.0000","1.0000","1.0000","0.0000","0.0000"
"100009296","LLRGRA0052-LLRGRA0052-1-LLRGRA0052-2","1.0000","1.0000","1.0000","0.0000","0.0000"
"100009296","LLRGRA0052-1","1.0000","1.0000","1.0000","0.0000","0.0000"
"100009296","LLRGRA0052-2","1.0000","1.0000","1.0000","0.0000","0.0000"
"100009297","49MDF-0461","1.0000","1.0000","1.0000","0.0000","0.0000"
"100009298","PCUI48280-29","1.0000","1.0000","1.0000","0.0000","0.0000"
"100009299","BOVE00658","1.0000","0.0000","0.0000","1.0000","0.0000"
"100009300","BOVE00658","1.0000","1.0000","1.0000","0.0000","0.0000"
"100009301","BOCI00502","7.0000","7.0000","7.0000","0.0000","0.0000"
"100009301","BOCI00500","1.0000","1.0000","1.0000","0.0000","0.0000"
"100009302","BOAL01178-BOAL00317-BOAL00321-BOAL00323-BOAL00325-BOAL00319-BOAL00322-BOAL00326","1.0000","1.0000","1.0000","0.0000","0.0000"
"100009302","BOAL00317","2.0000","1.0000","0.0000","0.0000","0.0000"
"100009302","BOAL00321","2.0000","1.0000","0.0000","0.0000","0.0000"
"100009302","BOAL00323","2.0000","1.0000","0.0000","0.0000","0.0000"
"100009302","BOAL00325","2.0000","1.0000","0.0000","0.0000","0.0000"
"100009302","BOAL00319","2.0000","1.0000","0.0000","0.0000","0.0000"
"100009302","BOAL00322","2.0000","1.0000","0.0000","0.0000","0.0000"
"100009302","BOAL00326","2.0000","1.0000","0.0000","0.0000","0.0000"
"100009303","BOAL00929","2.0000","2.0000","2.0000","0.0000","0.0000"
"100009304","BGDNEW012-24CAR-0381-24CAR-0381-BGDNEW001-BGDNEW005-BGDNEW006-BGDNEW007","2.0000","2.0000","2.0000","0.0000","0.0000"
"100009304","24CAR-0381","2.0000","1.0000","0.0000","0.0000","0.0000"
"100009304","BGDNEW001","2.0000","1.0000","0.0000","0.0000","0.0000"
"100009304","BGDNEW005","2.0000","1.0000","0.0000","0.0000","0.0000"
"100009304","BGDNEW006","2.0000","1.0000","0.0000","0.0000","0.0000"
"100009304","BGDNEW007","2.0000","1.0000","0.0000","0.0000","0.0000"
"100009305","PSHAK41483-04","1.0000","1.0000","1.0000","0.0000","0.0000"
"100009306","BOAL01076-BOAL00109-BOAL00111-BOAL00113-BOAL00116","1.0000","1.0000","1.0000","0.0000","0.0000"
"100009306","BOAL00109","1.0000","1.0000","0.0000","0.0000","0.0000"
"100009306","BOAL00111","1.0000","1.0000","0.0000","0.0000","0.0000"
"100009306","BOAL00113","1.0000","1.0000","0.0000","0.0000","0.0000"
"100009306","BOAL00116","1.0000","1.0000","0.0000","0.0000","0.0000"
"100009306","49MDF-0461","1.0000","1.0000","1.0000","0.0000","0.0000"
"100009307","ME00C51","1.0000","1.0000","1.0000","0.0000","0.0000"
"100009308","BOVE00118","1.0000","1.0000","1.0000","0.0000","0.0000"
"100009309","BOVE00554","1.0000","1.0000","1.0000","0.0000","0.0000"
"100009309","BOVE00386","1.0000","1.0000","1.0000","0.0000","0.0000"
"100009309","BOVE00575","1.0000","1.0000","1.0000","0.0000","0.0000"
"100009309","BOVE00556","1.0000","1.0000","1.0000","0.0000","0.0000"
"100009309","BOVE00281","1.0000","1.0000","1.0000","0.0000","0.0000"
"100009309","LLRSWE0096","1.0000","1.0000","1.0000","0.0000","0.0000"
"100009309","LLRSWE0098","1.0000","1.0000","1.0000","0.0000","0.0000"
"100009310","BOBB00096","2.0000","2.0000","2.0000","0.0000","0.0000"
"100009310","BOBB00074","1.0000","1.0000","1.0000","0.0000","0.0000"
"100009311","BCO0010001","1.0000","1.0000","1.0000","0.0000","0.0000"
"100009311","BCO0010002","1.0000","1.0000","1.0000","0.0000","0.0000"
"100009311","BCO0010005","1.0000","1.0000","1.0000","0.0000","0.0000"
"100009312","PFLE47742-04","1.0000","0.0000","0.0000","1.0000","0.0000"
"100009312","PTHE19706-00","1.0000","0.0000","0.0000","1.0000","0.0000"
"100009313","PFLE47742-01","1.0000","1.0000","1.0000","0.0000","0.0000"
"100009314","PFLE47742-04","1.0000","1.0000","1.0000","0.0000","0.0000"
"100009314","PTHE19706-00","1.0000","1.0000","1.0000","0.0000","0.0000"
"100009315","49MDF-0461","1.0000","1.0000","1.0000","0.0000","0.0000"
"100009316","PTHE19709-00","2.0000","2.0000","2.0000","0.0000","0.0000"
"100009317","BOBB00038","1.0000","1.0000","1.0000","0.0000","0.0000"
"100009317","BOVE00556","2.0000","2.0000","2.0000","0.0000","0.0000"
"100009318","BOVE00537","1.0000","1.0000","1.0000","0.0000","0.0000"
"100009318","BOBB00045","1.0000","1.0000","1.0000","0.0000","0.0000"
"100009318","BOBB00032","1.0000","1.0000","1.0000","0.0000","0.0000"
"100009319","BOVA01180","3.0000","3.0000","3.0000","0.0000","0.0000"
"100009320","BOVE00284","1.0000","1.0000","1.0000","0.0000","0.0000"
"100009320","BOVE00519","1.0000","1.0000","1.0000","0.0000","0.0000"
"100009321","PFOUR52550-19","1.0000","1.0000","1.0000","0.0000","0.0000"
"100009322","BOBB00121","2.0000","2.0000","2.0000","0.0000","0.0000"
"100009323","BOAL00938","1.0000","1.0000","1.0000","0.0000","0.0000"
"100009324","BOVE00513","1.0000","1.0000","1.0000","0.0000","0.0000"
"100009325","CCS0010015","4.0000","4.0000","4.0000","0.0000","0.0000"
"100009325","CCS0010002","2.0000","2.0000","2.0000","0.0000","0.0000"
"100009326","LLRVEN0088","1.0000","1.0000","1.0000","0.0000","0.0000"
"100009327","BET0110003-48CAR-0052-48CAR-0052-BOAL00607-BOAL00613-BOAL00615-BOAL00609","1.0000","1.0000","1.0000","0.0000","0.0000"
"100009327","48CAR-0052","1.0000","1.0000","0.0000","0.0000","0.0000"
"100009327","BOAL00607","2.0000","1.0000","0.0000","0.0000","0.0000"
"100009327","BOAL00613","2.0000","1.0000","0.0000","0.0000","0.0000"
"100009327","BOAL00615","2.0000","1.0000","0.0000","0.0000","0.0000"
"100009327","BOAL00609","2.0000","1.0000","0.0000","0.0000","0.0000"
"100009328","BOVE00503","2.0000","2.0000","2.0000","0.0000","0.0000"
"100009329","CCS0010002","12.0000","12.0000","12.0000","0.0000","0.0000"
"100009329","CCS0010012","12.0000","12.0000","12.0000","0.0000","0.0000"
"100009330","BOVE00468","1.0000","1.0000","1.0000","0.0000","0.0000"
"100009331","BOAL00700","1.0000","1.0000","1.0000","0.0000","0.0000"
"100009331","BOCI00738","1.0000","1.0000","1.0000","0.0000","0.0000"
"100009331","BOCI00737","1.0000","1.0000","1.0000","0.0000","0.0000"
"100009331","BOCI00740","1.0000","1.0000","1.0000","0.0000","0.0000"
"100009332","PCUI41473-31","1.0000","1.0000","1.0000","0.0000","0.0000"
"100009333","BOVE00113","2.0000","2.0000","2.0000","0.0000","0.0000"
"100009334","PFLE47742-04","1.0000","1.0000","1.0000","0.0000","0.0000"
"100009334","PFLE47742-13","1.0000","1.0000","1.0000","0.0000","0.0000"
"100009335","BOVE00387","2.0000","2.0000","2.0000","0.0000","0.0000"
"100009336","BOVE00364","1.0000","0.0000","0.0000","1.0000","0.0000"
"100009337","BOVE00505","3.0000","3.0000","3.0000","0.0000","0.0000"
"100009338","BOVE00364","1.0000","1.0000","1.0000","0.0000","0.0000"
"100009339","PPELL41735-20","1.0000","1.0000","1.0000","0.0000","0.0000"
"100009340","BOVE00443","1.0000","1.0000","1.0000","0.0000","0.0000"
"100009341","BOVE00354","1.0000","1.0000","1.0000","0.0000","0.0000"
"100009341","BOVE00575","2.0000","2.0000","2.0000","0.0000","0.0000"
"100009341","BOVE00355","1.0000","1.0000","1.0000","0.0000","0.0000"
"100009342","BOVE00010","2.0000","2.0000","2.0000","0.0000","0.0000"
"100009343","BOVE00387","1.0000","1.0000","1.0000","0.0000","0.0000"
"100009344","BOVE00469","1.0000","1.0000","1.0000","0.0000","0.0000"
"100009345","LLW-16N","1.0000","1.0000","1.0000","0.0000","0.0000"
"100009346","FREV001082","2.0000","2.0000","2.0000","0.0000","0.0000"
"100009346","FREV002274","2.0000","2.0000","2.0000","0.0000","0.0000"
"100009346","FREV002271","2.0000","2.0000","2.0000","0.0000","0.0000"
"100009346","BOVA01314","8.0000","8.0000","8.0000","0.0000","0.0000"
"100009347","PFLE47742-01","1.0000","1.0000","1.0000","0.0000","0.0000"
"100009347","PFLE47742-13","1.0000","1.0000","1.0000","0.0000","0.0000"
"100009348","PPOM41499-00","3.0000","3.0000","3.0000","0.0000","0.0000"
"100009349","BOVE00513","1.0000","1.0000","1.0000","0.0000","0.0000"
"100009350","LLRBUB0132","1.0000","1.0000","1.0000","0.0000","0.0000"
"100009351","BOVE00444","1.0000","1.0000","1.0000","0.0000","0.0000"
"100009352","ME00C51","1.0000","1.0000","1.0000","0.0000","0.0000"
"100009353","48CAR-0052","1.0000","1.0000","1.0000","0.0000","0.0000"
"100009354","BBR0010001","1.0000","1.0000","1.0000","0.0000","0.0000"
"100009354","BOVE00488","1.0000","1.0000","1.0000","0.0000","0.0000"
"100009355","48CAR-0052","1.0000","1.0000","1.0000","0.0000","0.0000"
"100009356","BOBB00299","1.0000","1.0000","1.0000","0.0000","0.0000"
"100009357","CCS0010009","8.0000","8.0000","8.0000","0.0000","0.0000"
"100009357","CCS0010005","12.0000","12.0000","12.0000","0.0000","0.0000"
"100009357","BOAL00939","1.0000","1.0000","1.0000","0.0000","0.0000"
"100009358","BOAL01433-48CAR-0052-BOAL00209-BOAL00262-BOAL00220-BOAL00239-48CAR-0052","1.0000","1.0000","1.0000","0.0000","0.0000"
"100009358","BOAL00209","2.0000","1.0000","1.0000","0.0000","0.0000"
"100009358","BOAL00262","2.0000","1.0000","1.0000","0.0000","0.0000"
"100009358","BOAL00220","2.0000","1.0000","1.0000","0.0000","0.0000"
"100009358","BOAL00239","2.0000","1.0000","1.0000","0.0000","0.0000"
"100009358","48CAR-0052","1.0000","1.0000","1.0000","0.0000","0.0000"
"100009359","BOVA01199","3.0000","3.0000","3.0000","0.0000","0.0000"
"100009359","BOVA01198","3.0000","3.0000","3.0000","0.0000","0.0000"
"100009359","BOVA01200","2.0000","2.0000","2.0000","0.0000","0.0000"
"100009359","BOVE00588","1.0000","1.0000","1.0000","0.0000","0.0000"
"100009359","PSPA48278-86","1.0000","1.0000","1.0000","0.0000","0.0000"
"100009360","CCS0010005","12.0000","12.0000","12.0000","0.0000","0.0000"
"100009360","CCS0010013","12.0000","12.0000","12.0000","0.0000","0.0000"
"100009360","BOBB00025","1.0000","1.0000","1.0000","0.0000","0.0000"
"100009361","CAR0010002","2.0000","2.0000","2.0000","0.0000","0.0000"
"100009362","LLRBOR0119","1.0000","1.0000","1.0000","0.0000","0.0000"
"100009363","CBR0010002","1.0000","1.0000","1.0000","0.0000","0.0000"
"100009364","BOAL01173-24CAR-0381-BOAL00317-BOAL00321-BOAL00323-BOAL00325-24CAR-0381","1.0000","1.0000","1.0000","0.0000","0.0000"
"100009364","BOAL00317","1.0000","1.0000","0.0000","0.0000","0.0000"
"100009364","BOAL00321","1.0000","1.0000","0.0000","0.0000","0.0000"
"100009364","BOAL00323","1.0000","1.0000","0.0000","0.0000","0.0000"
"100009364","BOAL00325","1.0000","1.0000","0.0000","0.0000","0.0000"
"100009364","24CAR-0381","1.0000","1.0000","0.0000","0.0000","0.0000"
"100009365","BOVE00513","1.0000","1.0000","1.0000","0.0000","0.0000"
"100009366","BOVE00271","1.0000","1.0000","1.0000","0.0000","0.0000"
"100009367","CCSEXP0017","1.0000","0.0000","0.0000","1.0000","0.0000"
"100009368","CCSEXP0017","1.0000","0.0000","0.0000","1.0000","0.0000"
"100009369","BOVE00393","1.0000","1.0000","1.0000","0.0000","0.0000"
"100009370","ME00C51","1.0000","1.0000","1.0000","0.0000","0.0000"
"100009371","CCSEXP0017","1.0000","0.0000","0.0000","1.0000","0.0000"
"100009372","BOVE00296","1.0000","0.0000","0.0000","1.0000","0.0000"
"100009373","48CAR-0052","2.0000","2.0000","2.0000","0.0000","2.0000"
"100009374","BOVE00496","1.0000","1.0000","1.0000","0.0000","0.0000"
"100009375","PTHE19709-00","1.0000","1.0000","1.0000","0.0000","0.0000"
"100009376","BOVE00659","1.0000","1.0000","1.0000","0.0000","0.0000"
"100009377","BOAL01241-ME00C127-BOAL00408-BOAL00412-BOAL00414-BOAL00416-BOAL00410-BOAL00413-BOAL00417-BOAL00415-BOAL00409-BOAL00411-ME00C127","1.0000","1.0000","1.0000","0.0000","0.0000"
"100009377","BOAL00408","2.0000","1.0000","0.0000","0.0000","0.0000"
"100009377","BOAL00412","2.0000","1.0000","0.0000","0.0000","0.0000"
"100009377","BOAL00414","2.0000","1.0000","0.0000","0.0000","0.0000"
"100009377","BOAL00416","2.0000","1.0000","0.0000","0.0000","0.0000"
"100009377","BOAL00410","2.0000","1.0000","0.0000","0.0000","0.0000"
"100009377","BOAL00413","2.0000","1.0000","0.0000","0.0000","0.0000"
"100009377","BOAL00417","2.0000","1.0000","0.0000","0.0000","0.0000"
"100009377","BOAL00415","2.0000","1.0000","0.0000","0.0000","0.0000"
"100009377","BOAL00409","2.0000","1.0000","0.0000","0.0000","0.0000"
"100009377","BOAL00411","2.0000","1.0000","0.0000","0.0000","0.0000"
"100009377","ME00C127","1.0000","1.0000","0.0000","0.0000","0.0000"
"100009378","PPABAR0001","1.0000","1.0000","1.0000","0.0000","0.0000"
"100009379","BOBB00038","4.0000","4.0000","4.0000","0.0000","0.0000"
"100009380","BOVA01258","1.0000","1.0000","1.0000","0.0000","0.0000"
"100009381","BOAL01495-BOAL01492-BOAL00422-BOAL00424-BOAL00426","1.0000","1.0000","1.0000","0.0000","0.0000"
"100009381","BOAL01492","2.0000","1.0000","0.0000","0.0000","0.0000"
"100009381","BOAL00422","2.0000","1.0000","0.0000","0.0000","0.0000"
"100009381","BOAL00424","2.0000","1.0000","0.0000","0.0000","0.0000"
"100009381","BOAL00426","2.0000","1.0000","0.0000","0.0000","0.0000"
"100009382","LLRBUB002","2.0000","2.0000","2.0000","0.0000","0.0000"
"100009383","49MDF-0461","4.0000","4.0000","4.0000","0.0000","0.0000"
"100009384","ME00C51","1.0000","1.0000","1.0000","0.0000","0.0000"
"100009385","BOAL00923","6.0000","0.0000","0.0000","6.0000","0.0000"
"100009385","BOVE00281","1.0000","0.0000","0.0000","1.0000","0.0000"
"100009385","PROU18324-10","1.0000","0.0000","0.0000","1.0000","0.0000"
"100009385","PZES48280-90","1.0000","0.0000","0.0000","1.0000","0.0000"
"100009386","BOAL00923","6.0000","0.0000","0.0000","6.0000","0.0000"
"100009386","BOVE00281","1.0000","0.0000","0.0000","1.0000","0.0000"
"100009386","PROU18324-10","1.0000","0.0000","0.0000","1.0000","0.0000"
"100009386","PZES48280-90","1.0000","0.0000","0.0000","1.0000","0.0000"
"100009387","BOAL00923","6.0000","0.0000","0.0000","6.0000","0.0000"
"100009387","BOVE00281","1.0000","0.0000","0.0000","1.0000","0.0000"
"100009387","PROU18324-10","1.0000","0.0000","0.0000","1.0000","0.0000"
"100009387","PZES48280-90","1.0000","0.0000","0.0000","1.0000","0.0000"
"100009388","BOAL00923","6.0000","0.0000","0.0000","6.0000","0.0000"
"100009388","BOVE00281","1.0000","0.0000","0.0000","1.0000","0.0000"
"100009388","PROU18324-10","1.0000","0.0000","0.0000","1.0000","0.0000"
"100009388","PZES48280-90","1.0000","0.0000","0.0000","1.0000","0.0000"
"100009389","BOAL00923","6.0000","0.0000","0.0000","6.0000","0.0000"
"100009389","BOVE00281","1.0000","0.0000","0.0000","1.0000","0.0000"
"100009389","PROU18324-10","1.0000","0.0000","0.0000","1.0000","0.0000"
"100009389","PZES48280-90","1.0000","0.0000","0.0000","1.0000","0.0000"
"100009390","BOVE00117","1.0000","1.0000","1.0000","0.0000","0.0000"
"100009391","BOAL00263","6.0000","6.0000","6.0000","0.0000","0.0000"
"100009391","BOAL00703","6.0000","6.0000","6.0000","0.0000","0.0000"
"100009391","BOAL00221","6.0000","6.0000","6.0000","0.0000","0.0000"
"100009391","BOAL00217","4.0000","4.0000","4.0000","0.0000","0.0000"
"100009392","BNN0010001","1.0000","1.0000","1.0000","0.0000","0.0000"
"100009393","BOVE00224","2.0000","2.0000","2.0000","0.0000","0.0000"
"100009394","BOAL00923","6.0000","6.0000","6.0000","0.0000","0.0000"
"100009394","BOVE00281","1.0000","1.0000","1.0000","0.0000","0.0000"
"100009394","PROU18324-10","1.0000","1.0000","1.0000","0.0000","0.0000"
"100009395","BOVE00386","1.0000","1.0000","1.0000","0.0000","0.0000"
"100009395","BOVE00387","1.0000","1.0000","1.0000","0.0000","0.0000"
"100009396","EME0010004","2.0000","0.0000","0.0000","2.0000","0.0000"
"100009397","BOVE00558","1.0000","1.0000","1.0000","0.0000","0.0000"
"100009398","PSPR41635-PSPR41635-00-PSPR41635-01","1.0000","1.0000","1.0000","0.0000","0.0000"
"100009398","PSPR41635-00","1.0000","1.0000","0.0000","0.0000","0.0000"
"100009398","PSPR41635-01","1.0000","1.0000","0.0000","0.0000","0.0000"
"100009398","PCOU48280-75","1.0000","1.0000","1.0000","0.0000","0.0000"
"100009399","CCS0010002","6.0000","6.0000","6.0000","0.0000","0.0000"
"100009400","PFLE47742-30","10.0000","10.0000","10.0000","0.0000","0.0000"
"100009401","BOVE00778","1.0000","0.0000","0.0000","1.0000","0.0000"
"100009402","BOVE00778","1.0000","0.0000","0.0000","1.0000","0.0000"
"100009403","BOVE00113","1.0000","1.0000","1.0000","0.0000","0.0000"
"100009404","PAPP49844-01","1.0000","1.0000","1.0000","0.0000","0.0000"
"100009405","LLRVEN0089","1.0000","1.0000","1.0000","0.0000","0.0000"
"100009406","BOVA01180","6.0000","0.0000","0.0000","6.0000","0.0000"
"100009407","BOVA01180","6.0000","0.0000","0.0000","6.0000","0.0000"
"100009408","BOVA01180","6.0000","0.0000","0.0000","6.0000","0.0000"
"100009409","BOVE00568","1.0000","0.0000","0.0000","1.0000","0.0000"
"100009410","BOVE00568","1.0000","0.0000","0.0000","1.0000","0.0000"
"100009411","BOAL00701","1.0000","1.0000","1.0000","0.0000","0.0000"
"100009411","BOAL00473","1.0000","1.0000","1.0000","0.0000","0.0000"
"100009411","BOAL00475","1.0000","1.0000","1.0000","0.0000","0.0000"
"100009411","BOVE00482","1.0000","1.0000","1.0000","0.0000","0.0000"
"100009411","BOVE00296","1.0000","1.0000","1.0000","0.0000","0.0000"
"100009411","BOVE00312","1.0000","1.0000","1.0000","0.0000","0.0000"
"100009411","BBR0010001","1.0000","1.0000","1.0000","0.0000","0.0000"
"100009412","BOVE00359","1.0000","1.0000","1.0000","0.0000","0.0000"
"100009413","BOVE00797-BOVE00796-BOVE00795-BOVE00794","5.0000","5.0000","5.0000","0.0000","0.0000"
"100009413","BOVE00796","5.0000","1.0000","0.0000","0.0000","0.0000"
"100009413","BOVE00795","5.0000","1.0000","0.0000","0.0000","0.0000"
"100009413","BOVE00794","5.0000","1.0000","0.0000","0.0000","0.0000"
"100009414","BOVE00373","1.0000","1.0000","1.0000","0.0000","0.0000"
"100009415","BOVE00399","2.0000","2.0000","2.0000","0.0000","0.0000"
"100009416","BOAL00113","2.0000","2.0000","2.0000","0.0000","0.0000"
"100009417","BOVE00623","2.0000","0.0000","0.0000","2.0000","0.0000"
"100009418","PCOF41498-01","1.0000","1.0000","1.0000","0.0000","0.0000"
"100009419","PMESU41604-00","1.0000","1.0000","1.0000","0.0000","0.0000"
"100009420","PCOR41629-25","1.0000","1.0000","1.0000","0.0000","0.0000"
"100009421","BOAL00955","1.0000","1.0000","1.0000","0.0000","0.0000"
"100009422","BOAL00103","1.0000","1.0000","1.0000","0.0000","0.0000"
"100009423","BOVE00658","1.0000","1.0000","1.0000","0.0000","0.0000"
"100009424","48CAR-0052","1.0000","1.0000","1.0000","0.0000","0.0000"
"100009425","BOVE00503","1.0000","1.0000","1.0000","0.0000","0.0000"
"100009426","BOVE00468","1.0000","1.0000","1.0000","0.0000","0.0000"
"100009427","PSPR41635","1.0000","1.0000","1.0000","0.0000","0.0000"
"100009428","BOVE00511","3.0000","3.0000","3.0000","0.0000","0.0000"
"100009429","CCS0010003","6.0000","6.0000","6.0000","0.0000","0.0000"
"100009430","BOCI00467","1.0000","1.0000","1.0000","0.0000","0.0000"
"100009431","51MDF-5100","1.0000","1.0000","1.0000","0.0000","0.0000"
"100009432","BOAL00428","1.0000","0.0000","0.0000","1.0000","0.0000"
"100009433","BOAL00428","1.0000","0.0000","0.0000","1.0000","0.0000"
"100009434","BOVE00324","1.0000","1.0000","1.0000","0.0000","0.0000"
"100009434","BOVE00451","1.0000","1.0000","1.0000","0.0000","0.0000"
"100009435","CPR0010004","1.0000","1.0000","1.0000","0.0000","0.0000"
"100009436","BOVE00778","1.0000","1.0000","1.0000","0.0000","0.0000"
"100009437","BOVE00712","1.0000","1.0000","1.0000","0.0000","0.0000"
"100009437","BOVE00394","1.0000","1.0000","1.0000","0.0000","0.0000"
"100009438","BOVE00313","1.0000","1.0000","1.0000","0.0000","0.0000"
"100009439","PFLE47742-01","2.0000","0.0000","0.0000","2.0000","0.0000"
"100009439","PFLE47742-48","1.0000","0.0000","0.0000","1.0000","0.0000"
"100009440","PFLE47742-01","2.0000","0.0000","0.0000","2.0000","0.0000"
"100009440","PFLE47742-48","1.0000","0.0000","0.0000","1.0000","0.0000"
"100009441","PFLE47742-01","2.0000","0.0000","0.0000","2.0000","0.0000"
"100009441","PFLE47742-48","1.0000","0.0000","0.0000","1.0000","0.0000"
"100009442","PFLE47742-01","2.0000","0.0000","0.0000","2.0000","0.0000"
"100009442","PFLE47742-48","1.0000","0.0000","0.0000","1.0000","0.0000"
"100009443","PFLE47742-01","2.0000","0.0000","0.0000","2.0000","0.0000"
"100009443","PFLE47742-48","1.0000","0.0000","0.0000","1.0000","0.0000"
"100009444","PFLE47742-01","2.0000","0.0000","0.0000","2.0000","0.0000"
"100009444","PFLE47742-48","1.0000","0.0000","0.0000","1.0000","0.0000"
"100009445","ME00569","1.0000","0.0000","0.0000","1.0000","0.0000"
"100009446","ME00569","1.0000","1.0000","1.0000","0.0000","0.0000"
"100009447","BOVA01181","6.0000","6.0000","6.0000","0.0000","0.0000"
"100009448","PFLE47742-01","2.0000","0.0000","0.0000","2.0000","0.0000"
"100009448","PFLE47742-48","1.0000","0.0000","0.0000","1.0000","0.0000"
"100009449","PFLE47742-01","2.0000","2.0000","2.0000","0.0000","0.0000"
"100009450","LLRABE0017","2.0000","2.0000","2.0000","0.0000","0.0000"
"100009451","BOAL01193-BOAL00350-BOAL00355-BOAL00356","3.0000","3.0000","3.0000","0.0000","0.0000"
"100009451","BOAL00350","3.0000","1.0000","0.0000","0.0000","0.0000"
"100009451","BOAL00355","3.0000","1.0000","0.0000","0.0000","0.0000"
"100009451","BOAL00356","3.0000","1.0000","0.0000","0.0000","0.0000"
"100009452","CCS0010014","12.0000","12.0000","12.0000","0.0000","0.0000"
"100009453","BOVA01529","3.0000","3.0000","3.0000","0.0000","0.0000"
"100009453","PCOU48280-51","1.0000","1.0000","1.0000","0.0000","0.0000"
"100009454","BOVE00281","1.0000","1.0000","1.0000","0.0000","0.0000"
"100009455","FREV004189","1.0000","1.0000","1.0000","0.0000","0.0000"
"100009455","FREV002273","1.0000","1.0000","1.0000","0.0000","0.0000"
"100009455","FREV002274","1.0000","1.0000","1.0000","0.0000","0.0000"
"100009455","FREV004190","1.0000","1.0000","1.0000","0.0000","0.0000"
"100009455","FREV001082","1.0000","1.0000","1.0000","0.0000","0.0000"
"100009455","FREV002271","1.0000","1.0000","1.0000","0.0000","0.0000"
"100009456","PFLE47742-01","2.0000","2.0000","2.0000","0.0000","0.0000"
"100009457","PFLE47742-01","3.0000","3.0000","3.0000","0.0000","0.0000"
"100009458","BOVE00513","1.0000","1.0000","1.0000","0.0000","0.0000"
"100009459","LLRABE0017","2.0000","2.0000","2.0000","0.0000","0.0000"
"100009459","LLRABE0005","2.0000","2.0000","2.0000","0.0000","0.0000"
"100009459","CNNPOT0001","1.0000","1.0000","1.0000","0.0000","0.0000"
"100009460","CCS0010003","2.0000","2.0000","2.0000","0.0000","0.0000"
"100009461","BOVE00170","5.0000","0.0000","0.0000","5.0000","0.0000"
"100009462","BOVE00485","10.0000","0.0000","0.0000","10.0000","0.0000"
"100009463","49MDF-0461","1.0000","1.0000","1.0000","0.0000","0.0000"
"100009464","BOAL00614","6.0000","6.0000","6.0000","0.0000","0.0000"
"100009465","BOAL00763","48.0000","48.0000","48.0000","0.0000","0.0000"
"100009466","BOVE00228","2.0000","2.0000","2.0000","0.0000","0.0000"
"100009467","BOVE00503","1.0000","1.0000","1.0000","0.0000","0.0000"
"100009468","BGDCOL047-BGDCOL044-BGDCOL046-BGDCOL045","1.0000","1.0000","1.0000","0.0000","0.0000"
"100009468","BGDCOL044","1.0000","1.0000","0.0000","0.0000","0.0000"
"100009468","BGDCOL046","1.0000","1.0000","0.0000","0.0000","0.0000"
"100009468","BGDCOL045","1.0000","1.0000","0.0000","0.0000","0.0000"
"100009469","PFLE47742-34","1.0000","1.0000","1.0000","0.0000","0.0000"
"100009469","PFLE47742-45","1.0000","1.0000","1.0000","0.0000","0.0000"
"100009469","PFLE47742-62","1.0000","1.0000","1.0000","0.0000","0.0000"
"100009470","BGDCOL030","2.0000","0.0000","0.0000","2.0000","0.0000"
"100009470","BOAL00340","2.0000","0.0000","0.0000","2.0000","0.0000"
"100009470","BOAL00343","1.0000","0.0000","0.0000","1.0000","0.0000"
"100009470","PMAR12915-25","1.0000","0.0000","0.0000","1.0000","0.0000"
"100009471","BOAL01226-BOAL00398-BOAL00403-BOAL00404-BOAL00406","1.0000","1.0000","1.0000","0.0000","0.0000"
"100009471","BOAL00398","2.0000","1.0000","1.0000","0.0000","0.0000"
"100009471","BOAL00403","2.0000","1.0000","1.0000","0.0000","0.0000"
"100009471","BOAL00404","2.0000","1.0000","1.0000","0.0000","0.0000"
"100009471","BOAL00406","2.0000","1.0000","1.0000","0.0000","0.0000"
"100009472","BOVE00286","1.0000","1.0000","1.0000","0.0000","0.0000"
"100009473","PFLE47742-01","2.0000","2.0000","2.0000","0.0000","0.0000"
"100009474","BOVE00505","4.0000","4.0000","4.0000","0.0000","0.0000"
"100009475","BOVE00575","1.0000","1.0000","1.0000","0.0000","0.0000"
"100009475","BOVE00558","1.0000","1.0000","1.0000","0.0000","0.0000"
"100009475","BOVE00568","1.0000","1.0000","1.0000","0.0000","0.0000"
"100009476","ME00C127","1.0000","1.0000","1.0000","0.0000","0.0000"
"100009477","CLBATE0001","1.0000","0.0000","0.0000","1.0000","0.0000"
"100009478","LLRBUB002","1.0000","1.0000","1.0000","0.0000","0.0000"
"100009478","BOVE00790","1.0000","1.0000","1.0000","0.0000","0.0000"
"100009479","BOVE00485","10.0000","10.0000","10.0000","0.0000","0.0000"
"100009480","PCUI41473-31","1.0000","1.0000","1.0000","0.0000","0.0000"
"100009481","BOVE00513","1.0000","1.0000","1.0000","0.0000","0.0000"
"100009482","BOVE00394","1.0000","1.0000","1.0000","0.0000","0.0000"
"100009483","BOBB00195","1.0000","1.0000","1.0000","0.0000","0.0000"
"100009484","BOVA00922","60.0000","60.0000","60.0000","0.0000","0.0000"
"100009484","BOVA00921","60.0000","60.0000","60.0000","0.0000","0.0000"
"100009484","BOVA00920","60.0000","60.0000","60.0000","0.0000","0.0000"
"100009485","ME00C127","1.0000","0.0000","0.0000","1.0000","0.0000"
"100009486","ME00C127","1.0000","0.0000","0.0000","1.0000","0.0000"
"100009487","ME00C127","1.0000","0.0000","0.0000","1.0000","0.0000"
"100009488","49MDF-0461","2.0000","2.0000","2.0000","0.0000","0.0000"
"100009489","49MDF-0461","1.0000","1.0000","1.0000","0.0000","0.0000"
"100009490","BOVA01201","1.0000","1.0000","1.0000","0.0000","0.0000"
"100009490","BOVA01202","1.0000","1.0000","1.0000","0.0000","0.0000"
"100009490","BOVA01203","1.0000","1.0000","1.0000","0.0000","0.0000"
"100009491","PTIR41699-10","1.0000","1.0000","1.0000","0.0000","0.0000"
"100009492","BOVE00109","1.0000","0.0000","0.0000","1.0000","0.0000"
"100009493","BOCI00395","1.0000","1.0000","1.0000","0.0000","0.0000"
"100009494","BOVE00109","1.0000","0.0000","0.0000","1.0000","0.0000"
"100009495","BOVE00109","1.0000","1.0000","1.0000","0.0000","0.0000"
"100009496","BOVE00797-BOVE00796-BOVE00795-BOVE00794","2.0000","2.0000","2.0000","0.0000","0.0000"
"100009496","BOVE00796","2.0000","1.0000","1.0000","0.0000","0.0000"
"100009496","BOVE00795","2.0000","1.0000","1.0000","0.0000","0.0000"
"100009496","BOVE00794","2.0000","1.0000","1.0000","0.0000","0.0000"
"100009497","BOVA00533","12.0000","12.0000","12.0000","0.0000","0.0000"
"100009498","BOVE00517","1.0000","1.0000","1.0000","0.0000","0.0000"
"100009499","FFEDIM0001","1.0000","1.0000","1.0000","0.0000","0.0000"
"100009500","BOVE00547","3.0000","3.0000","3.0000","0.0000","0.0000"
"100009501","PDEN42563-44","1.0000","1.0000","1.0000","0.0000","0.0000"
"100009502","CBR0040001","1.0000","1.0000","1.0000","0.0000","0.0000"
"100009503","BOVE00503","1.0000","1.0000","1.0000","0.0000","0.0000"
"100009504","BOAL01183-BOAL00328-BOAL00327-BOAL00330-BOAL00329","1.0000","1.0000","1.0000","0.0000","0.0000"
"100009504","BOAL00328","2.0000","1.0000","1.0000","0.0000","0.0000"
"100009504","BOAL00327","2.0000","1.0000","1.0000","0.0000","0.0000"
"100009504","BOAL00330","2.0000","1.0000","1.0000","0.0000","0.0000"
"100009504","BOAL00329","2.0000","1.0000","1.0000","0.0000","0.0000"
"100009505","49MDF-0461","1.0000","1.0000","1.0000","0.0000","0.0000"
"100009506","49MDF-0461","1.0000","1.0000","1.0000","0.0000","0.0000"
"100009507","BOAL01182-BOAL00327-BOAL00328-BOAL00329-BOAL00330","1.0000","1.0000","1.0000","0.0000","0.0000"
"100009507","BOAL00327","1.0000","1.0000","1.0000","0.0000","0.0000"
"100009507","BOAL00328","1.0000","1.0000","1.0000","0.0000","0.0000"
"100009507","BOAL00329","1.0000","1.0000","1.0000","0.0000","0.0000"
"100009507","BOAL00330","1.0000","1.0000","1.0000","0.0000","0.0000"
"100009508","49MDF-0461","2.0000","0.0000","0.0000","2.0000","0.0000"
"100009509","BOCI00290","1.0000","1.0000","1.0000","0.0000","0.0000"
"100009510","BOVA00294","3.0000","3.0000","3.0000","0.0000","0.0000"
"100009511","PFLE47742-04","1.0000","0.0000","0.0000","1.0000","0.0000"
"100009512","CAR0010002","2.0000","2.0000","2.0000","0.0000","0.0000"
"100009513","PFLE47742-04","1.0000","1.0000","1.0000","0.0000","0.0000"
"100009514","BOVE00445","1.0000","1.0000","1.0000","0.0000","0.0000"
"100009515","BET0140003-BOAL00648-BOAL00651-BOAL00655-BOAL00652","1.0000","1.0000","1.0000","0.0000","0.0000"
"100009515","BOAL00648","2.0000","1.0000","0.0000","0.0000","0.0000"
"100009515","BOAL00651","2.0000","1.0000","0.0000","0.0000","0.0000"
"100009515","BOAL00655","2.0000","1.0000","0.0000","0.0000","0.0000"
"100009515","BOAL00652","2.0000","1.0000","0.0000","0.0000","0.0000"
"100009515","BOAL00648","1.0000","1.0000","1.0000","0.0000","0.0000"
"100009515","BOAL00651","1.0000","1.0000","1.0000","0.0000","0.0000"
"100009516","PFLE47742-40","4.0000","0.0000","0.0000","4.0000","0.0000"
"100009517","PFLE47742-40","4.0000","0.0000","0.0000","4.0000","0.0000"
"100009518","BOVA00758","2.0000","0.0000","0.0000","2.0000","0.0000"
"100009519","BOVA00758","2.0000","2.0000","2.0000","0.0000","0.0000"
"100009520","BET0140002-BOAL00648-BOAL00651-BOAL00655-BOAL00652","1.0000","1.0000","1.0000","0.0000","0.0000"
"100009520","BOAL00648","1.0000","1.0000","0.0000","0.0000","0.0000"
"100009520","BOAL00651","1.0000","1.0000","0.0000","0.0000","0.0000"
"100009520","BOAL00655","1.0000","1.0000","0.0000","0.0000","0.0000"
"100009520","BOAL00652","1.0000","1.0000","0.0000","0.0000","0.0000"
"100009520","BET0140003-BOAL00648-BOAL00651-BOAL00655-BOAL00652","1.0000","1.0000","1.0000","0.0000","0.0000"
"100009520","BOAL00648","2.0000","1.0000","0.0000","0.0000","0.0000"
"100009520","BOAL00651","2.0000","1.0000","0.0000","0.0000","0.0000"
"100009520","BOAL00655","2.0000","1.0000","0.0000","0.0000","0.0000"
"100009520","BOAL00652","2.0000","1.0000","0.0000","0.0000","0.0000"
"100009521","BOVE00530","1.0000","1.0000","1.0000","0.0000","0.0000"
"100009522","BOVE00513","1.0000","1.0000","1.0000","0.0000","0.0000"
"100009523","BOVE00455","1.0000","1.0000","1.0000","0.0000","0.0000"
"100009524","48CAR-0052","1.0000","1.0000","1.0000","0.0000","0.0000"
"100009525","PTHE19701-00","1.0000","1.0000","1.0000","0.0000","0.0000"
"100009526","BOAL01182-24CAR-0381-BOAL00327-BOAL00328-BOAL00329-BOAL00330-24CAR-0381","1.0000","1.0000","1.0000","0.0000","0.0000"
"100009526","BOAL00327","1.0000","1.0000","0.0000","0.0000","0.0000"
"100009526","BOAL00328","1.0000","1.0000","0.0000","0.0000","0.0000"
"100009526","BOAL00329","1.0000","1.0000","0.0000","0.0000","0.0000"
"100009526","BOAL00330","1.0000","1.0000","0.0000","0.0000","0.0000"
"100009526","24CAR-0381","1.0000","1.0000","0.0000","0.0000","0.0000"
"100009527","48CAR-0052","1.0000","1.0000","1.0000","0.0000","0.0000"
"100009528","BOVA01314","6.0000","6.0000","6.0000","0.0000","0.0000"
"100009529","49MDF-0461","1.0000","1.0000","1.0000","0.0000","0.0000"
"100009530","PPIQ41594-12","1.0000","1.0000","1.0000","0.0000","0.0000"
"100009530","BOAL00940","1.0000","1.0000","1.0000","0.0000","0.0000"
"100009530","PPIN48240-00","1.0000","1.0000","1.0000","0.0000","0.0000"
"100009531","BOBB00086","1.0000","1.0000","1.0000","0.0000","0.0000"
"100009531","BOVE00547","1.0000","1.0000","1.0000","0.0000","0.0000"
"100009531","PMESU41604-00","1.0000","1.0000","1.0000","0.0000","0.0000"
"100009532","CCS0010014","11.0000","11.0000","11.0000","0.0000","0.0000"
"100009533","BOAL01270-BOAL00478-BOAL00482-BOAL00484-BOAL00486","1.0000","1.0000","1.0000","0.0000","0.0000"
"100009533","BOAL00478","1.0000","1.0000","0.0000","0.0000","0.0000"
"100009533","BOAL00482","1.0000","1.0000","0.0000","0.0000","0.0000"
"100009533","BOAL00484","1.0000","1.0000","0.0000","0.0000","0.0000"
"100009533","BOAL00486","1.0000","1.0000","0.0000","0.0000","0.0000"
"100009534","PCOR42956-28","1.0000","1.0000","1.0000","0.0000","0.0000"
"100009535","BOVA00910","2.0000","2.0000","2.0000","0.0000","2.0000"
"100009535","BOVA00911","2.0000","2.0000","2.0000","0.0000","2.0000"
"100009536","BGDCOL035-BGDCOL030-BGDCOL032-BGDCOL029-BGDCOL031","1.0000","1.0000","1.0000","0.0000","0.0000"
"100009536","BGDCOL030","2.0000","1.0000","0.0000","0.0000","0.0000"
"100009536","BGDCOL032","2.0000","1.0000","0.0000","0.0000","0.0000"
"100009536","BGDCOL029","2.0000","1.0000","0.0000","0.0000","0.0000"
"100009536","BGDCOL031","2.0000","1.0000","0.0000","0.0000","0.0000"
"100009536","PMESU41604-00","1.0000","1.0000","1.0000","0.0000","0.0000"
"100009536","BOBB00069","1.0000","1.0000","1.0000","0.0000","0.0000"
"100009537","ME00C127","1.0000","1.0000","1.0000","0.0000","0.0000"
"100009538","BOVE00116","4.0000","0.0000","0.0000","4.0000","0.0000"
"100009539","BOVE00116","4.0000","4.0000","4.0000","0.0000","0.0000"
"100009540","BOAL01520","1.0000","1.0000","1.0000","0.0000","0.0000"
"100009541","BOVE00469","2.0000","2.0000","2.0000","0.0000","0.0000"
"100009541","BOVE00542","2.0000","2.0000","2.0000","0.0000","0.0000"
"100009542","PMESU41604-00","1.0000","1.0000","1.0000","0.0000","0.0000"
"100009542","BOVE00526","1.0000","1.0000","1.0000","0.0000","0.0000"
"100009542","PPRES41606-01","1.0000","1.0000","1.0000","0.0000","0.0000"
"100009542","BOBB00067","1.0000","1.0000","1.0000","0.0000","0.0000"
"100009543","BOVE00626","1.0000","0.0000","0.0000","1.0000","0.0000"
"100009544","BOVE00626","1.0000","1.0000","1.0000","0.0000","0.0000"
"100009545","LLRCIR0129","1.0000","1.0000","1.0000","0.0000","0.0000"
"100009546","CCS0010002","21.0000","0.0000","0.0000","21.0000","0.0000"
"100009547","48CAR-0052","1.0000","1.0000","1.0000","0.0000","0.0000"
"100009548","PPIN41698-22","1.0000","1.0000","1.0000","0.0000","0.0000"
"100009548","BOBB00178","2.0000","2.0000","2.0000","0.0000","0.0000"
"100009549","BGDSOL011-BGDSOL002-BGDSOL001-BGDSOL005","1.0000","0.0000","0.0000","1.0000","0.0000"
"100009549","BGDSOL002","1.0000","0.0000","0.0000","0.0000","0.0000"
"100009549","BGDSOL001","1.0000","0.0000","0.0000","0.0000","0.0000"
"100009549","BGDSOL005","1.0000","0.0000","0.0000","0.0000","0.0000"
"100009550","PRAF41507-01","2.0000","2.0000","2.0000","0.0000","0.0000"
"100009551","BOAL01510","2.0000","2.0000","2.0000","0.0000","0.0000"
"100009552","49MDF-0461","1.0000","1.0000","1.0000","0.0000","0.0000"
"100009553","OMEGALOT2","1.0000","1.0000","1.0000","0.0000","0.0000"
"100009554","BOVE00749","2.0000","2.0000","2.0000","0.0000","0.0000"
"200000055","BOBB00294","20.0000","20.0000","20.0000","0.0000","0.0000"
"200000055","EXP-COL","20.0000","20.0000","20.0000","0.0000","0.0000"
"100009555","BOVE00503","1.0000","1.0000","1.0000","0.0000","0.0000"
"100009556","BGDSOL011-BGDSOL002-BGDSOL001-BGDSOL005","1.0000","1.0000","1.0000","0.0000","0.0000"
"100009556","BGDSOL002","1.0000","1.0000","1.0000","0.0000","0.0000"
"100009556","BGDSOL001","1.0000","1.0000","1.0000","0.0000","0.0000"
"100009556","BGDSOL005","1.0000","1.0000","1.0000","0.0000","0.0000"
"100009557","BOVE00503","2.0000","2.0000","2.0000","0.0000","0.0000"
"100009558","PPRE42565-00","1.0000","1.0000","1.0000","0.0000","0.0000"
"100009559","PFLE47742-01","1.0000","1.0000","1.0000","0.0000","0.0000"
"100009560","51MDF-5100","1.0000","1.0000","1.0000","0.0000","0.0000"
"100009561","PTHE19706-00","1.0000","0.0000","0.0000","1.0000","0.0000"
"100009562","PTHE19706-00","1.0000","1.0000","1.0000","0.0000","0.0000"
"100009563","BOVE00296","1.0000","1.0000","1.0000","0.0000","0.0000"
"100009564","BOVE00264","2.0000","2.0000","2.0000","0.0000","0.0000"
"100009565","49MDF-0461","1.0000","1.0000","1.0000","0.0000","0.0000"
"100009566","BOVE00503","1.0000","1.0000","1.0000","0.0000","0.0000"
"100009567","ME00229","1.0000","1.0000","1.0000","0.0000","0.0000"
"100009568","LLRLYO003","1.0000","1.0000","1.0000","0.0000","0.0000"
"100009569","BOAL01226-BOAL00398-BOAL00403-BOAL00404-BOAL00406","1.0000","1.0000","1.0000","0.0000","0.0000"
"100009569","BOAL00398","2.0000","1.0000","0.0000","0.0000","0.0000"
"100009569","BOAL00403","2.0000","1.0000","0.0000","0.0000","0.0000"
"100009569","BOAL00404","2.0000","1.0000","0.0000","0.0000","0.0000"
"100009569","BOAL00406","2.0000","1.0000","0.0000","0.0000","0.0000"
"100009570","BCO0060004","2.0000","2.0000","2.0000","0.0000","2.0000"
"100009571","BOVA01189","1.0000","1.0000","1.0000","0.0000","0.0000"
"100009571","BOVA01191","1.0000","1.0000","1.0000","0.0000","0.0000"
"100009572","48CAR-0052","1.0000","1.0000","1.0000","0.0000","0.0000"
"100009573","BOAL00025","2.0000","2.0000","2.0000","0.0000","0.0000"
"100009573","BOAL00030","2.0000","2.0000","2.0000","0.0000","0.0000"
"100009574","48CAR-0052","1.0000","1.0000","1.0000","0.0000","0.0000"
"100009575","ME00C127","1.0000","0.0000","0.0000","1.0000","0.0000"
"100009576","24MDF-0456","1.0000","1.0000","1.0000","0.0000","0.0000"
"100009577","ME00C127","1.0000","1.0000","1.0000","0.0000","0.0000"
"100009578","CBR0040001","1.0000","1.0000","1.0000","0.0000","0.0000"
"100009579","ME00C127","1.0000","1.0000","1.0000","0.0000","0.0000"
"100009580","BOAL01524-49MDF-0461-BOAL01507-BOAL01508-BOAL01509-BOAL01510-49MDF-0461","1.0000","1.0000","1.0000","0.0000","0.0000"
"100009580","BOAL01507","2.0000","1.0000","0.0000","0.0000","0.0000"
"100009580","BOAL01508","2.0000","1.0000","0.0000","0.0000","0.0000"
"100009580","BOAL01509","2.0000","1.0000","0.0000","0.0000","0.0000"
"100009580","BOAL01510","2.0000","1.0000","0.0000","0.0000","0.0000"
"100009580","49MDF-0461","1.0000","1.0000","0.0000","0.0000","0.0000"
"100009580","BOAL00922","1.0000","1.0000","1.0000","0.0000","0.0000"
"100009581","BOVE00108","2.0000","2.0000","2.0000","0.0000","0.0000"
"100009581","BOVE00558","2.0000","2.0000","2.0000","0.0000","0.0000"
"100009582","LLRFEU0146","1.0000","1.0000","1.0000","0.0000","0.0000"
"100009583","BFILLYRE-12","10.0000","10.0000","10.0000","0.0000","0.0000"
"100009584","BOVE00516","1.0000","1.0000","1.0000","0.0000","0.0000"
"100009585","PROU18325-01","1.0000","1.0000","1.0000","0.0000","0.0000"
"100009585","BOVA01310","6.0000","6.0000","6.0000","0.0000","0.0000"
"100009585","PMAR12915-25","1.0000","1.0000","1.0000","0.0000","0.0000"
"100009585","PPAIL48303-02","1.0000","1.0000","1.0000","0.0000","0.0000"
"100009585","PFLE47742-52","1.0000","1.0000","1.0000","0.0000","0.0000"
"100009586","BOVA00362","1.0000","1.0000","1.0000","0.0000","0.0000"
"100009587","49MDF-0461","1.0000","0.0000","0.0000","1.0000","0.0000"
"100009588","PFLE47742-01","1.0000","1.0000","1.0000","0.0000","0.0000"
"100009588","PFLE47742-04","1.0000","1.0000","1.0000","0.0000","0.0000"
"100009589","PFLE47742-47","2.0000","2.0000","2.0000","0.0000","0.0000"
"100009590","PBOU41608-04","1.0000","1.0000","1.0000","0.0000","0.0000"
"100009590","BOBB00045","1.0000","1.0000","1.0000","0.0000","0.0000"
"100009590","BOBB00302","1.0000","1.0000","1.0000","0.0000","0.0000"
"100009591","BOVE00282","1.0000","1.0000","1.0000","0.0000","0.0000"
"100009591","BOVE00288","2.0000","2.0000","2.0000","0.0000","0.0000"
"100009592","BOAL01188-BOAL00340-BOAL00343-BOAL00347-BOAL00349-BOAL00341-BOAL00345-BOAL00348-BOAL00342-BOAL00344","1.0000","1.0000","1.0000","0.0000","0.0000"
"100009592","BOAL00340","1.0000","1.0000","1.0000","0.0000","0.0000"
"100009592","BOAL00343","1.0000","1.0000","1.0000","0.0000","0.0000"
"100009592","BOAL00347","1.0000","1.0000","1.0000","0.0000","0.0000"
"100009592","BOAL00349","1.0000","1.0000","1.0000","0.0000","0.0000"
"100009592","BOAL00341","1.0000","1.0000","1.0000","0.0000","0.0000"
"100009592","BOAL00345","1.0000","1.0000","1.0000","0.0000","0.0000"
"100009592","BOAL00348","1.0000","1.0000","1.0000","0.0000","0.0000"
"100009592","BOAL00342","1.0000","1.0000","1.0000","0.0000","0.0000"
"100009592","BOAL00344","1.0000","1.0000","1.0000","0.0000","0.0000"
"100009593","BOCI00853","1.0000","0.0000","0.0000","1.0000","0.0000"
"100009594","BOVE00113","1.0000","1.0000","1.0000","0.0000","0.0000"
"100009595","51MDF-5100","1.0000","1.0000","1.0000","0.0000","0.0000"
"100009596","LLRABE0016","1.0000","1.0000","1.0000","0.0000","0.0000"
"100009597","BOVA01303","6.0000","6.0000","6.0000","0.0000","0.0000"
"100009598","BOAL00666","2.0000","2.0000","2.0000","0.0000","0.0000"
"100009599","BOVE00274","1.0000","1.0000","1.0000","0.0000","0.0000"
"100009599","BOVE00273","1.0000","1.0000","1.0000","0.0000","0.0000"
"100009600","48CAR-0052","1.0000","1.0000","1.0000","0.0000","0.0000"
"100009601","BOVE00505","2.0000","2.0000","2.0000","0.0000","0.0000"
"100009602","48CAR-0052","1.0000","1.0000","1.0000","0.0000","0.0000"
"100009602","BOVA01205","1.0000","1.0000","1.0000","0.0000","0.0000"
"100009603","BOCI00489","1.0000","1.0000","1.0000","0.0000","0.0000"
"100009604","CCS0030004","2.0000","2.0000","2.0000","0.0000","0.0000"
"100009605","PFLE47742-01","1.0000","1.0000","1.0000","0.0000","0.0000"
"100009606","BOVE00556","1.0000","1.0000","1.0000","0.0000","0.0000"
"100009606","SDO0028078","1.0000","1.0000","1.0000","0.0000","0.0000"
"100009606","SDO0032867","1.0000","1.0000","1.0000","0.0000","0.0000"
"100009607","CBR0050001","12.0000","0.0000","0.0000","12.0000","0.0000"
"100009608","24MDF-0456","1.0000","1.0000","1.0000","0.0000","0.0000"
"100009608","51MDF-5100","1.0000","1.0000","1.0000","0.0000","0.0000"
"100009609","CLB0010001","1.0000","0.0000","0.0000","1.0000","0.0000"
"100009610","BOAL00318","2.0000","2.0000","2.0000","0.0000","0.0000"
"100009610","BOAL00320","2.0000","2.0000","2.0000","0.0000","0.0000"
"100009611","BOVA01079","2.0000","2.0000","2.0000","0.0000","0.0000"
"100009612","PMESU41604-00","1.0000","1.0000","1.0000","0.0000","0.0000"
"100009613","BOVA01395","1.0000","1.0000","1.0000","0.0000","0.0000"
"100009614","BOBB00018","1.0000","1.0000","1.0000","0.0000","0.0000"
"100009615","PTHE19709-00","1.0000","1.0000","1.0000","0.0000","0.0000"
"100009616","PMESU41604-00","1.0000","1.0000","1.0000","0.0000","0.0000"
"100009617","BOVE00108","1.0000","1.0000","1.0000","0.0000","0.0000"
"100009618","ME00C51","1.0000","1.0000","1.0000","0.0000","0.0000"
"100009618","ME00C127","1.0000","1.0000","1.0000","0.0000","0.0000"
"100009619","PDOU47357-10","1.0000","1.0000","1.0000","0.0000","0.0000"
"100009620","BOVE00286","1.0000","1.0000","1.0000","0.0000","0.0000"
"100009621","BOCI00764","1.0000","1.0000","1.0000","0.0000","0.0000"
"100009622","LLRBUB002","1.0000","1.0000","1.0000","0.0000","0.0000"
"100009623","BOVE00446","1.0000","1.0000","1.0000","0.0000","0.0000"
"100009624","BOBB00126","3.0000","3.0000","3.0000","0.0000","0.0000"
"100009624","BOCI00488","2.0000","2.0000","2.0000","0.0000","0.0000"
"100009624","PSPR41635-00","1.0000","1.0000","1.0000","0.0000","0.0000"
"100009625","CPR0010002","2.0000","2.0000","2.0000","0.0000","0.0000"
"100009626","PFLE47742-48","1.0000","1.0000","1.0000","0.0000","0.0000"
"100009627","PBOU44116-15","3.0000","0.0000","0.0000","3.0000","0.0000"
"100009627","PBOU44114-03","3.0000","0.0000","0.0000","3.0000","0.0000"
"100009627","PPAIL48303-02","1.0000","0.0000","0.0000","1.0000","0.0000"
"100009628","ME00C127","1.0000","1.0000","1.0000","0.0000","0.0000"
"100009629","BOVE00093","4.0000","4.0000","4.0000","0.0000","0.0000"
"100009630","CCS0010014","3.0000","0.0000","0.0000","3.0000","0.0000"
"100009630","CCS0010013","5.0000","0.0000","0.0000","5.0000","0.0000"
"100009631","CCS0010014","3.0000","0.0000","0.0000","3.0000","0.0000"
"100009631","CCS0010013","5.0000","0.0000","0.0000","5.0000","0.0000"
"100009632","CCS0010014","3.0000","3.0000","3.0000","0.0000","0.0000"
"100009632","CCS0010013","5.0000","5.0000","5.0000","0.0000","0.0000"
"100009633","CCS0010009","4.0000","4.0000","4.0000","0.0000","0.0000"
"100009634","PMESU41604-00","1.0000","1.0000","1.0000","0.0000","0.0000"
"100009634","BOBB00069","1.0000","1.0000","1.0000","0.0000","0.0000"
"100009635","BOVE00468","1.0000","1.0000","1.0000","0.0000","0.0000"
"100009636","BOVE00587","2.0000","2.0000","2.0000","0.0000","0.0000"
"100009636","ME00194","1.0000","1.0000","1.0000","0.0000","0.0000"
"100009636","ME00195","1.0000","1.0000","1.0000","0.0000","0.0000"
"100009636","ME00183","1.0000","1.0000","1.0000","0.0000","0.0000"
"100009636","BOBB00180","3.0000","3.0000","3.0000","0.0000","0.0000"
"100009636","PCUI52550-17","3.0000","3.0000","1.0000","0.0000","0.0000"
"100009637","BGD0010008-BGD0010002-BOAL00373-BGD0010001-BGD0010006","1.0000","1.0000","1.0000","0.0000","0.0000"
"100009637","BGD0010002","1.0000","1.0000","0.0000","0.0000","0.0000"
"100009637","BOAL00373","1.0000","1.0000","0.0000","0.0000","0.0000"
"100009637","BGD0010001","1.0000","1.0000","0.0000","0.0000","0.0000"
"100009637","BGD0010006","1.0000","1.0000","0.0000","0.0000","0.0000"
"100009638","PATT42501-15","1.0000","1.0000","1.0000","0.0000","0.0000"
"100009639","PFOU48280-17","4.0000","0.0000","0.0000","4.0000","0.0000"
"100009640","BOVE00617","2.0000","2.0000","2.0000","0.0000","0.0000"
"100009641","BOAL01244-49MDF-0461-BOAL00428-BOAL00433-BOAL00434-BOAL00436-49MDF-0461","1.0000","1.0000","1.0000","0.0000","0.0000"
"100009641","BOAL00428","2.0000","1.0000","0.0000","0.0000","0.0000"
"100009641","BOAL00433","2.0000","1.0000","0.0000","0.0000","0.0000"
"100009641","BOAL00434","2.0000","1.0000","0.0000","0.0000","0.0000"
"100009641","BOAL00436","2.0000","1.0000","0.0000","0.0000","0.0000"
"100009641","49MDF-0461","1.0000","1.0000","0.0000","0.0000","0.0000"
"100009642","BOCI00447","1.0000","1.0000","1.0000","0.0000","0.0000"
"100009643","BOBB00189","3.0000","3.0000","3.0000","0.0000","0.0000"
"100009643","BOBB00191","3.0000","3.0000","3.0000","0.0000","0.0000"
"100009644","BOVE00503","1.0000","1.0000","1.0000","0.0000","0.0000"
"100009645","LLRLIB0152","1.0000","1.0000","1.0000","0.0000","0.0000"
"100009646","49MDF-0461","1.0000","1.0000","1.0000","0.0000","0.0000"
"100009647","BOVE00113","1.0000","1.0000","1.0000","0.0000","0.0000"
"100009648","PFLE47742-50","2.0000","2.0000","2.0000","0.0000","0.0000"
"100009649","BOAL00347","3.0000","3.0000","3.0000","0.0000","0.0000"
"100009650","BOAL01182-BOAL00327-BOAL00328-BOAL00329-BOAL00330","1.0000","1.0000","1.0000","0.0000","0.0000"
"100009650","BOAL00327","1.0000","1.0000","1.0000","0.0000","0.0000"
"100009650","BOAL00328","1.0000","1.0000","1.0000","0.0000","0.0000"
"100009650","BOAL00329","1.0000","1.0000","1.0000","0.0000","0.0000"
"100009650","BOAL00330","1.0000","1.0000","1.0000","0.0000","0.0000"
"100009651","48CAR-0052","1.0000","1.0000","1.0000","0.0000","0.0000"
"100009652","BOAL00327","1.0000","0.0000","0.0000","1.0000","0.0000"
"100009652","BOAL00330","1.0000","0.0000","0.0000","1.0000","0.0000"
"100009652","BOAL00328","1.0000","0.0000","0.0000","1.0000","0.0000"
"100009653","BOAL01182-BOAL00327-BOAL00328-BOAL00329-BOAL00330","1.0000","1.0000","1.0000","0.0000","0.0000"
"100009653","BOAL00327","1.0000","1.0000","1.0000","0.0000","0.0000"
"100009653","BOAL00328","1.0000","1.0000","1.0000","0.0000","0.0000"
"100009653","BOAL00329","1.0000","1.0000","1.0000","0.0000","0.0000"
"100009653","BOAL00330","1.0000","1.0000","1.0000","0.0000","0.0000"
"100009654","BOVE00468","1.0000","1.0000","1.0000","0.0000","0.0000"
"100009655","PRAP42569-04","1.0000","1.0000","1.0000","0.0000","0.0000"
"100009656","BOBB00128","2.0000","2.0000","2.0000","0.0000","0.0000"
"100009657","CCS0010002","20.0000","20.0000","20.0000","0.0000","0.0000"
"100009658","BOVE00041","1.0000","0.0000","0.0000","1.0000","0.0000"
"100009658","BOVE00753","2.0000","0.0000","0.0000","2.0000","0.0000"
"100009658","BOVE00039","3.0000","0.0000","0.0000","3.0000","0.0000"
"100009659","CCS0030005","2.0000","2.0000","2.0000","0.0000","0.0000"
"100009660","BOVE00503","1.0000","1.0000","1.0000","0.0000","0.0000"
"100009661","BOVE00477","1.0000","1.0000","1.0000","0.0000","0.0000"
"100009662","PPABAR0001","1.0000","1.0000","1.0000","0.0000","0.0000"
"100009663","BOVE00468","1.0000","1.0000","1.0000","0.0000","0.0000"
"100009664","BGDCAS011-BGDCAS001-BGDCAS006-BGDCAS009-BGDCAS007","1.0000","0.0000","0.0000","1.0000","0.0000"
"100009664","BGDCAS001","1.0000","0.0000","0.0000","0.0000","0.0000"
"100009664","BGDCAS006","1.0000","0.0000","0.0000","0.0000","0.0000"
"100009664","BGDCAS009","1.0000","0.0000","0.0000","0.0000","0.0000"
"100009664","BGDCAS007","1.0000","0.0000","0.0000","0.0000","0.0000"
"100009665","BGDCAS011-BGDCAS001-BGDCAS006-BGDCAS009-BGDCAS007","1.0000","1.0000","1.0000","0.0000","0.0000"
"100009665","BGDCAS001","1.0000","1.0000","1.0000","0.0000","0.0000"
"100009665","BGDCAS006","1.0000","1.0000","1.0000","0.0000","0.0000"
"100009665","BGDCAS009","1.0000","1.0000","1.0000","0.0000","0.0000"
"100009665","BGDCAS007","1.0000","1.0000","1.0000","0.0000","0.0000"
"100009666","BOVE00039","1.0000","0.0000","0.0000","1.0000","0.0000"
"100009667","BOVE00215","2.0000","2.0000","2.0000","0.0000","0.0000"
"100009668","BOCI00583","1.0000","1.0000","1.0000","0.0000","0.0000"
"100009669","BOVE00305","1.0000","1.0000","1.0000","0.0000","0.0000"
"100009670","BOVA01351","3.0000","0.0000","0.0000","3.0000","0.0000"
"100009670","ME00124","1.0000","0.0000","0.0000","1.0000","0.0000"
"100009671","CCS0010005","8.0000","8.0000","8.0000","0.0000","0.0000"
"100009672","BOAL00457","1.0000","1.0000","1.0000","0.0000","0.0000"
"100009673","BOVE00372","1.0000","1.0000","1.0000","0.0000","0.0000"
"100009673","BOVE00373","1.0000","1.0000","1.0000","0.0000","0.0000"
"100009674","BOVE00010","1.0000","1.0000","1.0000","0.0000","0.0000"
"100009675","BOVE00069","1.0000","1.0000","1.0000","0.0000","0.0000"
"100009676","LLRABE0017","2.0000","0.0000","0.0000","2.0000","0.0000"
"100009677","48CAR-0052","1.0000","1.0000","1.0000","0.0000","0.0000"
"100009678","CBR0050001","1.0000","0.0000","0.0000","1.0000","0.0000"
"100009679","CBR0050001","1.0000","1.0000","1.0000","0.0000","0.0000"
"100009680","48CAR-0052","1.0000","1.0000","1.0000","0.0000","0.0000"
"100009681","BGDCAS009","1.0000","1.0000","1.0000","0.0000","0.0000"
"100009682","BOVE00394","3.0000","3.0000","3.0000","0.0000","0.0000"
"100009682","LLRSAN0047","1.0000","1.0000","1.0000","0.0000","0.0000"
"100009682","LLRSAN0048","1.0000","1.0000","1.0000","0.0000","0.0000"
"100009682","BOVE00488","3.0000","3.0000","3.0000","0.0000","0.0000"
"100009683","BOVE00021","2.0000","2.0000","2.0000","0.0000","0.0000"
"100009684","BLBLIN0001","2.0000","2.0000","2.0000","0.0000","0.0000"
"100009684","BOVE00041","1.0000","1.0000","1.0000","0.0000","0.0000"
"100009684","BOVE00039","3.0000","3.0000","3.0000","0.0000","0.0000"
"100009685","BOVE00526","1.0000","1.0000","1.0000","0.0000","0.0000"
"100009685","BOVE00455","1.0000","1.0000","1.0000","0.0000","0.0000"
"100009686","PCUI41473-31","1.0000","1.0000","1.0000","0.0000","0.0000"
"100009687","BGDCAS017-BGDCAS006-BGDCAS001-BGDCAS007-BGDCAS009-BGDCAS004-BGDCAS003-BGDCAS008-BGDCAS005-BGDCAS002","2.0000","2.0000","2.0000","0.0000","0.0000"
"100009687","BGDCAS006","4.0000","1.0000","0.0000","0.0000","0.0000"
"100009687","BGDCAS001","4.0000","1.0000","0.0000","0.0000","0.0000"
"100009687","BGDCAS007","4.0000","1.0000","0.0000","0.0000","0.0000"
"100009687","BGDCAS009","4.0000","1.0000","0.0000","0.0000","0.0000"
"100009687","BGDCAS004","4.0000","1.0000","0.0000","0.0000","0.0000"
"100009687","BGDCAS003","4.0000","1.0000","0.0000","0.0000","0.0000"
"100009687","BGDCAS008","4.0000","1.0000","0.0000","0.0000","0.0000"
"100009687","BGDCAS005","4.0000","1.0000","0.0000","0.0000","0.0000"
"100009687","BGDCAS002","4.0000","1.0000","0.0000","0.0000","0.0000"
"100009688","LLRABE0014","2.0000","2.0000","2.0000","0.0000","0.0000"
"100009689","PCHO44940-08","1.0000","1.0000","1.0000","0.0000","0.0000"
"100009690","BOVA01436","6.0000","6.0000","6.0000","0.0000","0.0000"
"100009691","LLRVEN0088","1.0000","1.0000","1.0000","0.0000","0.0000"
"100009691","BOVE00196","1.0000","1.0000","1.0000","0.0000","0.0000"
"100009692","BOVE00588","1.0000","1.0000","1.0000","0.0000","0.0000"
"100009693","BOAL00763","15.0000","15.0000","15.0000","0.0000","0.0000"
"100009694","PVASQ44946-02","1.0000","1.0000","1.0000","0.0000","0.0000"
"100009695","BOAL00720","1.0000","1.0000","1.0000","0.0000","0.0000"
"100009696","PPABAR0002","1.0000","1.0000","1.0000","0.0000","0.0000"
"100009696","BOVE00539","1.0000","1.0000","1.0000","0.0000","0.0000"
"100009696","BOBB00069","1.0000","1.0000","1.0000","0.0000","0.0000"
"100009696","PCUI41595-20","1.0000","1.0000","1.0000","0.0000","0.0000"
"100009696","PMESU41604-00","1.0000","1.0000","1.0000","0.0000","0.0000"
"100009697","PFLE47742-04","1.0000","1.0000","1.0000","0.0000","0.0000"
"100009697","PFLE47742-01","2.0000","2.0000","2.0000","0.0000","0.0000"
"100009698","BGDCOL070-BGDCOL065-BGDCOL067-BGDCOL064-BGDCOL066","1.0000","1.0000","1.0000","0.0000","0.0000"
"100009698","BGDCOL065","2.0000","1.0000","0.0000","0.0000","0.0000"
"100009698","BGDCOL067","2.0000","1.0000","0.0000","0.0000","0.0000"
"100009698","BGDCOL064","2.0000","1.0000","0.0000","0.0000","0.0000"
"100009698","BGDCOL066","2.0000","1.0000","0.0000","0.0000","0.0000"
"100009699","BOVE00478","1.0000","0.0000","0.0000","1.0000","0.0000"
"100009700","LLRJAC0045","2.0000","2.0000","2.0000","0.0000","0.0000"
"100009701","BOVE00478","1.0000","1.0000","1.0000","0.0000","0.0000"
"100009702","BGDCOL021-BGDCOL016-BGDCOL018-BGDCOL015-BGDCOL017","1.0000","1.0000","1.0000","0.0000","0.0000"
"100009702","BGDCOL016","2.0000","1.0000","0.0000","0.0000","0.0000"
"100009702","BGDCOL018","2.0000","1.0000","0.0000","0.0000","0.0000"
"100009702","BGDCOL015","2.0000","1.0000","0.0000","0.0000","0.0000"
"100009702","BGDCOL017","2.0000","1.0000","0.0000","0.0000","0.0000"
"100009703","PTHE19709-00","1.0000","1.0000","1.0000","0.0000","0.0000"
"100009704","BOAL00732","1.0000","1.0000","1.0000","0.0000","0.0000"
"100009705","BOVE00113","1.0000","1.0000","1.0000","0.0000","0.0000"
"100009706","CCS0010015","1.0000","1.0000","1.0000","0.0000","1.0000"
"100009707","BOVE00483","1.0000","1.0000","1.0000","0.0000","0.0000"
"100009708","BOCI00322","20.0000","20.0000","20.0000","0.0000","0.0000"
"100009709","BOVE00155","1.0000","1.0000","1.0000","0.0000","0.0000"
"100009710","CCS0010002","12.0000","12.0000","12.0000","0.0000","0.0000"
"100009711","PCUI41473-39","1.0000","0.0000","0.0000","1.0000","0.0000"
"100009712","PCUI41473-39","1.0000","0.0000","0.0000","1.0000","0.0000"
"100009713","PCUI41473-39","1.0000","0.0000","0.0000","1.0000","0.0000"
"100009714","PCUI41473-39","1.0000","0.0000","0.0000","1.0000","0.0000"
"100009715","BOVE00391","2.0000","0.0000","0.0000","2.0000","0.0000"
"100009716","BOVE00391","2.0000","0.0000","0.0000","2.0000","0.0000"
"100009717","BOVE00391","2.0000","2.0000","2.0000","0.0000","0.0000"
"100009718","BOVE00281","1.0000","1.0000","1.0000","0.0000","0.0000"
"100009719","LLRABE0018","1.0000","1.0000","1.0000","0.0000","0.0000"
"100009719","LLRABE0014","1.0000","1.0000","1.0000","0.0000","0.0000"
"100009719","LLRABE0023","1.0000","1.0000","1.0000","0.0000","0.0000"
"100009720","BOVE00161","1.0000","1.0000","1.0000","0.0000","0.0000"
"100009721","ME00C127","1.0000","1.0000","1.0000","0.0000","0.0000"
"100009722","BOVE00083","2.0000","2.0000","2.0000","0.0000","0.0000"
"100009723","PCUI41473-39","1.0000","0.0000","0.0000","1.0000","0.0000"
"100009724","PCUI41473-39","1.0000","0.0000","0.0000","1.0000","0.0000"
"100009725","PCUI41473-39","1.0000","0.0000","0.0000","1.0000","0.0000"
"100009726","PCUI41473-39","1.0000","0.0000","0.0000","1.0000","0.0000"
"100009727","PCUI41473-39","1.0000","0.0000","0.0000","1.0000","0.0000"
"100009728","BOAL00959","1.0000","1.0000","1.0000","0.0000","0.0000"
"100009729","PCUI41473-39","1.0000","0.0000","0.0000","1.0000","0.0000"
"100009730","PCUI41473-39","4.0000","0.0000","0.0000","4.0000","0.0000"
"100009731","BOVE00626","2.0000","2.0000","2.0000","0.0000","0.0000"
"100009732","CCS0010003","2.0000","2.0000","2.0000","0.0000","0.0000"
"100009732","CCS0010014","1.0000","1.0000","1.0000","0.0000","0.0000"
"100009732","CCS0010004","2.0000","2.0000","2.0000","0.0000","0.0000"
"100009733","BOVE00276","1.0000","1.0000","1.0000","0.0000","0.0000"
"100009734","PFLE47742-29","1.0000","1.0000","1.0000","0.0000","0.0000"
"100009735","PCUI41473-39","1.0000","0.0000","0.0000","1.0000","0.0000"
"100009736","PCUI41473-39","1.0000","0.0000","0.0000","1.0000","0.0000"
"100009737","PPOT47606-30","4.0000","4.0000","4.0000","0.0000","0.0000"
"100009737","PPOT47606-10","4.0000","4.0000","4.0000","0.0000","0.0000"
"100009738","CCS0010002","12.0000","12.0000","12.0000","0.0000","0.0000"
"100009739","BOVE00170","1.0000","1.0000","1.0000","0.0000","0.0000"
"100009740","PCUI41473-39","1.0000","0.0000","0.0000","1.0000","0.0000"
"100009741","BOVE00147","1.0000","1.0000","1.0000","0.0000","0.0000"
"100009742","BOVE00505","4.0000","4.0000","4.0000","0.0000","0.0000"
"100009743","BOVE00117","6.0000","6.0000","6.0000","0.0000","0.0000"
"100009744","BOVE00282","1.0000","1.0000","1.0000","0.0000","0.0000"
"100009745","BOAL00346","1.0000","1.0000","1.0000","0.0000","0.0000"
"100009745","BOAL00347","1.0000","1.0000","1.0000","0.0000","0.0000"
"100009745","BOBB00019","1.0000","1.0000","1.0000","0.0000","0.0000"
"100009746","CBRYPS0019","1.0000","1.0000","1.0000","0.0000","0.0000"
"100009747","BOVE00501","1.0000","1.0000","1.0000","0.0000","0.0000"
"100009748","BOBB01301","1.0000","1.0000","1.0000","0.0000","0.0000"
"100009749","ME00C51","1.0000","1.0000","1.0000","0.0000","0.0000"
"100009750","BOAL00189","2.0000","2.0000","2.0000","0.0000","0.0000"
"100009751","BOBB00047","1.0000","1.0000","1.0000","0.0000","0.0000"
"100009752","SDO0032867","1.0000","1.0000","1.0000","0.0000","0.0000"
"100009752","SDO0032864","1.0000","1.0000","1.0000","0.0000","0.0000"
"100009753","BOVE00255","3.0000","3.0000","3.0000","0.0000","0.0000"
"100009754","BOVE00443","1.0000","1.0000","1.0000","0.0000","0.0000"
"100009754","BOVE00444","1.0000","1.0000","1.0000","0.0000","0.0000"
"100009755","PCUI41473-39","1.0000","1.0000","1.0000","0.0000","0.0000"
"100009756","24CAR-0381","1.0000","1.0000","1.0000","0.0000","0.0000"
"100009756","48CAR-0052","1.0000","1.0000","1.0000","0.0000","0.0000"
"100009757","LLRRIN0147-LLRRIN0147-1-LLRRIN0147-2","1.0000","1.0000","1.0000","0.0000","0.0000"
"100009757","LLRRIN0147-1","1.0000","1.0000","1.0000","0.0000","0.0000"
"100009757","LLRRIN0147-2","1.0000","1.0000","1.0000","0.0000","0.0000"
"100009758","BOCI00793","1.0000","1.0000","1.0000","0.0000","0.0000"
"100009759","BOVE00503","1.0000","1.0000","1.0000","0.0000","0.0000"
"100009760","48CAR-0052","1.0000","1.0000","1.0000","0.0000","0.0000"
"100009761","BOCI00322","3.0000","0.0000","0.0000","3.0000","0.0000"
"100009762","BOCI00322","3.0000","0.0000","0.0000","3.0000","0.0000"
"100009763","ME00C127","1.0000","1.0000","1.0000","0.0000","0.0000"
"100009764","LLRGRA0051","1.0000","1.0000","1.0000","0.0000","0.0000"
"100009765","BOVA00006","4.0000","0.0000","0.0000","4.0000","0.0000"
"100009766","BCO0080012-BCO0080001-BCO0080002-BCO0080003-BCO0080004","1.0000","1.0000","1.0000","0.0000","0.0000"
"100009766","BCO0080001","1.0000","1.0000","1.0000","0.0000","0.0000"
"100009766","BCO0080002","1.0000","1.0000","1.0000","0.0000","0.0000"
"100009766","BCO0080003","1.0000","1.0000","1.0000","0.0000","0.0000"
"100009766","BCO0080004","1.0000","1.0000","1.0000","0.0000","0.0000"
"100009767","BOAL00394","1.0000","1.0000","1.0000","0.0000","0.0000"
"100009768","BOBB00103","4.0000","4.0000","4.0000","0.0000","0.0000"
"100009768","ME00249","2.0000","2.0000","2.0000","0.0000","0.0000"
"100009769","PSHAK41479-00","1.0000","1.0000","1.0000","0.0000","0.0000"
"100009770","PTHE19709-00","1.0000","1.0000","1.0000","0.0000","0.0000"
"100009771","ME00183","1.0000","1.0000","1.0000","0.0000","0.0000"
"100009772","BOAL00347","2.0000","2.0000","2.0000","0.0000","0.0000"
"100009772","BOAL00346","1.0000","1.0000","1.0000","0.0000","0.0000"
"100009773","BOCI00322","3.0000","3.0000","3.0000","0.0000","0.0000"
"100009774","24CAR-0381","1.0000","0.0000","0.0000","1.0000","0.0000"
"100009775","BOVE00040","1.0000","1.0000","1.0000","0.0000","0.0000"
"100009776","BOVE00389","2.0000","2.0000","2.0000","0.0000","0.0000"
"100009777","CBRVIV0001","2.0000","2.0000","2.0000","0.0000","0.0000"
"100009778","24CAR-0381","2.0000","2.0000","2.0000","0.0000","0.0000"
"100009779","PFLE47742-09","4.0000","0.0000","0.0000","4.0000","0.0000"
"100009779","PFLE47742-08","4.0000","0.0000","0.0000","4.0000","0.0000"
"100009780","BOVE00788","3.0000","3.0000","3.0000","0.0000","0.0000"
"100009781","PSHAK41479-00","2.0000","2.0000","2.0000","0.0000","0.0000"
"100009782","PRAP48280-07","1.0000","1.0000","1.0000","0.0000","0.0000"
"100009783","BOVE00351","1.0000","1.0000","1.0000","0.0000","0.0000"
"100009784","BOVE00512","1.0000","1.0000","1.0000","0.0000","0.0000"
"100009785","FREV003599","1.0000","1.0000","1.0000","0.0000","0.0000"
"100009786","CBR0050001","1.0000","0.0000","0.0000","1.0000","0.0000"
"100009787","CBR0050001","1.0000","1.0000","1.0000","0.0000","0.0000"
"100009788","BOVE00589","1.0000","1.0000","1.0000","0.0000","0.0000"
"100009789","BOVE00517","1.0000","1.0000","1.0000","0.0000","0.0000"
"100009790","PCUI41605-00","1.0000","1.0000","1.0000","0.0000","0.0000"
"100009790","PMESU41604-00","1.0000","1.0000","1.0000","0.0000","0.0000"
"100009790","PPASS41603-00","1.0000","1.0000","1.0000","0.0000","0.0000"
"100009790","BOBB00064","1.0000","1.0000","1.0000","0.0000","0.0000"
"100009791","BOVE00477","1.0000","1.0000","1.0000","0.0000","0.0000"
"100009791","BOBB00261","2.0000","2.0000","2.0000","0.0000","0.0000"
"100009791","BOVE00730","1.0000","1.0000","1.0000","0.0000","0.0000"
"100009792","PFLE47742-48","2.0000","2.0000","2.0000","0.0000","0.0000"
"100009793","51MDF-5100","1.0000","1.0000","1.0000","0.0000","0.0000"
"100009793","BOVE00010","1.0000","1.0000","1.0000","0.0000","0.0000"
"100009794","PFLE47742-01","1.0000","1.0000","1.0000","0.0000","0.0000"
"100009795","FREV961079","6.0000","6.0000","6.0000","0.0000","0.0000"
"100009796","PFLE47742-01","1.0000","1.0000","1.0000","0.0000","0.0000"
"100009796","47742-06","1.0000","1.0000","1.0000","0.0000","0.0000"
"100009797","BOVA00419","6.0000","6.0000","6.0000","0.0000","0.0000"
"100009798","BOVE00512","1.0000","0.0000","0.0000","1.0000","0.0000"
"100009799","BOVE00512","1.0000","0.0000","0.0000","1.0000","0.0000"
"100009800","BOVE00512","1.0000","0.0000","0.0000","1.0000","0.0000"
"100009801","BOVE00512","1.0000","0.0000","0.0000","1.0000","0.0000"
"100009802","BOVE00512","1.0000","0.0000","0.0000","1.0000","0.0000"
"100009803","BOVE00512","1.0000","0.0000","0.0000","1.0000","0.0000"
"100009804","BOVE00536","2.0000","2.0000","2.0000","0.0000","0.0000"
"100009805","BOAL00403","1.0000","1.0000","1.0000","0.0000","1.0000"
"100009806","PMESU41604-00","1.0000","1.0000","1.0000","0.0000","0.0000"
"100009807","PFLE47742-29","2.0000","2.0000","2.0000","0.0000","0.0000"
"100009808","PFLE47742-55","2.0000","2.0000","2.0000","0.0000","0.0000"
"100009809","BOVE00704","1.0000","1.0000","1.0000","0.0000","0.0000"
"100009810","BOVE00376","1.0000","0.0000","0.0000","1.0000","0.0000"
"100009810","BOVE00012","1.0000","0.0000","0.0000","1.0000","0.0000"
"100009810","BOVE00013","3.0000","0.0000","0.0000","3.0000","0.0000"
"100009810","BOVE00278","1.0000","0.0000","0.0000","1.0000","0.0000"
"100009811","BOVE00376","1.0000","0.0000","0.0000","1.0000","0.0000"
"100009811","BOVE00012","1.0000","0.0000","0.0000","1.0000","0.0000"
"100009811","BOVE00013","3.0000","0.0000","0.0000","3.0000","0.0000"
"100009811","BOVE00278","1.0000","0.0000","0.0000","1.0000","0.0000"
"100009812","BOVE00376","1.0000","1.0000","1.0000","0.0000","0.0000"
"100009812","BOVE00012","1.0000","1.0000","1.0000","0.0000","0.0000"
"100009812","BOVE00013","3.0000","3.0000","3.0000","0.0000","0.0000"
"100009812","BOVE00278","1.0000","1.0000","1.0000","0.0000","0.0000"
"100009813","PHAC48280-20","1.0000","1.0000","1.0000","0.0000","0.0000"
"100009814","BOAL01174-49MDF-0461-BOAL00317-BOAL00321-BOAL00323-BOAL00325-49MDF-0461","1.0000","1.0000","1.0000","0.0000","0.0000"
"100009814","BOAL00317","2.0000","1.0000","0.0000","0.0000","0.0000"
"100009814","BOAL00321","2.0000","1.0000","0.0000","0.0000","0.0000"
"100009814","BOAL00323","2.0000","1.0000","0.0000","0.0000","0.0000"
"100009814","BOAL00325","2.0000","1.0000","0.0000","0.0000","0.0000"
"100009814","49MDF-0461","1.0000","1.0000","0.0000","0.0000","0.0000"
"100009815","ME00C24","1.0000","1.0000","1.0000","0.0000","0.0000"
"100009816","48CAR-0052","4.0000","4.0000","4.0000","0.0000","0.0000"
"100009817","BOVA01194","7.0000","7.0000","7.0000","0.0000","7.0000"
"100009818","PFLE47742-04","1.0000","1.0000","1.0000","0.0000","0.0000"
"100009819","BOVA00062","1.0000","0.0000","0.0000","1.0000","0.0000"
"100009819","BOVA00060","1.0000","0.0000","0.0000","1.0000","0.0000"
"100009820","BOAL01002-48CAR-0052-48CAR-0052-BOAL00023-BOAL00026-BOAL00029-BOAL00031","1.0000","1.0000","1.0000","0.0000","1.0000"
"100009820","48CAR-0052","1.0000","1.0000","0.0000","0.0000","1.0000"
"100009820","BOAL00023","2.0000","1.0000","0.0000","0.0000","2.0000"
"100009820","BOAL00026","2.0000","1.0000","0.0000","0.0000","2.0000"
"100009820","BOAL00029","2.0000","1.0000","0.0000","0.0000","2.0000"
"100009820","BOAL00031","2.0000","1.0000","0.0000","0.0000","2.0000"
"100009821","49MDF-0461","1.0000","1.0000","1.0000","0.0000","0.0000"
"100009822","PFLE47742-01","2.0000","2.0000","2.0000","0.0000","0.0000"
"100009823","ME00271","1.0000","1.0000","1.0000","0.0000","0.0000"
"100009824","BOVA01396","1.0000","1.0000","1.0000","0.0000","0.0000"
"100009825","BOVE00113","6.0000","6.0000","6.0000","0.0000","0.0000"
"100009825","BOBB00042","1.0000","1.0000","1.0000","0.0000","0.0000"
"100009826","PFLE47742-01","1.0000","1.0000","1.0000","0.0000","0.0000"
"100009826","PPOCH47119-35","1.0000","1.0000","1.0000","0.0000","0.0000"
"100009827","48CAR-0052","1.0000","0.0000","0.0000","1.0000","0.0000"
"100009828","BOAL00746","1.0000","1.0000","1.0000","0.0000","0.0000"
"100009829","BOVA01208","5.0000","5.0000","5.0000","0.0000","0.0000"
"100009830","BOVE00387","1.0000","1.0000","1.0000","0.0000","0.0000"
"100009831","BOVA00063","1.0000","0.0000","0.0000","1.0000","0.0000"
"100009831","BOVA00060","1.0000","0.0000","0.0000","1.0000","0.0000"
"100009832","BOVE00109","2.0000","2.0000","2.0000","0.0000","0.0000"
"100009832","BOVE00111","2.0000","2.0000","2.0000","0.0000","0.0000"
"100009833","CCS0010003","8.0000","8.0000","8.0000","0.0000","0.0000"
"100009834","BOVE00680","2.0000","2.0000","2.0000","0.0000","0.0000"
"100009835","BOAL00952","2.0000","2.0000","2.0000","0.0000","0.0000"
"100009836","BOVA00700","1.0000","1.0000","1.0000","0.0000","0.0000"
"100009837","BOVE00378","2.0000","2.0000","2.0000","0.0000","0.0000"
"100009838","BOAL00941","1.0000","1.0000","1.0000","0.0000","0.0000"
"100009839","ME00C127","1.0000","0.0000","0.0000","1.0000","0.0000"
"100009840","BOVE00788","1.0000","1.0000","1.0000","0.0000","0.0000"
"100009840","BOVE00789","1.0000","1.0000","1.0000","0.0000","0.0000"
"100009841","24CAR-0381","2.0000","2.0000","2.0000","0.0000","0.0000"
"100009842","48CAR-0052","1.0000","1.0000","1.0000","0.0000","0.0000"
"100009843","49MDF-0461","1.0000","1.0000","1.0000","0.0000","0.0000"
"100009844","CCS0010015","1.0000","1.0000","1.0000","0.0000","0.0000"
"100009845","PTHE19709-00","1.0000","1.0000","1.0000","0.0000","0.0000"
"100009846","49MDF-0461","1.0000","1.0000","1.0000","0.0000","0.0000"
"100009847","PFLE47742-49","2.0000","2.0000","2.0000","0.0000","0.0000"
"100009848","BOVE00290","6.0000","6.0000","6.0000","0.0000","0.0000"
"100009848","BOVE00111","6.0000","6.0000","6.0000","0.0000","0.0000"
"100009849","PPIN48280-09","1.0000","1.0000","1.0000","0.0000","0.0000"
"100009849","PFLE47742-29","2.0000","2.0000","2.0000","0.0000","0.0000"
"100009850","48CAR-0052","1.0000","1.0000","1.0000","0.0000","0.0000"
"100009850","PCOU48280-34","1.0000","1.0000","1.0000","0.0000","0.0000"
"100009850","PPELL18513-14","1.0000","1.0000","1.0000","0.0000","0.0000"
"100009851","PVASQ44946-02","4.0000","4.0000","4.0000","0.0000","0.0000"
"100009852","BOVE00389","1.0000","1.0000","1.0000","0.0000","0.0000"
"100009852","BOVE00277","1.0000","1.0000","1.0000","0.0000","0.0000"
"100009852","BOVE00335","1.0000","1.0000","1.0000","0.0000","0.0000"
"100009852","CAR0010002","7.0000","7.0000","7.0000","0.0000","0.0000"
"100009852","CCS0030005","12.0000","12.0000","12.0000","0.0000","0.0000"
"100009852","BOVE00469","2.0000","2.0000","2.0000","0.0000","0.0000"
"100009852","BOVE00281","3.0000","3.0000","3.0000","0.0000","0.0000"
"100009852","CAR0030001","4.0000","4.0000","4.0000","0.0000","0.0000"
"100009852","BOVE00278","6.0000","6.0000","6.0000","0.0000","0.0000"
"100009852","BOVE00336","12.0000","12.0000","12.0000","0.0000","0.0000"
"100009852","BOVE00420","3.0000","3.0000","3.0000","0.0000","0.0000"
"100009852","BOVE00101","5.0000","5.0000","5.0000","0.0000","0.0000"
"100009853","49MDF-0461","1.0000","1.0000","1.0000","0.0000","0.0000"
"100009854","FREV001113","6.0000","6.0000","6.0000","0.0000","0.0000"
"100009854","LLRBUZ0149","1.0000","1.0000","1.0000","0.0000","0.0000"
"100009855","PTHE19706-00","1.0000","1.0000","1.0000","0.0000","0.0000"
"100009856","BOVE00108","2.0000","2.0000","2.0000","0.0000","0.0000"
"100009857","CCSEXP0017","1.0000","1.0000","1.0000","0.0000","0.0000"
"100009858","BOVA01475","1.0000","0.0000","0.0000","1.0000","0.0000"
"100009859","BOAL00031","17.0000","17.0000","17.0000","0.0000","0.0000"
"100009860","PPOT47607-10","1.0000","1.0000","1.0000","0.0000","0.0000"
"100009861","PFLE47742-01","1.0000","1.0000","1.0000","0.0000","0.0000"
"100009862","BOCI00576","1.0000","0.0000","0.0000","1.0000","0.0000"
"100009863","LLRBOC0081","2.0000","2.0000","2.0000","0.0000","0.0000"
"100009864","PPELL41735-20","1.0000","1.0000","1.0000","0.0000","0.0000"
"100009865","CCS0010002","6.0000","6.0000","6.0000","0.0000","0.0000"
"100009865","CCS0010005","6.0000","6.0000","6.0000","0.0000","0.0000"
"100009866","BOVE00540","1.0000","1.0000","1.0000","0.0000","0.0000"
"100009867","BOVE00156","1.0000","1.0000","1.0000","0.0000","0.0000"
"100009868","PCOU48280-47","2.0000","2.0000","2.0000","0.0000","0.0000"
"100009869","BOVA00953","6.0000","6.0000","6.0000","0.0000","0.0000"
"100009869","BOVE00255","2.0000","2.0000","2.0000","0.0000","0.0000"
"100009869","BOVE00505","1.0000","1.0000","1.0000","0.0000","0.0000"
"100009869","BOUU00037","1.0000","1.0000","1.0000","0.0000","0.0000"
"100009870","BOAL01182-BOAL00327-BOAL00328-BOAL00329-BOAL00330","1.0000","1.0000","1.0000","0.0000","0.0000"
"100009870","BOAL00327","1.0000","1.0000","1.0000","0.0000","0.0000"
"100009870","BOAL00328","1.0000","1.0000","1.0000","0.0000","0.0000"
"100009870","BOAL00329","1.0000","1.0000","1.0000","0.0000","0.0000"
"100009870","BOAL00330","1.0000","1.0000","1.0000","0.0000","0.0000"
"100009871","BGDCOL035-BGDCOL030-BGDCOL032-BGDCOL029-BGDCOL031","1.0000","0.0000","0.0000","1.0000","0.0000"
"100009871","BGDCOL030","2.0000","0.0000","0.0000","0.0000","0.0000"
"100009871","BGDCOL032","2.0000","0.0000","0.0000","0.0000","0.0000"
"100009871","BGDCOL029","2.0000","0.0000","0.0000","0.0000","0.0000"
"100009871","BGDCOL031","2.0000","0.0000","0.0000","0.0000","0.0000"
"100009871","BOVA01218","1.0000","0.0000","0.0000","1.0000","0.0000"
"100009872","BOCI00604","1.0000","0.0000","0.0000","1.0000","0.0000"
"100009872","BOCI00607","1.0000","0.0000","0.0000","1.0000","0.0000"
"100009873","BOAL01174-BOAL00317-BOAL00321-BOAL00323-BOAL00325","1.0000","1.0000","1.0000","0.0000","0.0000"
"100009873","BOAL00317","2.0000","1.0000","0.0000","0.0000","0.0000"
"100009873","BOAL00321","2.0000","1.0000","0.0000","0.0000","0.0000"
"100009873","BOAL00323","2.0000","1.0000","0.0000","0.0000","0.0000"
"100009873","BOAL00325","2.0000","1.0000","0.0000","0.0000","0.0000"
"100009874","BOAL00352","3.0000","3.0000","3.0000","0.0000","0.0000"
"100009874","BOAL00354","3.0000","3.0000","3.0000","0.0000","0.0000"
"100009875","BOAL01271-51MDF-5100-BOAL00478-BOAL00482-BOAL00484-BOAL00486-51MDF-5100","1.0000","1.0000","1.0000","0.0000","0.0000"
"100009875","BOAL00478","2.0000","1.0000","0.0000","0.0000","0.0000"
"100009875","BOAL00482","2.0000","1.0000","0.0000","0.0000","0.0000"
"100009875","BOAL00484","2.0000","1.0000","0.0000","0.0000","0.0000"
"100009875","BOAL00486","2.0000","1.0000","0.0000","0.0000","0.0000"
"100009875","51MDF-5100","1.0000","1.0000","0.0000","0.0000","0.0000"
"100009876","48CAR-0052","10.0000","10.0000","10.0000","0.0000","0.0000"
"100009877","BGDCOL047-BGDCOL044-BGDCOL046-BGDCOL045","1.0000","1.0000","1.0000","0.0000","0.0000"
"100009877","BGDCOL044","1.0000","1.0000","1.0000","0.0000","0.0000"
"100009877","BGDCOL046","1.0000","1.0000","1.0000","0.0000","0.0000"
"100009877","BGDCOL045","1.0000","1.0000","1.0000","0.0000","0.0000"
"100009878","BOAL01270-24CAR-0381-BOAL00478-BOAL00482-BOAL00484-BOAL00486-24CAR-0381","1.0000","1.0000","1.0000","0.0000","0.0000"
"100009878","BOAL00478","1.0000","1.0000","1.0000","0.0000","0.0000"
"100009878","BOAL00482","1.0000","1.0000","1.0000","0.0000","0.0000"
"100009878","BOAL00484","1.0000","1.0000","1.0000","0.0000","0.0000"
"100009878","BOAL00486","1.0000","1.0000","1.0000","0.0000","0.0000"
"100009878","24CAR-0381","1.0000","1.0000","1.0000","0.0000","0.0000"
"100009878","BOAL00487","1.0000","1.0000","1.0000","0.0000","0.0000"
"100009879","BOCI00619","2.0000","2.0000","2.0000","0.0000","0.0000"
"100009880","BAM0020004","2.0000","2.0000","2.0000","0.0000","0.0000"
"100009881","BOUU00084","1.0000","1.0000","1.0000","0.0000","0.0000"
"100009882","PMESU41604-00","1.0000","1.0000","1.0000","0.0000","0.0000"
"100009883","BAM0010003","1.0000","1.0000","1.0000","0.0000","0.0000"
"100009883","BAM0010002","1.0000","1.0000","1.0000","0.0000","0.0000"
"100009883","BAM0010004","2.0000","2.0000","2.0000","0.0000","0.0000"
"100009884","ME00027","1.0000","0.0000","0.0000","1.0000","0.0000"
"100009884","VOL00034","3.0000","0.0000","0.0000","3.0000","0.0000"
"100009885","VOL00061","1.0000","1.0000","1.0000","0.0000","0.0000"
"100009886","BOVE00384","1.0000","1.0000","1.0000","0.0000","0.0000"
"100009887","FREV001084","1.0000","1.0000","1.0000","0.0000","0.0000"
"100009887","FREV000939","1.0000","1.0000","1.0000","0.0000","0.0000"
"100009887","FREV000944","1.0000","1.0000","1.0000","0.0000","0.0000"
"100009887","FREV000941","1.0000","1.0000","1.0000","0.0000","0.0000"
"100009887","BOVA00749","1.0000","1.0000","1.0000","0.0000","0.0000"
"100009888","BOVA00754","10.0000","10.0000","10.0000","0.0000","0.0000"
"100009889","LLRCOT0079","3.0000","3.0000","3.0000","0.0000","0.0000"
"100009890","PPABAR0002","1.0000","1.0000","1.0000","0.0000","0.0000"
"100009890","CBR0050001","1.0000","1.0000","1.0000","0.0000","0.0000"
"100009890","BOVE00278","1.0000","1.0000","1.0000","0.0000","0.0000"
"100009891","CCS0010011","6.0000","6.0000","6.0000","0.0000","6.0000"
"100009891","CCS0010015","6.0000","6.0000","6.0000","0.0000","0.0000"
"100009892","BOVE00111","2.0000","2.0000","2.0000","0.0000","0.0000"
"100009892","BOVE00110","2.0000","2.0000","2.0000","0.0000","0.0000"
"100009893","BGDCAS011-BGDCAS001-BGDCAS006-BGDCAS009-BGDCAS007","2.0000","2.0000","2.0000","0.0000","0.0000"
"100009893","BGDCAS001","2.0000","1.0000","1.0000","0.0000","0.0000"
"100009893","BGDCAS006","2.0000","1.0000","1.0000","0.0000","0.0000"
"100009893","BGDCAS009","2.0000","1.0000","1.0000","0.0000","0.0000"
"100009893","BGDCAS007","2.0000","1.0000","1.0000","0.0000","0.0000"
"100009894","BET0150003-BOAL00636-BOAL00643-BOAL00645-BOAL00639","1.0000","1.0000","1.0000","0.0000","0.0000"
"100009894","BOAL00636","2.0000","1.0000","0.0000","0.0000","0.0000"
"100009894","BOAL00643","2.0000","1.0000","0.0000","0.0000","0.0000"
"100009894","BOAL00645","2.0000","1.0000","0.0000","0.0000","0.0000"
"100009894","BOAL00639","2.0000","1.0000","0.0000","0.0000","0.0000"
"100009895","BGDCAS011-BGDCAS001-BGDCAS006-BGDCAS009-BGDCAS007","3.0000","3.0000","3.0000","0.0000","0.0000"
"100009895","BGDCAS001","3.0000","1.0000","0.0000","0.0000","0.0000"
"100009895","BGDCAS006","3.0000","1.0000","0.0000","0.0000","0.0000"
"100009895","BGDCAS009","3.0000","1.0000","0.0000","0.0000","0.0000"
"100009895","BGDCAS007","3.0000","1.0000","0.0000","0.0000","0.0000"
"100009895","PCUI42901-20","1.0000","1.0000","1.0000","0.0000","0.0000"
"100009896","BOAL01244-49MDF-0461-BOAL00428-BOAL00433-BOAL00434-BOAL00436-49MDF-0461","1.0000","1.0000","1.0000","0.0000","0.0000"
"100009896","BOAL00428","2.0000","1.0000","0.0000","0.0000","0.0000"
"100009896","BOAL00433","2.0000","1.0000","0.0000","0.0000","0.0000"
"100009896","BOAL00434","2.0000","1.0000","0.0000","0.0000","0.0000"
"100009896","BOAL00436","2.0000","1.0000","0.0000","0.0000","0.0000"
"100009896","49MDF-0461","1.0000","1.0000","0.0000","0.0000","0.0000"
"100009897","BOVA00467","4.0000","4.0000","4.0000","0.0000","3.0000"
"100009898","PFLE47742-48","1.0000","1.0000","1.0000","0.0000","0.0000"
"100009898","BOCI00795","1.0000","1.0000","1.0000","0.0000","0.0000"
"100009899","ME00C127","1.0000","1.0000","1.0000","0.0000","0.0000"
"100009900","BOVE00445","1.0000","1.0000","1.0000","0.0000","0.0000"
"100009901","BGDCOL035-BGDCOL030-BGDCOL032-BGDCOL029-BGDCOL031","1.0000","1.0000","1.0000","0.0000","0.0000"
"100009901","BGDCOL030","2.0000","1.0000","0.0000","0.0000","0.0000"
"100009901","BGDCOL032","2.0000","1.0000","0.0000","0.0000","0.0000"
"100009901","BGDCOL029","2.0000","1.0000","0.0000","0.0000","0.0000"
"100009901","BGDCOL031","2.0000","1.0000","0.0000","0.0000","0.0000"
"100009901","BOVA01220","1.0000","1.0000","1.0000","0.0000","0.0000"
"100009902","BOVE00559","1.0000","1.0000","1.0000","0.0000","0.0000"
"100009903","BOVE00781","2.0000","2.0000","2.0000","0.0000","0.0000"
"100009904","PCUI41605-25","1.0000","0.0000","0.0000","1.0000","0.0000"
"100009904","BOVE00620","1.0000","0.0000","0.0000","1.0000","0.0000"
"100009905","PCUI41605-25","1.0000","0.0000","0.0000","1.0000","0.0000"
"100009905","BOVE00620","1.0000","0.0000","0.0000","1.0000","0.0000"
"100009906","BOVE00512","2.0000","2.0000","2.0000","0.0000","0.0000"
"100009907","PCUI41605-25","1.0000","1.0000","1.0000","0.0000","0.0000"
"100009907","BOVE00620","1.0000","1.0000","1.0000","0.0000","0.0000"
"100009908","PPIN48240-00","2.0000","2.0000","2.0000","0.0000","0.0000"
"100009908","BGDCOL035-BGDCOL030-BGDCOL032-BGDCOL029-BGDCOL031","1.0000","1.0000","1.0000","0.0000","0.0000"
"100009908","BGDCOL030","2.0000","1.0000","0.0000","0.0000","0.0000"
"100009908","BGDCOL032","2.0000","1.0000","0.0000","0.0000","0.0000"
"100009908","BGDCOL029","2.0000","1.0000","0.0000","0.0000","0.0000"
"100009908","BGDCOL031","2.0000","1.0000","0.0000","0.0000","0.0000"
"100009908","BOVE00797-BOVE00796-BOVE00795-BOVE00794","1.0000","1.0000","1.0000","0.0000","0.0000"
"100009908","BOVE00796","1.0000","1.0000","0.0000","0.0000","0.0000"
"100009908","BOVE00795","1.0000","1.0000","0.0000","0.0000","0.0000"
"100009908","BOVE00794","1.0000","1.0000","0.0000","0.0000","0.0000"
"100009909","PGRIL41727-28","2.0000","2.0000","2.0000","0.0000","0.0000"
"300000081","BOVE00228","12.0000","12.0000","12.0000","0.0000","0.0000"
"300000081","BOVE00290","7.0000","7.0000","7.0000","0.0000","0.0000"
"300000081","BOBB00038","2.0000","2.0000","2.0000","0.0000","0.0000"
"100009910","EME0010004","2.0000","2.0000","2.0000","0.0000","0.0000"
"100009911","BOVE00677","1.0000","0.0000","0.0000","1.0000","0.0000"
"100009912","BOVE00296","1.0000","1.0000","1.0000","0.0000","0.0000"
"100009913","BOCI00578","1.0000","1.0000","1.0000","0.0000","0.0000"
"100009913","PROU47034-52","1.0000","1.0000","1.0000","0.0000","0.0000"
"100009913","PSPA12905-45","1.0000","1.0000","1.0000","0.0000","0.0000"
"100009913","PMAR12915-35","1.0000","1.0000","1.0000","0.0000","0.0000"
"100009913","PPIN47643-40","1.0000","1.0000","1.0000","0.0000","0.0000"
"100009913","BOAL00925","1.0000","1.0000","1.0000","0.0000","0.0000"
"100009913","PRAC47621-05","1.0000","1.0000","1.0000","0.0000","0.0000"
"100009913","PCUI42901-25","1.0000","1.0000","1.0000","0.0000","0.0000"
"100009914","PCUI48280-24","2.0000","2.0000","2.0000","0.0000","0.0000"
